*vertices 1000
1 1 0.0 0.0 ellipse
2 2 0.0 0.0 ellipse
3 3 0.0 0.0 ellipse
4 4 0.0 0.0 ellipse
5 5 0.0 0.0 ellipse
6 6 0.0 0.0 ellipse
7 7 0.0 0.0 ellipse
8 8 0.0 0.0 ellipse
9 9 0.0 0.0 ellipse
10 10 0.0 0.0 ellipse
11 11 0.0 0.0 ellipse
12 12 0.0 0.0 ellipse
13 13 0.0 0.0 ellipse
14 14 0.0 0.0 ellipse
15 15 0.0 0.0 ellipse
16 16 0.0 0.0 ellipse
17 17 0.0 0.0 ellipse
18 18 0.0 0.0 ellipse
19 19 0.0 0.0 ellipse
20 20 0.0 0.0 ellipse
21 21 0.0 0.0 ellipse
22 22 0.0 0.0 ellipse
23 23 0.0 0.0 ellipse
24 24 0.0 0.0 ellipse
25 25 0.0 0.0 ellipse
26 26 0.0 0.0 ellipse
27 27 0.0 0.0 ellipse
28 28 0.0 0.0 ellipse
29 29 0.0 0.0 ellipse
30 30 0.0 0.0 ellipse
31 31 0.0 0.0 ellipse
32 32 0.0 0.0 ellipse
33 33 0.0 0.0 ellipse
34 34 0.0 0.0 ellipse
35 35 0.0 0.0 ellipse
36 36 0.0 0.0 ellipse
37 37 0.0 0.0 ellipse
38 38 0.0 0.0 ellipse
39 39 0.0 0.0 ellipse
40 40 0.0 0.0 ellipse
41 41 0.0 0.0 ellipse
42 42 0.0 0.0 ellipse
43 43 0.0 0.0 ellipse
44 44 0.0 0.0 ellipse
45 45 0.0 0.0 ellipse
46 46 0.0 0.0 ellipse
47 47 0.0 0.0 ellipse
48 48 0.0 0.0 ellipse
49 49 0.0 0.0 ellipse
50 50 0.0 0.0 ellipse
51 51 0.0 0.0 ellipse
52 52 0.0 0.0 ellipse
53 53 0.0 0.0 ellipse
54 54 0.0 0.0 ellipse
55 55 0.0 0.0 ellipse
56 56 0.0 0.0 ellipse
57 57 0.0 0.0 ellipse
58 58 0.0 0.0 ellipse
59 59 0.0 0.0 ellipse
60 60 0.0 0.0 ellipse
61 61 0.0 0.0 ellipse
62 62 0.0 0.0 ellipse
63 63 0.0 0.0 ellipse
64 64 0.0 0.0 ellipse
65 65 0.0 0.0 ellipse
66 66 0.0 0.0 ellipse
67 67 0.0 0.0 ellipse
68 68 0.0 0.0 ellipse
69 69 0.0 0.0 ellipse
70 70 0.0 0.0 ellipse
71 71 0.0 0.0 ellipse
72 72 0.0 0.0 ellipse
73 73 0.0 0.0 ellipse
74 74 0.0 0.0 ellipse
75 75 0.0 0.0 ellipse
76 76 0.0 0.0 ellipse
77 77 0.0 0.0 ellipse
78 78 0.0 0.0 ellipse
79 79 0.0 0.0 ellipse
80 80 0.0 0.0 ellipse
81 81 0.0 0.0 ellipse
82 82 0.0 0.0 ellipse
83 83 0.0 0.0 ellipse
84 84 0.0 0.0 ellipse
85 85 0.0 0.0 ellipse
86 86 0.0 0.0 ellipse
87 87 0.0 0.0 ellipse
88 88 0.0 0.0 ellipse
89 89 0.0 0.0 ellipse
90 90 0.0 0.0 ellipse
91 91 0.0 0.0 ellipse
92 92 0.0 0.0 ellipse
93 93 0.0 0.0 ellipse
94 94 0.0 0.0 ellipse
95 95 0.0 0.0 ellipse
96 96 0.0 0.0 ellipse
97 97 0.0 0.0 ellipse
98 98 0.0 0.0 ellipse
99 99 0.0 0.0 ellipse
100 100 0.0 0.0 ellipse
101 101 0.0 0.0 ellipse
102 102 0.0 0.0 ellipse
103 103 0.0 0.0 ellipse
104 104 0.0 0.0 ellipse
105 105 0.0 0.0 ellipse
106 106 0.0 0.0 ellipse
107 107 0.0 0.0 ellipse
108 108 0.0 0.0 ellipse
109 109 0.0 0.0 ellipse
110 110 0.0 0.0 ellipse
111 111 0.0 0.0 ellipse
112 112 0.0 0.0 ellipse
113 113 0.0 0.0 ellipse
114 114 0.0 0.0 ellipse
115 115 0.0 0.0 ellipse
116 116 0.0 0.0 ellipse
117 117 0.0 0.0 ellipse
118 118 0.0 0.0 ellipse
119 119 0.0 0.0 ellipse
120 120 0.0 0.0 ellipse
121 121 0.0 0.0 ellipse
122 122 0.0 0.0 ellipse
123 123 0.0 0.0 ellipse
124 124 0.0 0.0 ellipse
125 125 0.0 0.0 ellipse
126 126 0.0 0.0 ellipse
127 127 0.0 0.0 ellipse
128 128 0.0 0.0 ellipse
129 129 0.0 0.0 ellipse
130 130 0.0 0.0 ellipse
131 131 0.0 0.0 ellipse
132 132 0.0 0.0 ellipse
133 133 0.0 0.0 ellipse
134 134 0.0 0.0 ellipse
135 135 0.0 0.0 ellipse
136 136 0.0 0.0 ellipse
137 137 0.0 0.0 ellipse
138 138 0.0 0.0 ellipse
139 139 0.0 0.0 ellipse
140 140 0.0 0.0 ellipse
141 141 0.0 0.0 ellipse
142 142 0.0 0.0 ellipse
143 143 0.0 0.0 ellipse
144 144 0.0 0.0 ellipse
145 145 0.0 0.0 ellipse
146 146 0.0 0.0 ellipse
147 147 0.0 0.0 ellipse
148 148 0.0 0.0 ellipse
149 149 0.0 0.0 ellipse
150 150 0.0 0.0 ellipse
151 151 0.0 0.0 ellipse
152 152 0.0 0.0 ellipse
153 153 0.0 0.0 ellipse
154 154 0.0 0.0 ellipse
155 155 0.0 0.0 ellipse
156 156 0.0 0.0 ellipse
157 157 0.0 0.0 ellipse
158 158 0.0 0.0 ellipse
159 159 0.0 0.0 ellipse
160 160 0.0 0.0 ellipse
161 161 0.0 0.0 ellipse
162 162 0.0 0.0 ellipse
163 163 0.0 0.0 ellipse
164 164 0.0 0.0 ellipse
165 165 0.0 0.0 ellipse
166 166 0.0 0.0 ellipse
167 167 0.0 0.0 ellipse
168 168 0.0 0.0 ellipse
169 169 0.0 0.0 ellipse
170 170 0.0 0.0 ellipse
171 171 0.0 0.0 ellipse
172 172 0.0 0.0 ellipse
173 173 0.0 0.0 ellipse
174 174 0.0 0.0 ellipse
175 175 0.0 0.0 ellipse
176 176 0.0 0.0 ellipse
177 177 0.0 0.0 ellipse
178 178 0.0 0.0 ellipse
179 179 0.0 0.0 ellipse
180 180 0.0 0.0 ellipse
181 181 0.0 0.0 ellipse
182 182 0.0 0.0 ellipse
183 183 0.0 0.0 ellipse
184 184 0.0 0.0 ellipse
185 185 0.0 0.0 ellipse
186 186 0.0 0.0 ellipse
187 187 0.0 0.0 ellipse
188 188 0.0 0.0 ellipse
189 189 0.0 0.0 ellipse
190 190 0.0 0.0 ellipse
191 191 0.0 0.0 ellipse
192 192 0.0 0.0 ellipse
193 193 0.0 0.0 ellipse
194 194 0.0 0.0 ellipse
195 195 0.0 0.0 ellipse
196 196 0.0 0.0 ellipse
197 197 0.0 0.0 ellipse
198 198 0.0 0.0 ellipse
199 199 0.0 0.0 ellipse
200 200 0.0 0.0 ellipse
201 201 0.0 0.0 ellipse
202 202 0.0 0.0 ellipse
203 203 0.0 0.0 ellipse
204 204 0.0 0.0 ellipse
205 205 0.0 0.0 ellipse
206 206 0.0 0.0 ellipse
207 207 0.0 0.0 ellipse
208 208 0.0 0.0 ellipse
209 209 0.0 0.0 ellipse
210 210 0.0 0.0 ellipse
211 211 0.0 0.0 ellipse
212 212 0.0 0.0 ellipse
213 213 0.0 0.0 ellipse
214 214 0.0 0.0 ellipse
215 215 0.0 0.0 ellipse
216 216 0.0 0.0 ellipse
217 217 0.0 0.0 ellipse
218 218 0.0 0.0 ellipse
219 219 0.0 0.0 ellipse
220 220 0.0 0.0 ellipse
221 221 0.0 0.0 ellipse
222 222 0.0 0.0 ellipse
223 223 0.0 0.0 ellipse
224 224 0.0 0.0 ellipse
225 225 0.0 0.0 ellipse
226 226 0.0 0.0 ellipse
227 227 0.0 0.0 ellipse
228 228 0.0 0.0 ellipse
229 229 0.0 0.0 ellipse
230 230 0.0 0.0 ellipse
231 231 0.0 0.0 ellipse
232 232 0.0 0.0 ellipse
233 233 0.0 0.0 ellipse
234 234 0.0 0.0 ellipse
235 235 0.0 0.0 ellipse
236 236 0.0 0.0 ellipse
237 237 0.0 0.0 ellipse
238 238 0.0 0.0 ellipse
239 239 0.0 0.0 ellipse
240 240 0.0 0.0 ellipse
241 241 0.0 0.0 ellipse
242 242 0.0 0.0 ellipse
243 243 0.0 0.0 ellipse
244 244 0.0 0.0 ellipse
245 245 0.0 0.0 ellipse
246 246 0.0 0.0 ellipse
247 247 0.0 0.0 ellipse
248 248 0.0 0.0 ellipse
249 249 0.0 0.0 ellipse
250 250 0.0 0.0 ellipse
251 251 0.0 0.0 ellipse
252 252 0.0 0.0 ellipse
253 253 0.0 0.0 ellipse
254 254 0.0 0.0 ellipse
255 255 0.0 0.0 ellipse
256 256 0.0 0.0 ellipse
257 257 0.0 0.0 ellipse
258 258 0.0 0.0 ellipse
259 259 0.0 0.0 ellipse
260 260 0.0 0.0 ellipse
261 261 0.0 0.0 ellipse
262 262 0.0 0.0 ellipse
263 263 0.0 0.0 ellipse
264 264 0.0 0.0 ellipse
265 265 0.0 0.0 ellipse
266 266 0.0 0.0 ellipse
267 267 0.0 0.0 ellipse
268 268 0.0 0.0 ellipse
269 269 0.0 0.0 ellipse
270 270 0.0 0.0 ellipse
271 271 0.0 0.0 ellipse
272 272 0.0 0.0 ellipse
273 273 0.0 0.0 ellipse
274 274 0.0 0.0 ellipse
275 275 0.0 0.0 ellipse
276 276 0.0 0.0 ellipse
277 277 0.0 0.0 ellipse
278 278 0.0 0.0 ellipse
279 279 0.0 0.0 ellipse
280 280 0.0 0.0 ellipse
281 281 0.0 0.0 ellipse
282 282 0.0 0.0 ellipse
283 283 0.0 0.0 ellipse
284 284 0.0 0.0 ellipse
285 285 0.0 0.0 ellipse
286 286 0.0 0.0 ellipse
287 287 0.0 0.0 ellipse
288 288 0.0 0.0 ellipse
289 289 0.0 0.0 ellipse
290 290 0.0 0.0 ellipse
291 291 0.0 0.0 ellipse
292 292 0.0 0.0 ellipse
293 293 0.0 0.0 ellipse
294 294 0.0 0.0 ellipse
295 295 0.0 0.0 ellipse
296 296 0.0 0.0 ellipse
297 297 0.0 0.0 ellipse
298 298 0.0 0.0 ellipse
299 299 0.0 0.0 ellipse
300 300 0.0 0.0 ellipse
301 301 0.0 0.0 ellipse
302 302 0.0 0.0 ellipse
303 303 0.0 0.0 ellipse
304 304 0.0 0.0 ellipse
305 305 0.0 0.0 ellipse
306 306 0.0 0.0 ellipse
307 307 0.0 0.0 ellipse
308 308 0.0 0.0 ellipse
309 309 0.0 0.0 ellipse
310 310 0.0 0.0 ellipse
311 311 0.0 0.0 ellipse
312 312 0.0 0.0 ellipse
313 313 0.0 0.0 ellipse
314 314 0.0 0.0 ellipse
315 315 0.0 0.0 ellipse
316 316 0.0 0.0 ellipse
317 317 0.0 0.0 ellipse
318 318 0.0 0.0 ellipse
319 319 0.0 0.0 ellipse
320 320 0.0 0.0 ellipse
321 321 0.0 0.0 ellipse
322 322 0.0 0.0 ellipse
323 323 0.0 0.0 ellipse
324 324 0.0 0.0 ellipse
325 325 0.0 0.0 ellipse
326 326 0.0 0.0 ellipse
327 327 0.0 0.0 ellipse
328 328 0.0 0.0 ellipse
329 329 0.0 0.0 ellipse
330 330 0.0 0.0 ellipse
331 331 0.0 0.0 ellipse
332 332 0.0 0.0 ellipse
333 333 0.0 0.0 ellipse
334 334 0.0 0.0 ellipse
335 335 0.0 0.0 ellipse
336 336 0.0 0.0 ellipse
337 337 0.0 0.0 ellipse
338 338 0.0 0.0 ellipse
339 339 0.0 0.0 ellipse
340 340 0.0 0.0 ellipse
341 341 0.0 0.0 ellipse
342 342 0.0 0.0 ellipse
343 343 0.0 0.0 ellipse
344 344 0.0 0.0 ellipse
345 345 0.0 0.0 ellipse
346 346 0.0 0.0 ellipse
347 347 0.0 0.0 ellipse
348 348 0.0 0.0 ellipse
349 349 0.0 0.0 ellipse
350 350 0.0 0.0 ellipse
351 351 0.0 0.0 ellipse
352 352 0.0 0.0 ellipse
353 353 0.0 0.0 ellipse
354 354 0.0 0.0 ellipse
355 355 0.0 0.0 ellipse
356 356 0.0 0.0 ellipse
357 357 0.0 0.0 ellipse
358 358 0.0 0.0 ellipse
359 359 0.0 0.0 ellipse
360 360 0.0 0.0 ellipse
361 361 0.0 0.0 ellipse
362 362 0.0 0.0 ellipse
363 363 0.0 0.0 ellipse
364 364 0.0 0.0 ellipse
365 365 0.0 0.0 ellipse
366 366 0.0 0.0 ellipse
367 367 0.0 0.0 ellipse
368 368 0.0 0.0 ellipse
369 369 0.0 0.0 ellipse
370 370 0.0 0.0 ellipse
371 371 0.0 0.0 ellipse
372 372 0.0 0.0 ellipse
373 373 0.0 0.0 ellipse
374 374 0.0 0.0 ellipse
375 375 0.0 0.0 ellipse
376 376 0.0 0.0 ellipse
377 377 0.0 0.0 ellipse
378 378 0.0 0.0 ellipse
379 379 0.0 0.0 ellipse
380 380 0.0 0.0 ellipse
381 381 0.0 0.0 ellipse
382 382 0.0 0.0 ellipse
383 383 0.0 0.0 ellipse
384 384 0.0 0.0 ellipse
385 385 0.0 0.0 ellipse
386 386 0.0 0.0 ellipse
387 387 0.0 0.0 ellipse
388 388 0.0 0.0 ellipse
389 389 0.0 0.0 ellipse
390 390 0.0 0.0 ellipse
391 391 0.0 0.0 ellipse
392 392 0.0 0.0 ellipse
393 393 0.0 0.0 ellipse
394 394 0.0 0.0 ellipse
395 395 0.0 0.0 ellipse
396 396 0.0 0.0 ellipse
397 397 0.0 0.0 ellipse
398 398 0.0 0.0 ellipse
399 399 0.0 0.0 ellipse
400 400 0.0 0.0 ellipse
401 401 0.0 0.0 ellipse
402 402 0.0 0.0 ellipse
403 403 0.0 0.0 ellipse
404 404 0.0 0.0 ellipse
405 405 0.0 0.0 ellipse
406 406 0.0 0.0 ellipse
407 407 0.0 0.0 ellipse
408 408 0.0 0.0 ellipse
409 409 0.0 0.0 ellipse
410 410 0.0 0.0 ellipse
411 411 0.0 0.0 ellipse
412 412 0.0 0.0 ellipse
413 413 0.0 0.0 ellipse
414 414 0.0 0.0 ellipse
415 415 0.0 0.0 ellipse
416 416 0.0 0.0 ellipse
417 417 0.0 0.0 ellipse
418 418 0.0 0.0 ellipse
419 419 0.0 0.0 ellipse
420 420 0.0 0.0 ellipse
421 421 0.0 0.0 ellipse
422 422 0.0 0.0 ellipse
423 423 0.0 0.0 ellipse
424 424 0.0 0.0 ellipse
425 425 0.0 0.0 ellipse
426 426 0.0 0.0 ellipse
427 427 0.0 0.0 ellipse
428 428 0.0 0.0 ellipse
429 429 0.0 0.0 ellipse
430 430 0.0 0.0 ellipse
431 431 0.0 0.0 ellipse
432 432 0.0 0.0 ellipse
433 433 0.0 0.0 ellipse
434 434 0.0 0.0 ellipse
435 435 0.0 0.0 ellipse
436 436 0.0 0.0 ellipse
437 437 0.0 0.0 ellipse
438 438 0.0 0.0 ellipse
439 439 0.0 0.0 ellipse
440 440 0.0 0.0 ellipse
441 441 0.0 0.0 ellipse
442 442 0.0 0.0 ellipse
443 443 0.0 0.0 ellipse
444 444 0.0 0.0 ellipse
445 445 0.0 0.0 ellipse
446 446 0.0 0.0 ellipse
447 447 0.0 0.0 ellipse
448 448 0.0 0.0 ellipse
449 449 0.0 0.0 ellipse
450 450 0.0 0.0 ellipse
451 451 0.0 0.0 ellipse
452 452 0.0 0.0 ellipse
453 453 0.0 0.0 ellipse
454 454 0.0 0.0 ellipse
455 455 0.0 0.0 ellipse
456 456 0.0 0.0 ellipse
457 457 0.0 0.0 ellipse
458 458 0.0 0.0 ellipse
459 459 0.0 0.0 ellipse
460 460 0.0 0.0 ellipse
461 461 0.0 0.0 ellipse
462 462 0.0 0.0 ellipse
463 463 0.0 0.0 ellipse
464 464 0.0 0.0 ellipse
465 465 0.0 0.0 ellipse
466 466 0.0 0.0 ellipse
467 467 0.0 0.0 ellipse
468 468 0.0 0.0 ellipse
469 469 0.0 0.0 ellipse
470 470 0.0 0.0 ellipse
471 471 0.0 0.0 ellipse
472 472 0.0 0.0 ellipse
473 473 0.0 0.0 ellipse
474 474 0.0 0.0 ellipse
475 475 0.0 0.0 ellipse
476 476 0.0 0.0 ellipse
477 477 0.0 0.0 ellipse
478 478 0.0 0.0 ellipse
479 479 0.0 0.0 ellipse
480 480 0.0 0.0 ellipse
481 481 0.0 0.0 ellipse
482 482 0.0 0.0 ellipse
483 483 0.0 0.0 ellipse
484 484 0.0 0.0 ellipse
485 485 0.0 0.0 ellipse
486 486 0.0 0.0 ellipse
487 487 0.0 0.0 ellipse
488 488 0.0 0.0 ellipse
489 489 0.0 0.0 ellipse
490 490 0.0 0.0 ellipse
491 491 0.0 0.0 ellipse
492 492 0.0 0.0 ellipse
493 493 0.0 0.0 ellipse
494 494 0.0 0.0 ellipse
495 495 0.0 0.0 ellipse
496 496 0.0 0.0 ellipse
497 497 0.0 0.0 ellipse
498 498 0.0 0.0 ellipse
499 499 0.0 0.0 ellipse
500 500 0.0 0.0 ellipse
501 501 0.0 0.0 ellipse
502 502 0.0 0.0 ellipse
503 503 0.0 0.0 ellipse
504 504 0.0 0.0 ellipse
505 505 0.0 0.0 ellipse
506 506 0.0 0.0 ellipse
507 507 0.0 0.0 ellipse
508 508 0.0 0.0 ellipse
509 509 0.0 0.0 ellipse
510 510 0.0 0.0 ellipse
511 511 0.0 0.0 ellipse
512 512 0.0 0.0 ellipse
513 513 0.0 0.0 ellipse
514 514 0.0 0.0 ellipse
515 515 0.0 0.0 ellipse
516 516 0.0 0.0 ellipse
517 517 0.0 0.0 ellipse
518 518 0.0 0.0 ellipse
519 519 0.0 0.0 ellipse
520 520 0.0 0.0 ellipse
521 521 0.0 0.0 ellipse
522 522 0.0 0.0 ellipse
523 523 0.0 0.0 ellipse
524 524 0.0 0.0 ellipse
525 525 0.0 0.0 ellipse
526 526 0.0 0.0 ellipse
527 527 0.0 0.0 ellipse
528 528 0.0 0.0 ellipse
529 529 0.0 0.0 ellipse
530 530 0.0 0.0 ellipse
531 531 0.0 0.0 ellipse
532 532 0.0 0.0 ellipse
533 533 0.0 0.0 ellipse
534 534 0.0 0.0 ellipse
535 535 0.0 0.0 ellipse
536 536 0.0 0.0 ellipse
537 537 0.0 0.0 ellipse
538 538 0.0 0.0 ellipse
539 539 0.0 0.0 ellipse
540 540 0.0 0.0 ellipse
541 541 0.0 0.0 ellipse
542 542 0.0 0.0 ellipse
543 543 0.0 0.0 ellipse
544 544 0.0 0.0 ellipse
545 545 0.0 0.0 ellipse
546 546 0.0 0.0 ellipse
547 547 0.0 0.0 ellipse
548 548 0.0 0.0 ellipse
549 549 0.0 0.0 ellipse
550 550 0.0 0.0 ellipse
551 551 0.0 0.0 ellipse
552 552 0.0 0.0 ellipse
553 553 0.0 0.0 ellipse
554 554 0.0 0.0 ellipse
555 555 0.0 0.0 ellipse
556 556 0.0 0.0 ellipse
557 557 0.0 0.0 ellipse
558 558 0.0 0.0 ellipse
559 559 0.0 0.0 ellipse
560 560 0.0 0.0 ellipse
561 561 0.0 0.0 ellipse
562 562 0.0 0.0 ellipse
563 563 0.0 0.0 ellipse
564 564 0.0 0.0 ellipse
565 565 0.0 0.0 ellipse
566 566 0.0 0.0 ellipse
567 567 0.0 0.0 ellipse
568 568 0.0 0.0 ellipse
569 569 0.0 0.0 ellipse
570 570 0.0 0.0 ellipse
571 571 0.0 0.0 ellipse
572 572 0.0 0.0 ellipse
573 573 0.0 0.0 ellipse
574 574 0.0 0.0 ellipse
575 575 0.0 0.0 ellipse
576 576 0.0 0.0 ellipse
577 577 0.0 0.0 ellipse
578 578 0.0 0.0 ellipse
579 579 0.0 0.0 ellipse
580 580 0.0 0.0 ellipse
581 581 0.0 0.0 ellipse
582 582 0.0 0.0 ellipse
583 583 0.0 0.0 ellipse
584 584 0.0 0.0 ellipse
585 585 0.0 0.0 ellipse
586 586 0.0 0.0 ellipse
587 587 0.0 0.0 ellipse
588 588 0.0 0.0 ellipse
589 589 0.0 0.0 ellipse
590 590 0.0 0.0 ellipse
591 591 0.0 0.0 ellipse
592 592 0.0 0.0 ellipse
593 593 0.0 0.0 ellipse
594 594 0.0 0.0 ellipse
595 595 0.0 0.0 ellipse
596 596 0.0 0.0 ellipse
597 597 0.0 0.0 ellipse
598 598 0.0 0.0 ellipse
599 599 0.0 0.0 ellipse
600 600 0.0 0.0 ellipse
601 601 0.0 0.0 ellipse
602 602 0.0 0.0 ellipse
603 603 0.0 0.0 ellipse
604 604 0.0 0.0 ellipse
605 605 0.0 0.0 ellipse
606 606 0.0 0.0 ellipse
607 607 0.0 0.0 ellipse
608 608 0.0 0.0 ellipse
609 609 0.0 0.0 ellipse
610 610 0.0 0.0 ellipse
611 611 0.0 0.0 ellipse
612 612 0.0 0.0 ellipse
613 613 0.0 0.0 ellipse
614 614 0.0 0.0 ellipse
615 615 0.0 0.0 ellipse
616 616 0.0 0.0 ellipse
617 617 0.0 0.0 ellipse
618 618 0.0 0.0 ellipse
619 619 0.0 0.0 ellipse
620 620 0.0 0.0 ellipse
621 621 0.0 0.0 ellipse
622 622 0.0 0.0 ellipse
623 623 0.0 0.0 ellipse
624 624 0.0 0.0 ellipse
625 625 0.0 0.0 ellipse
626 626 0.0 0.0 ellipse
627 627 0.0 0.0 ellipse
628 628 0.0 0.0 ellipse
629 629 0.0 0.0 ellipse
630 630 0.0 0.0 ellipse
631 631 0.0 0.0 ellipse
632 632 0.0 0.0 ellipse
633 633 0.0 0.0 ellipse
634 634 0.0 0.0 ellipse
635 635 0.0 0.0 ellipse
636 636 0.0 0.0 ellipse
637 637 0.0 0.0 ellipse
638 638 0.0 0.0 ellipse
639 639 0.0 0.0 ellipse
640 640 0.0 0.0 ellipse
641 641 0.0 0.0 ellipse
642 642 0.0 0.0 ellipse
643 643 0.0 0.0 ellipse
644 644 0.0 0.0 ellipse
645 645 0.0 0.0 ellipse
646 646 0.0 0.0 ellipse
647 647 0.0 0.0 ellipse
648 648 0.0 0.0 ellipse
649 649 0.0 0.0 ellipse
650 650 0.0 0.0 ellipse
651 651 0.0 0.0 ellipse
652 652 0.0 0.0 ellipse
653 653 0.0 0.0 ellipse
654 654 0.0 0.0 ellipse
655 655 0.0 0.0 ellipse
656 656 0.0 0.0 ellipse
657 657 0.0 0.0 ellipse
658 658 0.0 0.0 ellipse
659 659 0.0 0.0 ellipse
660 660 0.0 0.0 ellipse
661 661 0.0 0.0 ellipse
662 662 0.0 0.0 ellipse
663 663 0.0 0.0 ellipse
664 664 0.0 0.0 ellipse
665 665 0.0 0.0 ellipse
666 666 0.0 0.0 ellipse
667 667 0.0 0.0 ellipse
668 668 0.0 0.0 ellipse
669 669 0.0 0.0 ellipse
670 670 0.0 0.0 ellipse
671 671 0.0 0.0 ellipse
672 672 0.0 0.0 ellipse
673 673 0.0 0.0 ellipse
674 674 0.0 0.0 ellipse
675 675 0.0 0.0 ellipse
676 676 0.0 0.0 ellipse
677 677 0.0 0.0 ellipse
678 678 0.0 0.0 ellipse
679 679 0.0 0.0 ellipse
680 680 0.0 0.0 ellipse
681 681 0.0 0.0 ellipse
682 682 0.0 0.0 ellipse
683 683 0.0 0.0 ellipse
684 684 0.0 0.0 ellipse
685 685 0.0 0.0 ellipse
686 686 0.0 0.0 ellipse
687 687 0.0 0.0 ellipse
688 688 0.0 0.0 ellipse
689 689 0.0 0.0 ellipse
690 690 0.0 0.0 ellipse
691 691 0.0 0.0 ellipse
692 692 0.0 0.0 ellipse
693 693 0.0 0.0 ellipse
694 694 0.0 0.0 ellipse
695 695 0.0 0.0 ellipse
696 696 0.0 0.0 ellipse
697 697 0.0 0.0 ellipse
698 698 0.0 0.0 ellipse
699 699 0.0 0.0 ellipse
700 700 0.0 0.0 ellipse
701 701 0.0 0.0 ellipse
702 702 0.0 0.0 ellipse
703 703 0.0 0.0 ellipse
704 704 0.0 0.0 ellipse
705 705 0.0 0.0 ellipse
706 706 0.0 0.0 ellipse
707 707 0.0 0.0 ellipse
708 708 0.0 0.0 ellipse
709 709 0.0 0.0 ellipse
710 710 0.0 0.0 ellipse
711 711 0.0 0.0 ellipse
712 712 0.0 0.0 ellipse
713 713 0.0 0.0 ellipse
714 714 0.0 0.0 ellipse
715 715 0.0 0.0 ellipse
716 716 0.0 0.0 ellipse
717 717 0.0 0.0 ellipse
718 718 0.0 0.0 ellipse
719 719 0.0 0.0 ellipse
720 720 0.0 0.0 ellipse
721 721 0.0 0.0 ellipse
722 722 0.0 0.0 ellipse
723 723 0.0 0.0 ellipse
724 724 0.0 0.0 ellipse
725 725 0.0 0.0 ellipse
726 726 0.0 0.0 ellipse
727 727 0.0 0.0 ellipse
728 728 0.0 0.0 ellipse
729 729 0.0 0.0 ellipse
730 730 0.0 0.0 ellipse
731 731 0.0 0.0 ellipse
732 732 0.0 0.0 ellipse
733 733 0.0 0.0 ellipse
734 734 0.0 0.0 ellipse
735 735 0.0 0.0 ellipse
736 736 0.0 0.0 ellipse
737 737 0.0 0.0 ellipse
738 738 0.0 0.0 ellipse
739 739 0.0 0.0 ellipse
740 740 0.0 0.0 ellipse
741 741 0.0 0.0 ellipse
742 742 0.0 0.0 ellipse
743 743 0.0 0.0 ellipse
744 744 0.0 0.0 ellipse
745 745 0.0 0.0 ellipse
746 746 0.0 0.0 ellipse
747 747 0.0 0.0 ellipse
748 748 0.0 0.0 ellipse
749 749 0.0 0.0 ellipse
750 750 0.0 0.0 ellipse
751 751 0.0 0.0 ellipse
752 752 0.0 0.0 ellipse
753 753 0.0 0.0 ellipse
754 754 0.0 0.0 ellipse
755 755 0.0 0.0 ellipse
756 756 0.0 0.0 ellipse
757 757 0.0 0.0 ellipse
758 758 0.0 0.0 ellipse
759 759 0.0 0.0 ellipse
760 760 0.0 0.0 ellipse
761 761 0.0 0.0 ellipse
762 762 0.0 0.0 ellipse
763 763 0.0 0.0 ellipse
764 764 0.0 0.0 ellipse
765 765 0.0 0.0 ellipse
766 766 0.0 0.0 ellipse
767 767 0.0 0.0 ellipse
768 768 0.0 0.0 ellipse
769 769 0.0 0.0 ellipse
770 770 0.0 0.0 ellipse
771 771 0.0 0.0 ellipse
772 772 0.0 0.0 ellipse
773 773 0.0 0.0 ellipse
774 774 0.0 0.0 ellipse
775 775 0.0 0.0 ellipse
776 776 0.0 0.0 ellipse
777 777 0.0 0.0 ellipse
778 778 0.0 0.0 ellipse
779 779 0.0 0.0 ellipse
780 780 0.0 0.0 ellipse
781 781 0.0 0.0 ellipse
782 782 0.0 0.0 ellipse
783 783 0.0 0.0 ellipse
784 784 0.0 0.0 ellipse
785 785 0.0 0.0 ellipse
786 786 0.0 0.0 ellipse
787 787 0.0 0.0 ellipse
788 788 0.0 0.0 ellipse
789 789 0.0 0.0 ellipse
790 790 0.0 0.0 ellipse
791 791 0.0 0.0 ellipse
792 792 0.0 0.0 ellipse
793 793 0.0 0.0 ellipse
794 794 0.0 0.0 ellipse
795 795 0.0 0.0 ellipse
796 796 0.0 0.0 ellipse
797 797 0.0 0.0 ellipse
798 798 0.0 0.0 ellipse
799 799 0.0 0.0 ellipse
800 800 0.0 0.0 ellipse
801 801 0.0 0.0 ellipse
802 802 0.0 0.0 ellipse
803 803 0.0 0.0 ellipse
804 804 0.0 0.0 ellipse
805 805 0.0 0.0 ellipse
806 806 0.0 0.0 ellipse
807 807 0.0 0.0 ellipse
808 808 0.0 0.0 ellipse
809 809 0.0 0.0 ellipse
810 810 0.0 0.0 ellipse
811 811 0.0 0.0 ellipse
812 812 0.0 0.0 ellipse
813 813 0.0 0.0 ellipse
814 814 0.0 0.0 ellipse
815 815 0.0 0.0 ellipse
816 816 0.0 0.0 ellipse
817 817 0.0 0.0 ellipse
818 818 0.0 0.0 ellipse
819 819 0.0 0.0 ellipse
820 820 0.0 0.0 ellipse
821 821 0.0 0.0 ellipse
822 822 0.0 0.0 ellipse
823 823 0.0 0.0 ellipse
824 824 0.0 0.0 ellipse
825 825 0.0 0.0 ellipse
826 826 0.0 0.0 ellipse
827 827 0.0 0.0 ellipse
828 828 0.0 0.0 ellipse
829 829 0.0 0.0 ellipse
830 830 0.0 0.0 ellipse
831 831 0.0 0.0 ellipse
832 832 0.0 0.0 ellipse
833 833 0.0 0.0 ellipse
834 834 0.0 0.0 ellipse
835 835 0.0 0.0 ellipse
836 836 0.0 0.0 ellipse
837 837 0.0 0.0 ellipse
838 838 0.0 0.0 ellipse
839 839 0.0 0.0 ellipse
840 840 0.0 0.0 ellipse
841 841 0.0 0.0 ellipse
842 842 0.0 0.0 ellipse
843 843 0.0 0.0 ellipse
844 844 0.0 0.0 ellipse
845 845 0.0 0.0 ellipse
846 846 0.0 0.0 ellipse
847 847 0.0 0.0 ellipse
848 848 0.0 0.0 ellipse
849 849 0.0 0.0 ellipse
850 850 0.0 0.0 ellipse
851 851 0.0 0.0 ellipse
852 852 0.0 0.0 ellipse
853 853 0.0 0.0 ellipse
854 854 0.0 0.0 ellipse
855 855 0.0 0.0 ellipse
856 856 0.0 0.0 ellipse
857 857 0.0 0.0 ellipse
858 858 0.0 0.0 ellipse
859 859 0.0 0.0 ellipse
860 860 0.0 0.0 ellipse
861 861 0.0 0.0 ellipse
862 862 0.0 0.0 ellipse
863 863 0.0 0.0 ellipse
864 864 0.0 0.0 ellipse
865 865 0.0 0.0 ellipse
866 866 0.0 0.0 ellipse
867 867 0.0 0.0 ellipse
868 868 0.0 0.0 ellipse
869 869 0.0 0.0 ellipse
870 870 0.0 0.0 ellipse
871 871 0.0 0.0 ellipse
872 872 0.0 0.0 ellipse
873 873 0.0 0.0 ellipse
874 874 0.0 0.0 ellipse
875 875 0.0 0.0 ellipse
876 876 0.0 0.0 ellipse
877 877 0.0 0.0 ellipse
878 878 0.0 0.0 ellipse
879 879 0.0 0.0 ellipse
880 880 0.0 0.0 ellipse
881 881 0.0 0.0 ellipse
882 882 0.0 0.0 ellipse
883 883 0.0 0.0 ellipse
884 884 0.0 0.0 ellipse
885 885 0.0 0.0 ellipse
886 886 0.0 0.0 ellipse
887 887 0.0 0.0 ellipse
888 888 0.0 0.0 ellipse
889 889 0.0 0.0 ellipse
890 890 0.0 0.0 ellipse
891 891 0.0 0.0 ellipse
892 892 0.0 0.0 ellipse
893 893 0.0 0.0 ellipse
894 894 0.0 0.0 ellipse
895 895 0.0 0.0 ellipse
896 896 0.0 0.0 ellipse
897 897 0.0 0.0 ellipse
898 898 0.0 0.0 ellipse
899 899 0.0 0.0 ellipse
900 900 0.0 0.0 ellipse
901 901 0.0 0.0 ellipse
902 902 0.0 0.0 ellipse
903 903 0.0 0.0 ellipse
904 904 0.0 0.0 ellipse
905 905 0.0 0.0 ellipse
906 906 0.0 0.0 ellipse
907 907 0.0 0.0 ellipse
908 908 0.0 0.0 ellipse
909 909 0.0 0.0 ellipse
910 910 0.0 0.0 ellipse
911 911 0.0 0.0 ellipse
912 912 0.0 0.0 ellipse
913 913 0.0 0.0 ellipse
914 914 0.0 0.0 ellipse
915 915 0.0 0.0 ellipse
916 916 0.0 0.0 ellipse
917 917 0.0 0.0 ellipse
918 918 0.0 0.0 ellipse
919 919 0.0 0.0 ellipse
920 920 0.0 0.0 ellipse
921 921 0.0 0.0 ellipse
922 922 0.0 0.0 ellipse
923 923 0.0 0.0 ellipse
924 924 0.0 0.0 ellipse
925 925 0.0 0.0 ellipse
926 926 0.0 0.0 ellipse
927 927 0.0 0.0 ellipse
928 928 0.0 0.0 ellipse
929 929 0.0 0.0 ellipse
930 930 0.0 0.0 ellipse
931 931 0.0 0.0 ellipse
932 932 0.0 0.0 ellipse
933 933 0.0 0.0 ellipse
934 934 0.0 0.0 ellipse
935 935 0.0 0.0 ellipse
936 936 0.0 0.0 ellipse
937 937 0.0 0.0 ellipse
938 938 0.0 0.0 ellipse
939 939 0.0 0.0 ellipse
940 940 0.0 0.0 ellipse
941 941 0.0 0.0 ellipse
942 942 0.0 0.0 ellipse
943 943 0.0 0.0 ellipse
944 944 0.0 0.0 ellipse
945 945 0.0 0.0 ellipse
946 946 0.0 0.0 ellipse
947 947 0.0 0.0 ellipse
948 948 0.0 0.0 ellipse
949 949 0.0 0.0 ellipse
950 950 0.0 0.0 ellipse
951 951 0.0 0.0 ellipse
952 952 0.0 0.0 ellipse
953 953 0.0 0.0 ellipse
954 954 0.0 0.0 ellipse
955 955 0.0 0.0 ellipse
956 956 0.0 0.0 ellipse
957 957 0.0 0.0 ellipse
958 958 0.0 0.0 ellipse
959 959 0.0 0.0 ellipse
960 960 0.0 0.0 ellipse
961 961 0.0 0.0 ellipse
962 962 0.0 0.0 ellipse
963 963 0.0 0.0 ellipse
964 964 0.0 0.0 ellipse
965 965 0.0 0.0 ellipse
966 966 0.0 0.0 ellipse
967 967 0.0 0.0 ellipse
968 968 0.0 0.0 ellipse
969 969 0.0 0.0 ellipse
970 970 0.0 0.0 ellipse
971 971 0.0 0.0 ellipse
972 972 0.0 0.0 ellipse
973 973 0.0 0.0 ellipse
974 974 0.0 0.0 ellipse
975 975 0.0 0.0 ellipse
976 976 0.0 0.0 ellipse
977 977 0.0 0.0 ellipse
978 978 0.0 0.0 ellipse
979 979 0.0 0.0 ellipse
980 980 0.0 0.0 ellipse
981 981 0.0 0.0 ellipse
982 982 0.0 0.0 ellipse
983 983 0.0 0.0 ellipse
984 984 0.0 0.0 ellipse
985 985 0.0 0.0 ellipse
986 986 0.0 0.0 ellipse
987 987 0.0 0.0 ellipse
988 988 0.0 0.0 ellipse
989 989 0.0 0.0 ellipse
990 990 0.0 0.0 ellipse
991 991 0.0 0.0 ellipse
992 992 0.0 0.0 ellipse
993 993 0.0 0.0 ellipse
994 994 0.0 0.0 ellipse
995 995 0.0 0.0 ellipse
996 996 0.0 0.0 ellipse
997 997 0.0 0.0 ellipse
998 998 0.0 0.0 ellipse
999 999 0.0 0.0 ellipse
1000 1000 0.0 0.0 ellipse
*edges
1 897 1.0
1 298 1.0
1 855 1.0
1 206 1.0
1 938 1.0
1 528 1.0
1 18 1.0
1 14 1.0
1 822 1.0
1 439 1.0
1 570 1.0
1 479 1.0
1 638 1.0
1 670 1.0
1 213 1.0
2 198 1.0
2 358 1.0
2 743 1.0
2 905 1.0
2 119 1.0
2 663 1.0
2 879 1.0
2 80 1.0
2 692 1.0
2 599 1.0
2 120 1.0
2 249 1.0
2 794 1.0
2 636 1.0
3 993 1.0
3 34 1.0
3 803 1.0
3 966 1.0
3 617 1.0
3 759 1.0
3 588 1.0
3 173 1.0
3 13 1.0
3 41 1.0
3 567 1.0
3 376 1.0
3 343 1.0
3 634 1.0
3 367 1.0
3 124 1.0
3 907 1.0
4 704 1.0
4 897 1.0
4 325 1.0
4 198 1.0
4 584 1.0
4 695 1.0
4 332 1.0
4 244 1.0
4 279 1.0
4 826 1.0
4 670 1.0
4 895 1.0
5 513 1.0
5 610 1.0
5 427 1.0
5 325 1.0
5 150 1.0
5 58 1.0
5 431 1.0
5 701 1.0
5 254 1.0
5 527 1.0
6 718 1.0
6 864 1.0
6 178 1.0
6 837 1.0
6 631 1.0
6 72 1.0
6 889 1.0
6 973 1.0
6 78 1.0
6 191 1.0
7 86 1.0
7 487 1.0
7 746 1.0
7 699 1.0
7 396 1.0
7 221 1.0
7 414 1.0
7 223 1.0
8 66 1.0
8 739 1.0
8 357 1.0
8 518 1.0
8 713 1.0
8 714 1.0
8 988 1.0
8 114 1.0
8 887 1.0
8 217 1.0
8 922 1.0
8 731 1.0
8 101 1.0
8 37 1.0
9 837 1.0
9 264 1.0
9 41 1.0
9 266 1.0
9 875 1.0
9 268 1.0
9 525 1.0
9 531 1.0
9 724 1.0
9 277 1.0
9 566 1.0
9 137 1.0
9 408 1.0
9 764 1.0
10 728 1.0
10 224 1.0
10 896 1.0
10 949 1.0
10 249 1.0
11 130 1.0
11 900 1.0
11 292 1.0
11 726 1.0
11 294 1.0
11 327 1.0
11 651 1.0
11 957 1.0
11 20 1.0
11 854 1.0
11 217 1.0
11 90 1.0
11 699 1.0
11 925 1.0
11 926 1.0
11 415 1.0
12 33 1.0
12 386 1.0
12 371 1.0
12 276 1.0
12 163 1.0
12 563 1.0
12 408 1.0
12 20 1.0
12 675 1.0
12 605 1.0
12 766 1.0
13 770 1.0
13 358 1.0
13 72 1.0
13 426 1.0
13 492 1.0
13 494 1.0
13 15 1.0
13 899 1.0
13 217 1.0
13 666 1.0
13 191 1.0
14 736 1.0
14 258 1.0
14 875 1.0
14 822 1.0
14 489 1.0
14 234 1.0
14 811 1.0
14 16 1.0
14 753 1.0
14 147 1.0
14 949 1.0
14 54 1.0
14 759 1.0
14 831 1.0
14 86 1.0
14 734 1.0
14 159 1.0
15 125 1.0
15 468 1.0
15 901 1.0
15 518 1.0
15 489 1.0
15 604 1.0
15 300 1.0
15 943 1.0
16 609 1.0
16 645 1.0
16 422 1.0
16 519 1.0
16 395 1.0
16 908 1.0
16 557 1.0
16 270 1.0
16 775 1.0
16 945 1.0
16 50 1.0
16 340 1.0
16 462 1.0
16 532 1.0
16 698 1.0
16 700 1.0
17 528 1.0
17 226 1.0
17 499 1.0
17 675 1.0
17 808 1.0
17 460 1.0
17 159 1.0
18 131 1.0
18 999 1.0
18 43 1.0
18 558 1.0
18 791 1.0
18 82 1.0
18 579 1.0
18 887 1.0
18 504 1.0
18 218 1.0
18 27 1.0
18 511 1.0
19 144 1.0
19 993 1.0
19 67 1.0
19 214 1.0
19 806 1.0
19 937 1.0
19 926 1.0
19 911 1.0
20 962 1.0
20 434 1.0
20 259 1.0
20 918 1.0
20 774 1.0
20 876 1.0
20 858 1.0
20 301 1.0
20 47 1.0
21 289 1.0
21 706 1.0
21 841 1.0
21 395 1.0
21 236 1.0
21 685 1.0
21 253 1.0
21 144 1.0
21 659 1.0
21 917 1.0
21 214 1.0
21 951 1.0
21 953 1.0
21 765 1.0
22 880 1.0
22 642 1.0
22 835 1.0
22 964 1.0
22 680 1.0
22 317 1.0
22 701 1.0
22 784 1.0
22 437 1.0
22 663 1.0
22 477 1.0
22 94 1.0
22 639 1.0
23 416 1.0
23 964 1.0
23 662 1.0
23 807 1.0
23 296 1.0
23 457 1.0
23 171 1.0
23 268 1.0
23 782 1.0
23 626 1.0
23 180 1.0
23 501 1.0
23 54 1.0
23 735 1.0
23 701 1.0
23 574 1.0
23 287 1.0
24 930 1.0
24 99 1.0
24 532 1.0
24 742 1.0
24 842 1.0
24 507 1.0
24 387 1.0
24 746 1.0
24 798 1.0
25 961 1.0
25 35 1.0
25 299 1.0
25 690 1.0
25 336 1.0
25 351 1.0
25 227 1.0
25 212 1.0
25 56 1.0
25 921 1.0
25 698 1.0
25 155 1.0
25 30 1.0
25 927 1.0
26 353 1.0
26 611 1.0
26 532 1.0
26 965 1.0
26 182 1.0
26 583 1.0
26 852 1.0
26 522 1.0
26 123 1.0
26 348 1.0
26 403 1.0
27 803 1.0
27 806 1.0
27 583 1.0
27 936 1.0
27 364 1.0
27 914 1.0
27 744 1.0
27 596 1.0
27 917 1.0
27 182 1.0
27 72 1.0
27 634 1.0
27 190 1.0
28 482 1.0
28 467 1.0
28 809 1.0
28 655 1.0
28 962 1.0
28 143 1.0
29 49 1.0
29 82 1.0
29 893 1.0
29 965 1.0
29 327 1.0
29 521 1.0
29 201 1.0
29 162 1.0
29 238 1.0
29 783 1.0
30 817 1.0
30 530 1.0
30 580 1.0
30 789 1.0
30 203 1.0
30 972 1.0
30 702 1.0
30 735 1.0
31 544 1.0
31 545 1.0
31 643 1.0
31 773 1.0
31 220 1.0
31 946 1.0
31 944 1.0
31 658 1.0
31 883 1.0
31 564 1.0
31 472 1.0
31 217 1.0
31 956 1.0
31 829 1.0
32 352 1.0
32 129 1.0
32 98 1.0
32 483 1.0
32 228 1.0
32 517 1.0
32 523 1.0
32 43 1.0
32 492 1.0
32 207 1.0
32 628 1.0
32 52 1.0
32 61 1.0
33 802 1.0
33 936 1.0
33 796 1.0
33 42 1.0
33 651 1.0
33 206 1.0
33 93 1.0
33 648 1.0
33 974 1.0
33 215 1.0
33 824 1.0
33 604 1.0
33 541 1.0
33 446 1.0
34 833 1.0
34 356 1.0
34 902 1.0
34 103 1.0
34 713 1.0
34 937 1.0
34 494 1.0
34 511 1.0
35 208 1.0
35 530 1.0
35 437 1.0
35 967 1.0
35 58 1.0
35 779 1.0
35 671 1.0
36 744 1.0
36 936 1.0
36 533 1.0
36 311 1.0
36 376 1.0
36 985 1.0
36 583 1.0
36 334 1.0
36 143 1.0
37 996 1.0
37 999 1.0
37 796 1.0
37 139 1.0
37 654 1.0
37 239 1.0
37 180 1.0
37 277 1.0
37 503 1.0
37 917 1.0
37 633 1.0
37 71 1.0
37 827 1.0
37 124 1.0
37 190 1.0
37 159 1.0
38 953 1.0
38 396 1.0
38 153 1.0
38 329 1.0
38 58 1.0
38 380 1.0
38 254 1.0
39 899 1.0
39 789 1.0
39 726 1.0
39 552 1.0
39 473 1.0
39 843 1.0
39 413 1.0
39 734 1.0
40 416 1.0
40 97 1.0
40 275 1.0
40 548 1.0
40 661 1.0
40 217 1.0
40 954 1.0
40 330 1.0
40 253 1.0
40 910 1.0
40 757 1.0
41 181 1.0
41 681 1.0
41 664 1.0
41 236 1.0
41 205 1.0
41 879 1.0
42 656 1.0
42 715 1.0
42 678 1.0
42 321 1.0
42 953 1.0
42 746 1.0
42 247 1.0
42 174 1.0
43 481 1.0
43 197 1.0
43 710 1.0
43 200 1.0
43 300 1.0
43 718 1.0
43 879 1.0
43 464 1.0
43 371 1.0
43 439 1.0
43 409 1.0
44 970 1.0
44 696 1.0
44 212 1.0
44 232 1.0
44 298 1.0
44 335 1.0
44 284 1.0
44 728 1.0
44 767 1.0
45 176 1.0
45 417 1.0
45 136 1.0
45 949 1.0
45 407 1.0
45 968 1.0
45 217 1.0
45 618 1.0
45 491 1.0
45 748 1.0
45 965 1.0
46 624 1.0
46 465 1.0
46 530 1.0
46 483 1.0
46 819 1.0
46 433 1.0
46 615 1.0
46 672 1.0
46 527 1.0
46 776 1.0
46 655 1.0
47 960 1.0
47 645 1.0
47 390 1.0
47 616 1.0
47 458 1.0
47 813 1.0
47 944 1.0
47 883 1.0
47 373 1.0
47 511 1.0
47 955 1.0
47 252 1.0
47 382 1.0
47 821 1.0
48 738 1.0
48 522 1.0
48 930 1.0
48 335 1.0
48 753 1.0
48 883 1.0
48 852 1.0
48 280 1.0
48 921 1.0
48 570 1.0
48 444 1.0
48 95 1.0
49 875 1.0
49 950 1.0
49 871 1.0
49 857 1.0
49 602 1.0
49 559 1.0
49 975 1.0
50 140 1.0
50 435 1.0
50 647 1.0
50 764 1.0
50 903 1.0
50 828 1.0
50 841 1.0
51 97 1.0
51 738 1.0
51 324 1.0
51 229 1.0
51 614 1.0
51 455 1.0
51 361 1.0
51 588 1.0
51 369 1.0
51 248 1.0
51 475 1.0
51 61 1.0
52 544 1.0
52 484 1.0
52 165 1.0
52 144 1.0
52 817 1.0
52 179 1.0
52 212 1.0
52 405 1.0
52 856 1.0
52 120 1.0
52 340 1.0
52 922 1.0
52 571 1.0
52 734 1.0
53 224 1.0
53 289 1.0
53 277 1.0
53 998 1.0
53 417 1.0
53 172 1.0
53 266 1.0
53 428 1.0
53 621 1.0
53 143 1.0
54 226 1.0
54 358 1.0
54 489 1.0
54 108 1.0
54 738 1.0
54 849 1.0
54 914 1.0
54 246 1.0
54 249 1.0
54 447 1.0
55 544 1.0
55 246 1.0
55 164 1.0
55 421 1.0
55 934 1.0
55 513 1.0
55 904 1.0
55 729 1.0
55 653 1.0
55 989 1.0
55 722 1.0
55 372 1.0
55 437 1.0
55 726 1.0
55 495 1.0
55 537 1.0
55 443 1.0
55 118 1.0
55 677 1.0
56 100 1.0
56 517 1.0
56 872 1.0
56 874 1.0
56 504 1.0
56 850 1.0
56 533 1.0
56 869 1.0
56 696 1.0
56 602 1.0
56 181 1.0
57 195 1.0
57 164 1.0
57 245 1.0
57 231 1.0
57 776 1.0
57 826 1.0
57 346 1.0
57 381 1.0
57 62 1.0
57 813 1.0
58 928 1.0
58 97 1.0
58 450 1.0
58 359 1.0
58 458 1.0
58 267 1.0
58 289 1.0
58 113 1.0
58 82 1.0
58 855 1.0
58 473 1.0
58 94 1.0
59 470 1.0
59 87 1.0
59 792 1.0
59 607 1.0
59 316 1.0
59 941 1.0
59 846 1.0
59 799 1.0
60 720 1.0
60 290 1.0
60 123 1.0
60 788 1.0
60 711 1.0
60 408 1.0
60 843 1.0
60 875 1.0
60 622 1.0
61 256 1.0
61 544 1.0
61 611 1.0
61 215 1.0
61 168 1.0
61 776 1.0
61 936 1.0
62 741 1.0
62 449 1.0
62 482 1.0
62 261 1.0
62 358 1.0
62 330 1.0
62 76 1.0
62 909 1.0
62 976 1.0
62 913 1.0
62 371 1.0
62 117 1.0
62 631 1.0
62 223 1.0
63 289 1.0
63 325 1.0
63 294 1.0
63 167 1.0
63 104 1.0
63 714 1.0
63 811 1.0
63 365 1.0
63 143 1.0
63 414 1.0
63 342 1.0
63 670 1.0
63 152 1.0
63 702 1.0
63 703 1.0
64 521 1.0
64 101 1.0
64 422 1.0
64 357 1.0
64 553 1.0
64 887 1.0
64 306 1.0
64 918 1.0
64 921 1.0
64 529 1.0
64 370 1.0
64 435 1.0
64 819 1.0
64 245 1.0
64 886 1.0
64 489 1.0
64 473 1.0
64 539 1.0
64 382 1.0
64 191 1.0
65 705 1.0
65 260 1.0
65 774 1.0
65 71 1.0
65 905 1.0
65 170 1.0
65 919 1.0
65 622 1.0
65 303 1.0
65 369 1.0
65 884 1.0
65 537 1.0
65 888 1.0
65 324 1.0
65 570 1.0
65 442 1.0
66 97 1.0
66 684 1.0
66 965 1.0
66 257 1.0
66 361 1.0
66 682 1.0
66 823 1.0
66 364 1.0
66 365 1.0
66 687 1.0
66 593 1.0
66 406 1.0
66 777 1.0
66 536 1.0
66 924 1.0
66 833 1.0
67 992 1.0
67 115 1.0
67 100 1.0
67 613 1.0
67 839 1.0
67 489 1.0
67 970 1.0
67 172 1.0
67 621 1.0
67 911 1.0
67 748 1.0
67 343 1.0
67 248 1.0
67 890 1.0
67 931 1.0
68 371 1.0
68 884 1.0
68 982 1.0
68 70 1.0
68 451 1.0
68 553 1.0
68 924 1.0
68 363 1.0
68 220 1.0
68 397 1.0
68 270 1.0
69 747 1.0
69 548 1.0
69 213 1.0
69 615 1.0
69 313 1.0
69 695 1.0
69 923 1.0
69 349 1.0
69 606 1.0
69 287 1.0
70 913 1.0
70 225 1.0
70 162 1.0
70 646 1.0
70 233 1.0
70 687 1.0
70 265 1.0
70 139 1.0
70 418 1.0
70 829 1.0
71 626 1.0
71 875 1.0
71 116 1.0
71 217 1.0
71 285 1.0
71 863 1.0
71 658 1.0
71 382 1.0
71 197 1.0
72 450 1.0
72 581 1.0
72 585 1.0
72 393 1.0
72 410 1.0
72 748 1.0
72 175 1.0
73 400 1.0
73 291 1.0
73 276 1.0
73 469 1.0
73 694 1.0
73 151 1.0
73 712 1.0
73 511 1.0
74 272 1.0
74 801 1.0
74 149 1.0
74 991 1.0
74 649 1.0
74 121 1.0
74 847 1.0
74 206 1.0
74 495 1.0
75 768 1.0
75 641 1.0
75 355 1.0
75 999 1.0
75 328 1.0
75 685 1.0
75 584 1.0
75 306 1.0
75 276 1.0
75 310 1.0
75 572 1.0
75 413 1.0
76 256 1.0
76 98 1.0
76 740 1.0
76 331 1.0
76 853 1.0
76 141 1.0
76 590 1.0
76 653 1.0
76 497 1.0
76 467 1.0
76 660 1.0
76 558 1.0
76 758 1.0
76 343 1.0
76 376 1.0
76 574 1.0
76 253 1.0
76 661 1.0
77 496 1.0
77 177 1.0
77 884 1.0
77 678 1.0
77 806 1.0
77 449 1.0
77 204 1.0
78 720 1.0
78 754 1.0
78 917 1.0
78 1000 1.0
78 473 1.0
78 538 1.0
78 781 1.0
78 990 1.0
78 271 1.0
79 785 1.0
79 532 1.0
79 569 1.0
79 484 1.0
79 858 1.0
79 295 1.0
80 107 1.0
80 134 1.0
80 136 1.0
80 105 1.0
80 427 1.0
80 140 1.0
80 930 1.0
80 434 1.0
80 787 1.0
80 661 1.0
80 506 1.0
80 700 1.0
80 917 1.0
81 321 1.0
81 82 1.0
81 404 1.0
81 582 1.0
81 906 1.0
81 89 1.0
81 922 1.0
81 475 1.0
81 445 1.0
81 226 1.0
81 607 1.0
82 256 1.0
82 512 1.0
82 682 1.0
82 614 1.0
82 327 1.0
82 844 1.0
82 234 1.0
82 268 1.0
82 368 1.0
82 371 1.0
82 439 1.0
82 657 1.0
82 972 1.0
82 764 1.0
82 952 1.0
83 578 1.0
83 166 1.0
83 427 1.0
83 716 1.0
83 962 1.0
83 857 1.0
83 176 1.0
83 533 1.0
83 535 1.0
83 505 1.0
83 764 1.0
83 477 1.0
83 831 1.0
84 544 1.0
84 115 1.0
84 199 1.0
84 867 1.0
84 156 1.0
84 231 1.0
84 220 1.0
84 942 1.0
84 863 1.0
85 953 1.0
85 278 1.0
85 230 1.0
85 937 1.0
85 168 1.0
85 809 1.0
85 861 1.0
86 939 1.0
86 99 1.0
86 293 1.0
86 744 1.0
86 234 1.0
86 203 1.0
86 620 1.0
86 269 1.0
86 528 1.0
86 952 1.0
86 406 1.0
86 664 1.0
86 156 1.0
86 990 1.0
87 824 1.0
87 547 1.0
87 577 1.0
87 919 1.0
87 152 1.0
87 521 1.0
87 316 1.0
87 158 1.0
87 463 1.0
88 480 1.0
88 672 1.0
88 242 1.0
88 295 1.0
88 473 1.0
88 359 1.0
88 674 1.0
88 350 1.0
89 588 1.0
89 867 1.0
89 552 1.0
89 201 1.0
89 331 1.0
89 172 1.0
89 205 1.0
89 880 1.0
89 210 1.0
89 211 1.0
89 660 1.0
89 821 1.0
89 498 1.0
89 873 1.0
89 280 1.0
89 700 1.0
89 735 1.0
90 238 1.0
90 898 1.0
90 219 1.0
90 341 1.0
90 876 1.0
90 825 1.0
90 700 1.0
90 829 1.0
90 702 1.0
90 367 1.0
91 768 1.0
91 832 1.0
91 450 1.0
91 835 1.0
91 698 1.0
91 103 1.0
91 361 1.0
91 204 1.0
91 718 1.0
91 336 1.0
91 465 1.0
91 818 1.0
91 638 1.0
91 503 1.0
91 792 1.0
91 186 1.0
91 219 1.0
91 541 1.0
91 798 1.0
91 575 1.0
92 224 1.0
92 318 1.0
92 862 1.0
92 149 1.0
92 168 1.0
92 217 1.0
92 506 1.0
92 524 1.0
92 206 1.0
93 562 1.0
93 259 1.0
93 766 1.0
93 182 1.0
93 328 1.0
93 235 1.0
93 780 1.0
93 317 1.0
93 462 1.0
94 481 1.0
94 742 1.0
94 545 1.0
94 874 1.0
94 487 1.0
94 396 1.0
94 541 1.0
94 743 1.0
94 827 1.0
94 570 1.0
95 480 1.0
95 786 1.0
95 171 1.0
95 528 1.0
95 560 1.0
95 713 1.0
95 119 1.0
95 668 1.0
95 110 1.0
95 863 1.0
96 230 1.0
96 532 1.0
96 486 1.0
96 518 1.0
96 842 1.0
96 683 1.0
96 268 1.0
96 101 1.0
97 304 1.0
97 782 1.0
97 761 1.0
97 867 1.0
97 206 1.0
97 447 1.0
98 582 1.0
98 807 1.0
98 847 1.0
98 143 1.0
98 115 1.0
98 789 1.0
98 216 1.0
98 953 1.0
98 411 1.0
98 412 1.0
98 477 1.0
99 811 1.0
99 647 1.0
99 840 1.0
99 334 1.0
99 338 1.0
99 596 1.0
99 534 1.0
99 855 1.0
99 792 1.0
99 666 1.0
99 668 1.0
99 797 1.0
99 736 1.0
99 102 1.0
99 806 1.0
99 424 1.0
99 747 1.0
99 687 1.0
99 243 1.0
99 308 1.0
99 404 1.0
100 288 1.0
100 642 1.0
100 516 1.0
100 325 1.0
100 679 1.0
100 909 1.0
100 681 1.0
100 107 1.0
100 813 1.0
100 110 1.0
100 397 1.0
100 946 1.0
100 867 1.0
100 985 1.0
100 939 1.0
100 667 1.0
101 416 1.0
101 386 1.0
101 230 1.0
101 657 1.0
101 128 1.0
101 523 1.0
101 108 1.0
101 526 1.0
101 144 1.0
101 273 1.0
101 723 1.0
101 852 1.0
101 317 1.0
101 574 1.0
102 339 1.0
102 657 1.0
102 730 1.0
102 489 1.0
102 680 1.0
102 313 1.0
102 136 1.0
102 829 1.0
102 259 1.0
102 559 1.0
103 584 1.0
103 425 1.0
103 938 1.0
103 748 1.0
103 946 1.0
103 876 1.0
103 690 1.0
103 915 1.0
103 245 1.0
103 137 1.0
103 508 1.0
103 991 1.0
104 355 1.0
104 650 1.0
104 943 1.0
104 686 1.0
104 287 1.0
105 482 1.0
105 516 1.0
105 652 1.0
105 462 1.0
105 754 1.0
105 558 1.0
105 472 1.0
105 665 1.0
105 186 1.0
105 442 1.0
105 863 1.0
106 256 1.0
106 546 1.0
106 969 1.0
106 471 1.0
106 493 1.0
106 655 1.0
106 214 1.0
106 535 1.0
106 538 1.0
106 346 1.0
106 222 1.0
106 127 1.0
107 611 1.0
107 182 1.0
107 714 1.0
107 371 1.0
107 562 1.0
107 195 1.0
107 630 1.0
107 933 1.0
107 120 1.0
107 697 1.0
107 990 1.0
107 447 1.0
108 320 1.0
108 279 1.0
108 984 1.0
108 572 1.0
108 383 1.0
109 339 1.0
109 291 1.0
109 361 1.0
109 714 1.0
109 908 1.0
109 621 1.0
109 589 1.0
109 433 1.0
109 435 1.0
109 212 1.0
109 533 1.0
109 150 1.0
109 276 1.0
109 922 1.0
109 283 1.0
109 988 1.0
109 159 1.0
110 929 1.0
110 773 1.0
110 198 1.0
110 657 1.0
110 617 1.0
110 203 1.0
110 337 1.0
110 681 1.0
110 570 1.0
110 637 1.0
111 296 1.0
111 787 1.0
111 190 1.0
111 993 1.0
111 184 1.0
111 267 1.0
111 525 1.0
111 494 1.0
111 421 1.0
112 194 1.0
112 724 1.0
112 261 1.0
112 774 1.0
112 967 1.0
112 872 1.0
112 998 1.0
112 986 1.0
112 126 1.0
112 879 1.0
113 473 1.0
113 923 1.0
113 359 1.0
113 588 1.0
113 468 1.0
113 567 1.0
113 504 1.0
113 308 1.0
113 315 1.0
113 506 1.0
113 190 1.0
114 674 1.0
114 356 1.0
114 677 1.0
114 390 1.0
114 583 1.0
114 551 1.0
114 944 1.0
114 838 1.0
114 693 1.0
114 730 1.0
114 997 1.0
115 784 1.0
115 374 1.0
115 183 1.0
115 395 1.0
115 477 1.0
116 928 1.0
116 454 1.0
116 136 1.0
116 298 1.0
116 687 1.0
116 723 1.0
116 695 1.0
116 344 1.0
116 153 1.0
116 815 1.0
116 828 1.0
117 128 1.0
117 947 1.0
117 468 1.0
117 526 1.0
117 825 1.0
117 473 1.0
117 363 1.0
117 844 1.0
118 336 1.0
118 603 1.0
118 357 1.0
118 929 1.0
118 328 1.0
118 713 1.0
118 304 1.0
118 229 1.0
118 596 1.0
118 853 1.0
118 571 1.0
118 933 1.0
119 328 1.0
119 547 1.0
119 162 1.0
119 424 1.0
119 514 1.0
119 142 1.0
119 207 1.0
119 560 1.0
119 433 1.0
119 221 1.0
119 726 1.0
119 279 1.0
119 634 1.0
119 699 1.0
119 476 1.0
119 413 1.0
120 769 1.0
120 232 1.0
120 616 1.0
120 810 1.0
120 717 1.0
120 653 1.0
120 848 1.0
120 593 1.0
120 151 1.0
120 298 1.0
120 509 1.0
121 545 1.0
121 610 1.0
121 771 1.0
121 797 1.0
121 457 1.0
121 908 1.0
121 399 1.0
121 243 1.0
121 948 1.0
121 277 1.0
121 566 1.0
121 183 1.0
121 568 1.0
121 890 1.0
121 444 1.0
121 957 1.0
121 510 1.0
121 556 1.0
122 160 1.0
122 452 1.0
122 886 1.0
122 809 1.0
122 488 1.0
122 713 1.0
122 980 1.0
122 255 1.0
123 944 1.0
123 483 1.0
123 581 1.0
123 854 1.0
123 779 1.0
123 572 1.0
123 411 1.0
123 397 1.0
124 706 1.0
124 134 1.0
124 201 1.0
124 746 1.0
124 748 1.0
124 461 1.0
124 398 1.0
124 431 1.0
124 689 1.0
124 508 1.0
124 565 1.0
124 617 1.0
124 284 1.0
124 426 1.0
125 128 1.0
125 864 1.0
125 818 1.0
125 789 1.0
125 485 1.0
125 380 1.0
125 891 1.0
125 572 1.0
125 290 1.0
125 990 1.0
126 400 1.0
126 354 1.0
126 259 1.0
126 838 1.0
126 707 1.0
126 243 1.0
126 922 1.0
127 768 1.0
127 260 1.0
127 977 1.0
127 488 1.0
127 812 1.0
127 237 1.0
127 142 1.0
127 621 1.0
127 368 1.0
127 472 1.0
127 856 1.0
127 570 1.0
127 765 1.0
127 734 1.0
128 279 1.0
128 234 1.0
128 935 1.0
128 251 1.0
129 544 1.0
129 914 1.0
129 149 1.0
129 376 1.0
129 649 1.0
129 925 1.0
129 335 1.0
130 483 1.0
130 485 1.0
130 425 1.0
130 530 1.0
130 681 1.0
130 943 1.0
130 242 1.0
130 407 1.0
130 169 1.0
130 797 1.0
130 959 1.0
131 448 1.0
131 856 1.0
131 634 1.0
131 827 1.0
131 462 1.0
131 623 1.0
132 704 1.0
132 660 1.0
132 244 1.0
132 343 1.0
132 328 1.0
132 409 1.0
132 804 1.0
132 251 1.0
132 815 1.0
133 501 1.0
133 953 1.0
133 522 1.0
133 315 1.0
133 332 1.0
133 901 1.0
134 400 1.0
134 659 1.0
134 789 1.0
134 665 1.0
134 872 1.0
134 700 1.0
135 928 1.0
135 561 1.0
135 612 1.0
135 645 1.0
135 913 1.0
135 615 1.0
135 985 1.0
135 732 1.0
135 557 1.0
135 334 1.0
136 240 1.0
136 460 1.0
136 622 1.0
136 558 1.0
136 568 1.0
136 852 1.0
136 634 1.0
136 285 1.0
137 737 1.0
137 803 1.0
137 260 1.0
137 423 1.0
137 522 1.0
137 265 1.0
137 621 1.0
137 594 1.0
137 725 1.0
137 374 1.0
137 951 1.0
137 568 1.0
137 507 1.0
137 252 1.0
137 746 1.0
137 574 1.0
138 257 1.0
138 831 1.0
138 723 1.0
138 949 1.0
138 685 1.0
138 217 1.0
138 153 1.0
138 903 1.0
138 316 1.0
138 461 1.0
138 767 1.0
139 161 1.0
139 690 1.0
139 980 1.0
139 543 1.0
139 666 1.0
139 463 1.0
139 590 1.0
139 271 1.0
140 817 1.0
140 683 1.0
140 341 1.0
140 298 1.0
140 843 1.0
140 882 1.0
140 941 1.0
141 448 1.0
141 992 1.0
141 912 1.0
141 806 1.0
141 999 1.0
141 714 1.0
141 144 1.0
141 657 1.0
141 786 1.0
141 345 1.0
141 458 1.0
142 161 1.0
142 200 1.0
142 821 1.0
142 491 1.0
142 302 1.0
142 977 1.0
142 594 1.0
142 660 1.0
142 718 1.0
142 534 1.0
142 952 1.0
142 441 1.0
143 256 1.0
143 746 1.0
143 387 1.0
143 645 1.0
143 857 1.0
143 935 1.0
143 393 1.0
143 713 1.0
143 263 1.0
143 590 1.0
143 243 1.0
143 404 1.0
143 430 1.0
143 356 1.0
143 903 1.0
143 189 1.0
144 656 1.0
144 767 1.0
144 421 1.0
144 166 1.0
144 682 1.0
144 557 1.0
144 208 1.0
144 985 1.0
144 986 1.0
144 859 1.0
144 319 1.0
145 192 1.0
145 305 1.0
145 581 1.0
145 599 1.0
145 505 1.0
145 620 1.0
145 301 1.0
146 832 1.0
146 323 1.0
146 295 1.0
146 552 1.0
146 891 1.0
146 689 1.0
146 979 1.0
146 150 1.0
146 311 1.0
146 867 1.0
146 316 1.0
146 989 1.0
147 418 1.0
147 810 1.0
147 443 1.0
147 684 1.0
147 845 1.0
147 302 1.0
147 325 1.0
148 320 1.0
148 897 1.0
148 386 1.0
148 326 1.0
148 775 1.0
148 714 1.0
148 429 1.0
148 302 1.0
148 495 1.0
148 976 1.0
148 849 1.0
148 598 1.0
148 732 1.0
149 576 1.0
149 645 1.0
149 688 1.0
149 714 1.0
149 911 1.0
149 912 1.0
149 384 1.0
149 405 1.0
149 599 1.0
149 600 1.0
149 225 1.0
149 166 1.0
149 807 1.0
149 680 1.0
149 682 1.0
149 432 1.0
149 630 1.0
149 234 1.0
149 699 1.0
150 701 1.0
150 765 1.0
150 634 1.0
150 831 1.0
150 370 1.0
150 798 1.0
151 733 1.0
151 629 1.0
151 759 1.0
151 698 1.0
151 842 1.0
151 394 1.0
151 959 1.0
152 960 1.0
152 767 1.0
152 771 1.0
152 365 1.0
152 741 1.0
152 598 1.0
152 396 1.0
152 973 1.0
152 927 1.0
153 547 1.0
153 517 1.0
153 712 1.0
153 587 1.0
153 205 1.0
153 463 1.0
153 241 1.0
153 409 1.0
153 250 1.0
153 667 1.0
154 528 1.0
154 512 1.0
154 899 1.0
154 643 1.0
154 949 1.0
154 887 1.0
154 716 1.0
154 285 1.0
154 286 1.0
154 995 1.0
155 758 1.0
155 340 1.0
155 870 1.0
155 982 1.0
155 714 1.0
155 557 1.0
156 488 1.0
156 245 1.0
156 646 1.0
156 216 1.0
156 443 1.0
156 574 1.0
157 437 1.0
157 441 1.0
157 905 1.0
157 443 1.0
157 844 1.0
157 205 1.0
157 878 1.0
157 239 1.0
158 592 1.0
158 433 1.0
158 803 1.0
158 835 1.0
158 199 1.0
158 380 1.0
158 714 1.0
158 716 1.0
158 399 1.0
159 565 1.0
159 163 1.0
159 382 1.0
159 483 1.0
160 368 1.0
160 608 1.0
160 403 1.0
160 532 1.0
160 806 1.0
160 824 1.0
160 852 1.0
160 907 1.0
160 940 1.0
160 477 1.0
161 289 1.0
161 538 1.0
161 833 1.0
161 296 1.0
161 747 1.0
161 861 1.0
161 400 1.0
161 369 1.0
161 949 1.0
161 666 1.0
161 732 1.0
161 602 1.0
162 673 1.0
162 934 1.0
162 810 1.0
162 951 1.0
162 716 1.0
162 916 1.0
162 990 1.0
162 855 1.0
162 215 1.0
163 256 1.0
163 683 1.0
163 196 1.0
163 549 1.0
163 360 1.0
163 524 1.0
163 971 1.0
163 467 1.0
163 168 1.0
163 531 1.0
163 181 1.0
163 398 1.0
163 875 1.0
164 688 1.0
164 736 1.0
164 817 1.0
164 467 1.0
164 199 1.0
164 635 1.0
164 777 1.0
164 752 1.0
165 352 1.0
165 583 1.0
165 808 1.0
165 593 1.0
165 370 1.0
165 949 1.0
165 566 1.0
165 503 1.0
165 507 1.0
165 604 1.0
165 829 1.0
165 894 1.0
166 610 1.0
166 868 1.0
166 933 1.0
166 966 1.0
166 839 1.0
166 906 1.0
166 747 1.0
166 972 1.0
166 903 1.0
166 708 1.0
166 671 1.0
166 191 1.0
167 891 1.0
167 438 1.0
167 807 1.0
167 524 1.0
167 363 1.0
167 556 1.0
167 557 1.0
167 528 1.0
167 785 1.0
167 627 1.0
167 470 1.0
167 383 1.0
167 700 1.0
168 627 1.0
168 322 1.0
168 422 1.0
168 243 1.0
168 252 1.0
168 650 1.0
168 939 1.0
168 418 1.0
168 434 1.0
168 775 1.0
168 178 1.0
168 211 1.0
168 564 1.0
168 662 1.0
168 471 1.0
168 507 1.0
168 511 1.0
169 672 1.0
169 981 1.0
169 485 1.0
169 934 1.0
169 391 1.0
169 426 1.0
169 524 1.0
169 949 1.0
169 374 1.0
169 633 1.0
169 921 1.0
169 538 1.0
169 381 1.0
169 223 1.0
170 288 1.0
170 418 1.0
170 901 1.0
170 710 1.0
170 491 1.0
170 621 1.0
170 885 1.0
170 279 1.0
170 952 1.0
170 475 1.0
170 764 1.0
170 221 1.0
171 497 1.0
171 611 1.0
171 988 1.0
171 721 1.0
171 492 1.0
171 958 1.0
172 736 1.0
172 481 1.0
172 968 1.0
172 864 1.0
172 696 1.0
172 653 1.0
172 662 1.0
173 324 1.0
173 304 1.0
173 273 1.0
173 210 1.0
173 531 1.0
173 247 1.0
173 228 1.0
173 346 1.0
173 347 1.0
173 894 1.0
173 507 1.0
174 513 1.0
174 1000 1.0
174 777 1.0
174 330 1.0
174 670 1.0
175 978 1.0
175 950 1.0
175 742 1.0
175 695 1.0
175 845 1.0
175 766 1.0
175 751 1.0
176 260 1.0
176 965 1.0
176 214 1.0
176 311 1.0
176 940 1.0
176 858 1.0
176 732 1.0
177 339 1.0
177 807 1.0
177 732 1.0
177 748 1.0
177 863 1.0
178 861 1.0
178 724 1.0
178 214 1.0
178 326 1.0
178 988 1.0
178 539 1.0
178 582 1.0
178 394 1.0
178 341 1.0
179 834 1.0
179 583 1.0
179 523 1.0
179 684 1.0
179 882 1.0
179 686 1.0
179 562 1.0
179 531 1.0
179 438 1.0
179 600 1.0
179 283 1.0
179 188 1.0
179 926 1.0
180 448 1.0
180 772 1.0
180 535 1.0
180 217 1.0
180 412 1.0
180 188 1.0
180 365 1.0
180 711 1.0
181 209 1.0
181 754 1.0
181 787 1.0
181 430 1.0
181 215 1.0
181 426 1.0
181 295 1.0
181 649 1.0
182 259 1.0
182 455 1.0
182 639 1.0
182 937 1.0
182 397 1.0
182 336 1.0
182 626 1.0
182 405 1.0
182 216 1.0
182 474 1.0
182 476 1.0
182 319 1.0
183 644 1.0
183 935 1.0
183 680 1.0
183 681 1.0
183 942 1.0
183 381 1.0
183 689 1.0
183 406 1.0
183 216 1.0
183 218 1.0
183 932 1.0
183 829 1.0
184 715 1.0
184 846 1.0
184 423 1.0
184 488 1.0
184 457 1.0
184 841 1.0
184 873 1.0
184 338 1.0
184 469 1.0
184 887 1.0
184 920 1.0
184 859 1.0
184 188 1.0
184 958 1.0
185 907 1.0
185 518 1.0
185 745 1.0
185 202 1.0
185 603 1.0
185 765 1.0
186 513 1.0
186 485 1.0
186 454 1.0
186 391 1.0
186 1000 1.0
186 492 1.0
186 340 1.0
186 432 1.0
186 339 1.0
186 564 1.0
186 533 1.0
186 724 1.0
186 762 1.0
186 731 1.0
186 954 1.0
186 382 1.0
187 610 1.0
187 839 1.0
187 746 1.0
187 300 1.0
187 798 1.0
187 575 1.0
188 772 1.0
188 677 1.0
188 266 1.0
188 727 1.0
188 437 1.0
188 502 1.0
188 439 1.0
188 280 1.0
188 308 1.0
188 507 1.0
188 298 1.0
189 416 1.0
189 459 1.0
189 390 1.0
189 903 1.0
189 1000 1.0
189 458 1.0
189 999 1.0
189 849 1.0
189 915 1.0
189 561 1.0
189 600 1.0
189 463 1.0
189 394 1.0
189 670 1.0
190 706 1.0
190 582 1.0
190 488 1.0
190 972 1.0
190 944 1.0
190 888 1.0
190 633 1.0
190 282 1.0
190 901 1.0
190 383 1.0
191 571 1.0
191 901 1.0
191 423 1.0
191 906 1.0
191 647 1.0
191 342 1.0
191 933 1.0
191 667 1.0
192 193 1.0
192 515 1.0
192 872 1.0
192 491 1.0
192 435 1.0
192 824 1.0
192 595 1.0
192 500 1.0
192 694 1.0
192 279 1.0
192 761 1.0
192 473 1.0
193 546 1.0
193 939 1.0
193 359 1.0
193 328 1.0
193 252 1.0
193 551 1.0
193 498 1.0
193 915 1.0
193 952 1.0
193 473 1.0
193 571 1.0
193 604 1.0
193 381 1.0
194 289 1.0
194 977 1.0
194 749 1.0
194 558 1.0
194 303 1.0
194 337 1.0
194 340 1.0
194 918 1.0
194 760 1.0
194 756 1.0
194 506 1.0
195 832 1.0
195 621 1.0
195 867 1.0
195 293 1.0
195 502 1.0
195 975 1.0
195 939 1.0
195 646 1.0
195 901 1.0
196 734 1.0
196 294 1.0
196 695 1.0
196 363 1.0
196 812 1.0
196 717 1.0
196 206 1.0
196 461 1.0
197 256 1.0
197 321 1.0
197 226 1.0
197 770 1.0
197 677 1.0
197 978 1.0
197 746 1.0
197 717 1.0
197 238 1.0
197 655 1.0
197 880 1.0
197 687 1.0
197 366 1.0
197 346 1.0
197 539 1.0
197 602 1.0
197 286 1.0
198 833 1.0
198 659 1.0
198 516 1.0
198 702 1.0
198 385 1.0
198 771 1.0
198 513 1.0
198 663 1.0
199 288 1.0
199 514 1.0
199 613 1.0
199 838 1.0
199 716 1.0
199 364 1.0
199 978 1.0
199 214 1.0
199 568 1.0
199 569 1.0
199 602 1.0
199 540 1.0
200 386 1.0
200 307 1.0
200 212 1.0
200 408 1.0
200 802 1.0
200 499 1.0
201 465 1.0
201 655 1.0
201 892 1.0
201 377 1.0
201 330 1.0
201 559 1.0
201 681 1.0
201 877 1.0
202 624 1.0
202 369 1.0
202 786 1.0
202 645 1.0
202 551 1.0
202 872 1.0
202 283 1.0
202 284 1.0
202 777 1.0
203 692 1.0
203 791 1.0
203 360 1.0
203 700 1.0
204 867 1.0
204 358 1.0
204 294 1.0
204 519 1.0
204 360 1.0
204 855 1.0
204 455 1.0
204 300 1.0
204 589 1.0
204 752 1.0
204 657 1.0
204 882 1.0
204 596 1.0
204 246 1.0
204 759 1.0
205 624 1.0
205 969 1.0
205 410 1.0
205 911 1.0
205 462 1.0
205 893 1.0
206 704 1.0
206 648 1.0
206 587 1.0
206 910 1.0
206 847 1.0
206 985 1.0
206 954 1.0
206 736 1.0
206 766 1.0
206 671 1.0
207 657 1.0
207 535 1.0
207 700 1.0
207 460 1.0
207 573 1.0
208 564 1.0
208 230 1.0
208 760 1.0
208 436 1.0
208 747 1.0
208 604 1.0
209 257 1.0
209 915 1.0
209 884 1.0
209 454 1.0
209 424 1.0
209 634 1.0
209 975 1.0
209 332 1.0
209 861 1.0
209 707 1.0
210 871 1.0
210 699 1.0
210 518 1.0
210 439 1.0
210 938 1.0
210 507 1.0
210 636 1.0
210 686 1.0
210 637 1.0
211 224 1.0
211 578 1.0
211 995 1.0
211 933 1.0
211 807 1.0
211 810 1.0
211 622 1.0
211 787 1.0
211 526 1.0
211 345 1.0
212 256 1.0
212 320 1.0
212 547 1.0
212 838 1.0
212 583 1.0
212 812 1.0
212 651 1.0
212 779 1.0
212 305 1.0
212 338 1.0
212 982 1.0
212 667 1.0
212 415 1.0
213 256 1.0
213 547 1.0
213 998 1.0
213 455 1.0
213 780 1.0
213 941 1.0
213 830 1.0
213 928 1.0
213 978 1.0
213 702 1.0
213 440 1.0
213 890 1.0
213 764 1.0
213 509 1.0
213 862 1.0
213 677 1.0
214 994 1.0
214 943 1.0
214 811 1.0
214 364 1.0
214 435 1.0
214 399 1.0
214 339 1.0
214 699 1.0
214 639 1.0
215 707 1.0
215 644 1.0
215 553 1.0
215 750 1.0
215 338 1.0
215 468 1.0
215 329 1.0
215 756 1.0
215 885 1.0
216 393 1.0
216 994 1.0
216 836 1.0
216 871 1.0
216 521 1.0
216 810 1.0
216 459 1.0
216 333 1.0
216 399 1.0
216 602 1.0
216 380 1.0
216 446 1.0
217 768 1.0
217 236 1.0
217 302 1.0
217 301 1.0
218 604 1.0
218 913 1.0
218 544 1.0
218 517 1.0
218 409 1.0
218 249 1.0
218 316 1.0
218 508 1.0
218 933 1.0
219 830 1.0
219 627 1.0
219 781 1.0
219 618 1.0
219 296 1.0
219 836 1.0
219 890 1.0
219 410 1.0
219 637 1.0
220 512 1.0
220 799 1.0
220 867 1.0
220 741 1.0
220 490 1.0
220 451 1.0
220 240 1.0
220 275 1.0
220 852 1.0
220 535 1.0
220 319 1.0
220 798 1.0
221 801 1.0
221 327 1.0
221 424 1.0
221 937 1.0
221 651 1.0
221 493 1.0
221 776 1.0
221 680 1.0
221 234 1.0
221 891 1.0
221 330 1.0
221 881 1.0
222 289 1.0
222 515 1.0
222 516 1.0
222 343 1.0
222 860 1.0
222 553 1.0
222 700 1.0
222 777 1.0
222 286 1.0
223 528 1.0
223 866 1.0
223 430 1.0
223 933 1.0
224 366 1.0
224 973 1.0
224 898 1.0
224 644 1.0
224 743 1.0
224 264 1.0
224 412 1.0
224 590 1.0
224 910 1.0
224 623 1.0
224 580 1.0
224 945 1.0
224 342 1.0
224 633 1.0
224 602 1.0
224 575 1.0
225 571 1.0
225 743 1.0
225 489 1.0
225 235 1.0
225 300 1.0
225 974 1.0
225 657 1.0
225 691 1.0
225 438 1.0
225 635 1.0
225 380 1.0
225 893 1.0
226 804 1.0
226 919 1.0
226 269 1.0
226 950 1.0
226 821 1.0
226 823 1.0
226 881 1.0
226 893 1.0
226 319 1.0
227 448 1.0
227 656 1.0
227 946 1.0
227 848 1.0
227 599 1.0
227 440 1.0
227 539 1.0
227 760 1.0
227 233 1.0
228 946 1.0
228 990 1.0
228 615 1.0
228 409 1.0
228 570 1.0
228 443 1.0
228 697 1.0
228 573 1.0
229 609 1.0
229 475 1.0
229 975 1.0
229 375 1.0
229 812 1.0
229 815 1.0
229 465 1.0
229 887 1.0
229 703 1.0
229 927 1.0
230 819 1.0
230 758 1.0
230 663 1.0
230 504 1.0
230 949 1.0
230 826 1.0
230 967 1.0
231 432 1.0
231 596 1.0
231 451 1.0
231 532 1.0
231 820 1.0
231 857 1.0
232 929 1.0
232 466 1.0
232 276 1.0
232 309 1.0
232 841 1.0
232 506 1.0
232 445 1.0
232 933 1.0
233 545 1.0
233 338 1.0
233 577 1.0
233 738 1.0
233 802 1.0
233 574 1.0
234 833 1.0
234 995 1.0
234 374 1.0
234 406 1.0
234 905 1.0
234 491 1.0
234 857 1.0
234 666 1.0
234 283 1.0
235 528 1.0
235 306 1.0
235 787 1.0
235 724 1.0
235 309 1.0
235 678 1.0
235 934 1.0
235 842 1.0
235 779 1.0
236 706 1.0
236 900 1.0
236 392 1.0
236 666 1.0
236 599 1.0
236 476 1.0
236 874 1.0
236 575 1.0
237 288 1.0
237 514 1.0
237 342 1.0
237 551 1.0
237 536 1.0
237 506 1.0
237 891 1.0
237 620 1.0
238 960 1.0
238 577 1.0
238 643 1.0
238 868 1.0
238 552 1.0
238 941 1.0
238 622 1.0
238 599 1.0
238 827 1.0
238 895 1.0
239 673 1.0
239 899 1.0
239 424 1.0
239 361 1.0
239 497 1.0
239 632 1.0
239 495 1.0
239 444 1.0
239 541 1.0
239 478 1.0
239 709 1.0
240 256 1.0
240 899 1.0
240 407 1.0
240 358 1.0
240 476 1.0
240 439 1.0
240 369 1.0
240 946 1.0
240 855 1.0
240 441 1.0
240 666 1.0
241 807 1.0
241 507 1.0
241 309 1.0
241 950 1.0
241 569 1.0
241 411 1.0
241 959 1.0
242 481 1.0
242 781 1.0
242 622 1.0
242 660 1.0
242 500 1.0
242 630 1.0
242 568 1.0
242 281 1.0
242 314 1.0
242 635 1.0
242 415 1.0
243 609 1.0
243 525 1.0
243 679 1.0
243 427 1.0
243 717 1.0
243 882 1.0
243 291 1.0
243 372 1.0
243 691 1.0
243 723 1.0
243 995 1.0
243 952 1.0
243 954 1.0
243 959 1.0
243 316 1.0
243 927 1.0
244 306 1.0
244 350 1.0
244 630 1.0
244 436 1.0
244 898 1.0
244 622 1.0
244 564 1.0
245 258 1.0
245 646 1.0
245 874 1.0
245 332 1.0
245 962 1.0
245 302 1.0
245 783 1.0
245 528 1.0
245 410 1.0
245 635 1.0
245 602 1.0
245 255 1.0
246 544 1.0
246 537 1.0
246 807 1.0
246 588 1.0
246 843 1.0
246 623 1.0
246 370 1.0
246 372 1.0
246 440 1.0
246 633 1.0
246 317 1.0
247 416 1.0
247 290 1.0
247 741 1.0
247 639 1.0
247 414 1.0
247 349 1.0
248 577 1.0
248 798 1.0
248 873 1.0
248 921 1.0
248 753 1.0
248 565 1.0
248 755 1.0
248 536 1.0
248 505 1.0
248 828 1.0
248 765 1.0
248 606 1.0
248 383 1.0
249 483 1.0
249 852 1.0
249 393 1.0
249 266 1.0
249 508 1.0
249 477 1.0
250 883 1.0
250 757 1.0
250 982 1.0
250 841 1.0
250 760 1.0
250 266 1.0
250 813 1.0
250 446 1.0
251 641 1.0
251 424 1.0
251 599 1.0
251 759 1.0
251 493 1.0
251 495 1.0
251 593 1.0
251 819 1.0
251 308 1.0
251 343 1.0
251 900 1.0
251 922 1.0
252 546 1.0
252 773 1.0
252 685 1.0
252 289 1.0
252 586 1.0
252 748 1.0
252 866 1.0
252 750 1.0
252 784 1.0
252 776 1.0
252 278 1.0
252 952 1.0
252 699 1.0
252 975 1.0
253 512 1.0
253 648 1.0
253 896 1.0
253 340 1.0
253 886 1.0
253 464 1.0
253 682 1.0
253 558 1.0
254 673 1.0
254 456 1.0
254 700 1.0
254 906 1.0
254 396 1.0
254 782 1.0
254 977 1.0
254 569 1.0
254 959 1.0
254 732 1.0
254 895 1.0
255 256 1.0
255 705 1.0
255 581 1.0
255 776 1.0
255 620 1.0
255 332 1.0
255 461 1.0
255 808 1.0
255 497 1.0
255 755 1.0
255 694 1.0
255 347 1.0
255 604 1.0
255 698 1.0
256 592 1.0
256 652 1.0
256 744 1.0
256 361 1.0
256 557 1.0
256 343 1.0
256 917 1.0
256 738 1.0
256 476 1.0
256 914 1.0
257 324 1.0
257 518 1.0
257 343 1.0
257 753 1.0
257 372 1.0
257 473 1.0
257 873 1.0
258 481 1.0
258 261 1.0
258 582 1.0
258 903 1.0
258 622 1.0
258 433 1.0
258 275 1.0
258 600 1.0
258 889 1.0
258 957 1.0
259 323 1.0
259 296 1.0
259 973 1.0
259 303 1.0
259 339 1.0
259 702 1.0
259 473 1.0
260 539 1.0
260 708 1.0
260 959 1.0
260 263 1.0
260 327 1.0
260 335 1.0
260 702 1.0
261 384 1.0
261 458 1.0
261 358 1.0
261 584 1.0
261 682 1.0
261 620 1.0
261 386 1.0
261 366 1.0
261 413 1.0
261 273 1.0
261 798 1.0
261 601 1.0
261 409 1.0
261 669 1.0
262 720 1.0
262 577 1.0
262 772 1.0
262 533 1.0
262 839 1.0
262 820 1.0
262 700 1.0
262 784 1.0
262 623 1.0
263 305 1.0
263 498 1.0
263 789 1.0
263 265 1.0
263 978 1.0
263 898 1.0
264 976 1.0
264 371 1.0
264 308 1.0
264 742 1.0
264 726 1.0
264 715 1.0
264 924 1.0
264 942 1.0
265 422 1.0
265 870 1.0
265 295 1.0
265 351 1.0
265 837 1.0
265 983 1.0
265 953 1.0
265 986 1.0
265 827 1.0
265 988 1.0
265 927 1.0
266 710 1.0
266 952 1.0
266 662 1.0
266 312 1.0
266 951 1.0
266 506 1.0
267 794 1.0
267 286 1.0
267 979 1.0
267 632 1.0
267 377 1.0
267 687 1.0
267 413 1.0
267 398 1.0
268 391 1.0
268 934 1.0
268 710 1.0
268 903 1.0
268 810 1.0
268 727 1.0
268 780 1.0
268 983 1.0
268 661 1.0
268 726 1.0
268 477 1.0
268 637 1.0
269 640 1.0
269 849 1.0
269 308 1.0
269 902 1.0
269 848 1.0
269 306 1.0
269 638 1.0
269 991 1.0
270 898 1.0
270 963 1.0
270 422 1.0
270 599 1.0
270 552 1.0
270 537 1.0
270 795 1.0
270 793 1.0
271 320 1.0
271 896 1.0
271 691 1.0
271 516 1.0
271 454 1.0
271 406 1.0
271 537 1.0
271 906 1.0
271 799 1.0
272 512 1.0
272 368 1.0
272 486 1.0
272 471 1.0
272 920 1.0
272 807 1.0
272 636 1.0
272 493 1.0
272 749 1.0
273 354 1.0
273 502 1.0
273 554 1.0
273 957 1.0
273 336 1.0
273 866 1.0
273 340 1.0
273 374 1.0
273 727 1.0
273 377 1.0
273 950 1.0
273 635 1.0
273 797 1.0
273 990 1.0
274 402 1.0
274 740 1.0
274 933 1.0
274 808 1.0
274 476 1.0
274 914 1.0
274 717 1.0
275 331 1.0
275 979 1.0
275 308 1.0
275 806 1.0
275 359 1.0
275 650 1.0
275 811 1.0
275 578 1.0
276 644 1.0
276 614 1.0
276 649 1.0
276 559 1.0
276 595 1.0
276 393 1.0
276 318 1.0
277 768 1.0
277 645 1.0
277 774 1.0
277 523 1.0
277 467 1.0
277 340 1.0
277 669 1.0
277 933 1.0
277 804 1.0
277 502 1.0
277 938 1.0
277 753 1.0
277 306 1.0
277 499 1.0
277 724 1.0
277 822 1.0
277 457 1.0
277 317 1.0
277 831 1.0
278 896 1.0
278 617 1.0
278 586 1.0
278 302 1.0
278 368 1.0
278 657 1.0
278 851 1.0
278 916 1.0
278 662 1.0
278 984 1.0
278 699 1.0
279 896 1.0
279 451 1.0
279 838 1.0
279 929 1.0
279 425 1.0
279 760 1.0
279 987 1.0
279 970 1.0
279 670 1.0
280 544 1.0
280 868 1.0
280 470 1.0
280 358 1.0
280 807 1.0
280 498 1.0
280 854 1.0
280 855 1.0
280 796 1.0
280 996 1.0
281 755 1.0
281 996 1.0
281 814 1.0
281 647 1.0
281 634 1.0
281 939 1.0
281 460 1.0
281 955 1.0
281 478 1.0
282 817 1.0
282 882 1.0
282 399 1.0
282 933 1.0
282 854 1.0
282 761 1.0
282 671 1.0
282 524 1.0
282 590 1.0
282 350 1.0
283 994 1.0
283 551 1.0
283 617 1.0
283 618 1.0
283 775 1.0
283 623 1.0
283 378 1.0
283 335 1.0
283 650 1.0
284 449 1.0
284 710 1.0
284 455 1.0
284 523 1.0
284 551 1.0
284 847 1.0
284 660 1.0
284 789 1.0
284 470 1.0
284 873 1.0
284 379 1.0
284 316 1.0
284 926 1.0
284 917 1.0
285 324 1.0
285 333 1.0
285 526 1.0
285 589 1.0
285 885 1.0
285 693 1.0
285 375 1.0
285 676 1.0
285 415 1.0
285 477 1.0
285 511 1.0
286 624 1.0
286 483 1.0
286 585 1.0
286 875 1.0
286 844 1.0
286 557 1.0
286 845 1.0
286 400 1.0
286 947 1.0
286 921 1.0
286 632 1.0
287 321 1.0
287 392 1.0
287 838 1.0
287 681 1.0
287 486 1.0
287 938 1.0
287 457 1.0
287 462 1.0
287 751 1.0
287 849 1.0
287 532 1.0
287 666 1.0
287 767 1.0
288 915 1.0
288 537 1.0
288 699 1.0
288 780 1.0
288 362 1.0
288 686 1.0
289 976 1.0
289 929 1.0
289 673 1.0
289 424 1.0
289 990 1.0
289 394 1.0
289 814 1.0
289 816 1.0
289 370 1.0
289 708 1.0
289 420 1.0
290 879 1.0
290 621 1.0
290 723 1.0
290 357 1.0
290 614 1.0
290 571 1.0
290 997 1.0
291 610 1.0
291 742 1.0
291 422 1.0
291 744 1.0
291 555 1.0
291 654 1.0
291 392 1.0
291 626 1.0
291 980 1.0
291 898 1.0
292 993 1.0
292 753 1.0
292 535 1.0
292 635 1.0
292 303 1.0
293 546 1.0
293 834 1.0
293 643 1.0
293 452 1.0
293 581 1.0
293 620 1.0
293 942 1.0
293 749 1.0
293 342 1.0
293 444 1.0
293 861 1.0
293 703 1.0
294 569 1.0
294 619 1.0
294 403 1.0
294 340 1.0
294 374 1.0
294 439 1.0
294 920 1.0
294 564 1.0
294 804 1.0
294 997 1.0
295 513 1.0
295 738 1.0
295 645 1.0
295 870 1.0
295 554 1.0
295 500 1.0
295 438 1.0
295 948 1.0
296 747 1.0
296 1000 1.0
296 859 1.0
296 299 1.0
296 769 1.0
296 470 1.0
296 730 1.0
296 636 1.0
296 410 1.0
296 926 1.0
296 863 1.0
297 432 1.0
297 768 1.0
297 636 1.0
297 413 1.0
297 983 1.0
298 856 1.0
298 668 1.0
298 858 1.0
298 446 1.0
299 801 1.0
299 773 1.0
299 678 1.0
299 681 1.0
299 394 1.0
299 988 1.0
299 589 1.0
299 509 1.0
299 913 1.0
299 821 1.0
299 792 1.0
299 527 1.0
299 732 1.0
299 554 1.0
299 318 1.0
299 735 1.0
300 419 1.0
300 646 1.0
300 360 1.0
300 460 1.0
300 461 1.0
300 892 1.0
300 624 1.0
300 616 1.0
300 400 1.0
300 905 1.0
300 316 1.0
301 400 1.0
301 450 1.0
301 785 1.0
301 685 1.0
301 688 1.0
301 725 1.0
301 890 1.0
301 607 1.0
301 894 1.0
301 479 1.0
302 768 1.0
302 708 1.0
302 486 1.0
302 682 1.0
302 683 1.0
302 856 1.0
302 474 1.0
302 794 1.0
303 901 1.0
303 599 1.0
303 524 1.0
303 354 1.0
303 510 1.0
303 418 1.0
304 699 1.0
304 966 1.0
304 780 1.0
304 810 1.0
304 812 1.0
304 717 1.0
304 498 1.0
304 569 1.0
304 634 1.0
304 411 1.0
304 543 1.0
305 464 1.0
305 817 1.0
305 755 1.0
305 725 1.0
305 920 1.0
305 505 1.0
305 749 1.0
305 349 1.0
306 357 1.0
306 425 1.0
306 976 1.0
306 891 1.0
306 380 1.0
306 413 1.0
306 798 1.0
307 944 1.0
307 677 1.0
307 910 1.0
307 455 1.0
307 681 1.0
307 685 1.0
307 366 1.0
307 621 1.0
308 476 1.0
308 422 1.0
308 903 1.0
308 361 1.0
308 650 1.0
308 643 1.0
308 534 1.0
308 852 1.0
308 979 1.0
309 840 1.0
309 755 1.0
309 596 1.0
309 646 1.0
309 711 1.0
309 948 1.0
309 841 1.0
310 993 1.0
310 683 1.0
310 518 1.0
310 407 1.0
310 328 1.0
310 857 1.0
310 922 1.0
310 699 1.0
310 591 1.0
311 673 1.0
311 988 1.0
311 957 1.0
311 559 1.0
312 960 1.0
312 753 1.0
312 547 1.0
312 580 1.0
312 806 1.0
312 536 1.0
312 932 1.0
312 964 1.0
313 454 1.0
313 778 1.0
313 693 1.0
314 480 1.0
314 993 1.0
314 354 1.0
314 360 1.0
314 460 1.0
314 459 1.0
314 396 1.0
314 813 1.0
314 687 1.0
314 624 1.0
314 566 1.0
314 700 1.0
314 637 1.0
315 624 1.0
315 915 1.0
315 934 1.0
315 968 1.0
315 787 1.0
315 858 1.0
315 875 1.0
315 828 1.0
315 437 1.0
316 490 1.0
316 683 1.0
316 753 1.0
316 599 1.0
317 992 1.0
317 610 1.0
317 515 1.0
317 745 1.0
317 418 1.0
317 559 1.0
317 959 1.0
317 581 1.0
318 832 1.0
318 533 1.0
318 567 1.0
318 376 1.0
318 813 1.0
318 510 1.0
319 676 1.0
319 390 1.0
319 892 1.0
319 900 1.0
319 859 1.0
319 590 1.0
319 351 1.0
320 674 1.0
320 550 1.0
320 745 1.0
320 430 1.0
320 466 1.0
320 853 1.0
320 777 1.0
320 825 1.0
320 346 1.0
321 643 1.0
321 873 1.0
321 395 1.0
321 524 1.0
321 399 1.0
321 600 1.0
321 347 1.0
321 478 1.0
322 400 1.0
322 488 1.0
322 805 1.0
322 536 1.0
322 813 1.0
322 606 1.0
322 973 1.0
323 662 1.0
323 743 1.0
323 986 1.0
323 331 1.0
323 655 1.0
323 863 1.0
324 777 1.0
324 586 1.0
324 631 1.0
324 812 1.0
324 340 1.0
324 695 1.0
324 671 1.0
325 580 1.0
325 647 1.0
325 618 1.0
325 973 1.0
325 722 1.0
325 980 1.0
325 918 1.0
325 633 1.0
325 890 1.0
325 549 1.0
326 481 1.0
326 547 1.0
326 678 1.0
326 711 1.0
326 537 1.0
326 835 1.0
326 379 1.0
326 399 1.0
327 578 1.0
327 965 1.0
327 486 1.0
327 809 1.0
327 779 1.0
327 397 1.0
327 622 1.0
327 451 1.0
327 828 1.0
327 350 1.0
327 575 1.0
328 770 1.0
328 779 1.0
328 361 1.0
328 970 1.0
328 907 1.0
328 866 1.0
328 443 1.0
329 612 1.0
329 869 1.0
329 939 1.0
329 622 1.0
329 367 1.0
329 742 1.0
329 791 1.0
329 472 1.0
329 954 1.0
329 445 1.0
330 512 1.0
330 873 1.0
330 951 1.0
330 907 1.0
330 812 1.0
330 493 1.0
330 813 1.0
330 627 1.0
330 918 1.0
330 828 1.0
330 670 1.0
331 640 1.0
331 353 1.0
331 864 1.0
331 517 1.0
331 367 1.0
331 551 1.0
331 872 1.0
331 364 1.0
331 391 1.0
331 715 1.0
331 591 1.0
331 852 1.0
331 473 1.0
331 827 1.0
331 444 1.0
331 719 1.0
331 671 1.0
332 832 1.0
332 945 1.0
332 519 1.0
332 876 1.0
332 882 1.0
332 467 1.0
332 596 1.0
332 982 1.0
332 932 1.0
332 645 1.0
333 962 1.0
333 931 1.0
333 612 1.0
333 709 1.0
333 774 1.0
333 1000 1.0
333 777 1.0
333 684 1.0
333 681 1.0
333 382 1.0
334 368 1.0
334 834 1.0
334 645 1.0
334 347 1.0
334 435 1.0
334 990 1.0
334 607 1.0
335 707 1.0
335 342 1.0
335 652 1.0
335 653 1.0
335 814 1.0
335 429 1.0
335 501 1.0
335 406 1.0
335 345 1.0
335 388 1.0
335 797 1.0
335 479 1.0
336 710 1.0
336 968 1.0
336 938 1.0
336 874 1.0
336 686 1.0
336 861 1.0
336 914 1.0
336 661 1.0
336 504 1.0
336 569 1.0
336 667 1.0
336 842 1.0
337 945 1.0
337 675 1.0
337 484 1.0
337 863 1.0
338 546 1.0
338 645 1.0
338 514 1.0
338 437 1.0
338 696 1.0
338 825 1.0
338 862 1.0
338 703 1.0
339 609 1.0
339 804 1.0
339 584 1.0
339 718 1.0
339 370 1.0
339 695 1.0
339 892 1.0
339 861 1.0
339 511 1.0
340 736 1.0
340 347 1.0
340 554 1.0
340 802 1.0
340 696 1.0
340 988 1.0
340 346 1.0
340 861 1.0
341 908 1.0
341 679 1.0
341 713 1.0
341 906 1.0
341 463 1.0
341 464 1.0
341 659 1.0
341 916 1.0
341 728 1.0
341 787 1.0
341 799 1.0
342 416 1.0
342 514 1.0
342 891 1.0
342 784 1.0
342 369 1.0
342 435 1.0
342 542 1.0
342 479 1.0
342 378 1.0
342 379 1.0
342 510 1.0
343 427 1.0
343 852 1.0
343 985 1.0
343 634 1.0
344 701 1.0
345 753 1.0
345 925 1.0
345 939 1.0
346 919 1.0
346 845 1.0
346 368 1.0
346 433 1.0
346 855 1.0
346 636 1.0
347 803 1.0
347 809 1.0
347 947 1.0
347 789 1.0
347 407 1.0
347 760 1.0
347 441 1.0
347 606 1.0
347 575 1.0
348 370 1.0
348 999 1.0
348 470 1.0
348 615 1.0
348 376 1.0
348 863 1.0
348 619 1.0
348 495 1.0
349 578 1.0
349 779 1.0
349 520 1.0
349 395 1.0
349 845 1.0
349 941 1.0
349 855 1.0
349 473 1.0
349 379 1.0
349 925 1.0
349 799 1.0
350 641 1.0
350 900 1.0
350 605 1.0
350 566 1.0
350 408 1.0
350 623 1.0
350 410 1.0
350 671 1.0
351 736 1.0
351 627 1.0
351 691 1.0
351 853 1.0
351 605 1.0
352 832 1.0
352 722 1.0
352 499 1.0
352 804 1.0
352 432 1.0
352 456 1.0
352 566 1.0
352 604 1.0
353 592 1.0
353 961 1.0
353 435 1.0
353 516 1.0
353 357 1.0
353 902 1.0
353 519 1.0
353 637 1.0
353 970 1.0
354 705 1.0
354 939 1.0
354 936 1.0
354 585 1.0
354 811 1.0
354 812 1.0
354 398 1.0
354 701 1.0
354 622 1.0
354 469 1.0
354 662 1.0
354 569 1.0
354 925 1.0
355 480 1.0
355 979 1.0
355 356 1.0
355 366 1.0
355 359 1.0
355 745 1.0
355 987 1.0
355 879 1.0
356 646 1.0
356 648 1.0
356 585 1.0
356 588 1.0
356 559 1.0
356 692 1.0
356 438 1.0
356 596 1.0
356 591 1.0
356 411 1.0
356 860 1.0
357 419 1.0
357 612 1.0
357 486 1.0
357 375 1.0
357 990 1.0
357 895 1.0
358 480 1.0
358 743 1.0
358 361 1.0
358 395 1.0
358 873 1.0
358 881 1.0
358 617 1.0
358 377 1.0
358 598 1.0
358 927 1.0
359 880 1.0
359 508 1.0
359 808 1.0
360 480 1.0
360 384 1.0
360 804 1.0
360 502 1.0
360 906 1.0
360 941 1.0
360 399 1.0
360 820 1.0
360 789 1.0
360 790 1.0
360 375 1.0
360 613 1.0
361 801 1.0
361 905 1.0
361 592 1.0
361 829 1.0
361 574 1.0
362 916 1.0
362 983 1.0
362 920 1.0
362 420 1.0
362 647 1.0
362 813 1.0
363 832 1.0
363 497 1.0
363 694 1.0
363 951 1.0
363 849 1.0
363 383 1.0
364 552 1.0
364 615 1.0
364 655 1.0
364 557 1.0
364 686 1.0
364 575 1.0
365 448 1.0
365 768 1.0
365 859 1.0
365 743 1.0
365 751 1.0
365 953 1.0
365 443 1.0
365 476 1.0
365 766 1.0
366 576 1.0
366 899 1.0
366 609 1.0
366 860 1.0
366 668 1.0
366 877 1.0
367 482 1.0
367 453 1.0
367 424 1.0
367 938 1.0
367 782 1.0
367 686 1.0
368 767 1.0
368 711 1.0
368 648 1.0
368 714 1.0
368 594 1.0
368 661 1.0
368 791 1.0
368 668 1.0
368 701 1.0
368 383 1.0
369 804 1.0
369 621 1.0
369 813 1.0
369 857 1.0
369 847 1.0
369 540 1.0
369 990 1.0
370 520 1.0
370 421 1.0
370 980 1.0
370 372 1.0
370 768 1.0
370 756 1.0
370 383 1.0
370 741 1.0
371 773 1.0
371 967 1.0
371 394 1.0
371 974 1.0
371 548 1.0
371 761 1.0
371 473 1.0
371 410 1.0
371 860 1.0
372 570 1.0
372 519 1.0
373 402 1.0
373 789 1.0
373 648 1.0
373 957 1.0
373 891 1.0
373 690 1.0
374 608 1.0
374 870 1.0
374 433 1.0
374 462 1.0
374 978 1.0
374 436 1.0
374 661 1.0
374 857 1.0
374 381 1.0
375 784 1.0
375 563 1.0
375 740 1.0
375 550 1.0
375 471 1.0
375 511 1.0
375 926 1.0
376 426 1.0
376 427 1.0
376 622 1.0
376 687 1.0
376 626 1.0
376 462 1.0
376 452 1.0
376 831 1.0
377 816 1.0
377 944 1.0
377 644 1.0
377 833 1.0
377 680 1.0
377 836 1.0
378 514 1.0
378 524 1.0
378 562 1.0
379 582 1.0
379 935 1.0
379 681 1.0
379 871 1.0
379 561 1.0
379 820 1.0
379 853 1.0
379 425 1.0
379 888 1.0
380 642 1.0
380 584 1.0
380 915 1.0
380 887 1.0
380 505 1.0
380 638 1.0
380 885 1.0
381 834 1.0
381 790 1.0
381 824 1.0
381 893 1.0
381 847 1.0
382 921 1.0
382 578 1.0
382 794 1.0
382 665 1.0
383 611 1.0
383 721 1.0
383 949 1.0
383 790 1.0
383 538 1.0
383 785 1.0
383 767 1.0
384 672 1.0
384 405 1.0
384 813 1.0
385 452 1.0
385 454 1.0
385 430 1.0
385 755 1.0
385 404 1.0
385 590 1.0
385 504 1.0
385 500 1.0
385 922 1.0
385 475 1.0
385 543 1.0
386 579 1.0
386 388 1.0
386 750 1.0
386 723 1.0
386 725 1.0
386 726 1.0
386 701 1.0
386 894 1.0
387 816 1.0
387 952 1.0
387 983 1.0
387 906 1.0
387 591 1.0
387 556 1.0
388 832 1.0
388 992 1.0
388 787 1.0
388 773 1.0
388 982 1.0
388 919 1.0
388 402 1.0
389 496 1.0
389 418 1.0
389 516 1.0
389 773 1.0
389 873 1.0
389 733 1.0
390 747 1.0
390 452 1.0
390 679 1.0
390 585 1.0
390 938 1.0
390 587 1.0
390 525 1.0
390 989 1.0
390 532 1.0
390 981 1.0
390 980 1.0
390 542 1.0
391 720 1.0
391 734 1.0
391 712 1.0
391 862 1.0
391 463 1.0
392 688 1.0
392 720 1.0
392 984 1.0
392 867 1.0
392 624 1.0
392 478 1.0
392 479 1.0
393 419 1.0
393 747 1.0
394 962 1.0
394 937 1.0
394 488 1.0
394 873 1.0
394 411 1.0
395 459 1.0
395 868 1.0
395 641 1.0
395 456 1.0
395 492 1.0
395 715 1.0
395 972 1.0
395 562 1.0
395 494 1.0
395 498 1.0
395 504 1.0
395 452 1.0
395 474 1.0
395 883 1.0
395 732 1.0
396 529 1.0
396 868 1.0
396 614 1.0
396 811 1.0
396 967 1.0
396 573 1.0
396 659 1.0
396 468 1.0
396 758 1.0
396 472 1.0
396 915 1.0
396 442 1.0
396 863 1.0
397 768 1.0
397 482 1.0
397 515 1.0
397 491 1.0
397 781 1.0
397 909 1.0
397 755 1.0
397 728 1.0
397 644 1.0
397 794 1.0
397 959 1.0
398 577 1.0
398 647 1.0
398 648 1.0
398 737 1.0
398 526 1.0
398 463 1.0
398 561 1.0
398 419 1.0
398 846 1.0
398 687 1.0
399 598 1.0
399 577 1.0
399 457 1.0
399 556 1.0
399 984 1.0
399 606 1.0
399 983 1.0
399 408 1.0
399 885 1.0
400 864 1.0
400 452 1.0
400 805 1.0
400 936 1.0
400 960 1.0
400 439 1.0
400 888 1.0
401 505 1.0
401 986 1.0
401 692 1.0
401 542 1.0
402 614 1.0
402 555 1.0
402 620 1.0
402 954 1.0
402 889 1.0
402 932 1.0
402 900 1.0
402 698 1.0
402 863 1.0
403 711 1.0
403 728 1.0
403 989 1.0
403 767 1.0
404 682 1.0
404 594 1.0
404 530 1.0
404 915 1.0
404 725 1.0
404 598 1.0
404 696 1.0
404 693 1.0
405 515 1.0
405 796 1.0
405 617 1.0
405 906 1.0
405 750 1.0
405 817 1.0
405 922 1.0
405 923 1.0
405 476 1.0
405 829 1.0
406 692 1.0
406 661 1.0
406 729 1.0
406 918 1.0
406 551 1.0
407 546 1.0
407 611 1.0
407 806 1.0
407 750 1.0
407 979 1.0
407 885 1.0
407 886 1.0
407 410 1.0
407 604 1.0
407 995 1.0
408 514 1.0
408 934 1.0
408 754 1.0
408 526 1.0
408 434 1.0
408 860 1.0
408 830 1.0
409 726 1.0
409 716 1.0
410 803 1.0
410 780 1.0
410 712 1.0
410 750 1.0
410 687 1.0
410 563 1.0
410 822 1.0
410 931 1.0
411 577 1.0
411 523 1.0
411 492 1.0
411 770 1.0
411 974 1.0
411 824 1.0
411 630 1.0
411 984 1.0
411 698 1.0
412 737 1.0
412 475 1.0
412 804 1.0
412 873 1.0
412 718 1.0
412 969 1.0
412 471 1.0
412 500 1.0
412 507 1.0
412 572 1.0
413 609 1.0
413 961 1.0
413 582 1.0
413 684 1.0
413 559 1.0
413 440 1.0
413 828 1.0
414 416 1.0
414 982 1.0
414 697 1.0
414 522 1.0
414 618 1.0
414 590 1.0
415 417 1.0
415 851 1.0
415 861 1.0
415 577 1.0
415 536 1.0
415 622 1.0
415 541 1.0
416 648 1.0
416 818 1.0
416 862 1.0
416 719 1.0
417 432 1.0
417 679 1.0
417 681 1.0
417 746 1.0
417 439 1.0
418 803 1.0
418 617 1.0
418 466 1.0
418 584 1.0
418 818 1.0
418 760 1.0
418 953 1.0
418 447 1.0
418 998 1.0
418 991 1.0
419 609 1.0
419 838 1.0
419 951 1.0
419 792 1.0
419 733 1.0
420 819 1.0
420 948 1.0
420 853 1.0
420 870 1.0
420 875 1.0
420 763 1.0
420 476 1.0
420 906 1.0
420 767 1.0
421 947 1.0
421 644 1.0
421 551 1.0
421 665 1.0
421 996 1.0
421 987 1.0
422 704 1.0
422 805 1.0
422 495 1.0
422 818 1.0
422 451 1.0
422 565 1.0
422 567 1.0
422 920 1.0
422 927 1.0
423 848 1.0
423 709 1.0
423 585 1.0
423 679 1.0
423 485 1.0
423 924 1.0
423 429 1.0
424 727 1.0
424 908 1.0
424 541 1.0
424 467 1.0
424 435 1.0
424 915 1.0
424 669 1.0
425 643 1.0
425 580 1.0
425 918 1.0
425 826 1.0
425 910 1.0
425 461 1.0
426 930 1.0
426 518 1.0
426 650 1.0
426 940 1.0
426 531 1.0
426 566 1.0
426 473 1.0
427 815 1.0
427 675 1.0
427 516 1.0
427 521 1.0
427 591 1.0
427 913 1.0
427 869 1.0
427 693 1.0
427 537 1.0
427 783 1.0
427 541 1.0
427 574 1.0
427 773 1.0
428 592 1.0
428 720 1.0
428 725 1.0
428 949 1.0
428 711 1.0
428 610 1.0
428 818 1.0
428 757 1.0
429 816 1.0
429 754 1.0
429 789 1.0
429 550 1.0
429 1000 1.0
430 722 1.0
430 483 1.0
430 865 1.0
430 931 1.0
430 736 1.0
431 831 1.0
431 951 1.0
431 943 1.0
431 747 1.0
431 638 1.0
431 830 1.0
431 879 1.0
432 521 1.0
432 630 1.0
432 839 1.0
432 602 1.0
432 949 1.0
433 877 1.0
433 648 1.0
433 687 1.0
433 734 1.0
433 438 1.0
433 891 1.0
434 514 1.0
434 842 1.0
434 620 1.0
434 493 1.0
434 664 1.0
434 466 1.0
434 598 1.0
434 764 1.0
434 765 1.0
435 835 1.0
435 929 1.0
435 848 1.0
435 640 1.0
435 769 1.0
437 580 1.0
437 552 1.0
437 971 1.0
437 798 1.0
437 536 1.0
437 638 1.0
438 899 1.0
438 582 1.0
438 943 1.0
438 850 1.0
438 772 1.0
438 708 1.0
439 546 1.0
439 636 1.0
439 618 1.0
439 459 1.0
439 495 1.0
439 817 1.0
439 573 1.0
439 475 1.0
440 850 1.0
440 548 1.0
441 785 1.0
441 691 1.0
441 854 1.0
441 993 1.0
441 846 1.0
441 527 1.0
442 944 1.0
442 994 1.0
442 659 1.0
442 609 1.0
442 757 1.0
442 743 1.0
442 940 1.0
442 841 1.0
443 833 1.0
443 899 1.0
443 647 1.0
443 530 1.0
443 786 1.0
443 538 1.0
443 859 1.0
444 800 1.0
444 706 1.0
444 828 1.0
444 815 1.0
444 830 1.0
444 856 1.0
444 666 1.0
444 924 1.0
444 858 1.0
444 798 1.0
445 800 1.0
445 544 1.0
445 483 1.0
445 502 1.0
445 583 1.0
445 914 1.0
445 598 1.0
445 697 1.0
445 604 1.0
445 797 1.0
446 674 1.0
446 699 1.0
446 484 1.0
446 587 1.0
446 877 1.0
446 657 1.0
446 980 1.0
446 859 1.0
447 672 1.0
447 842 1.0
447 450 1.0
447 591 1.0
447 563 1.0
447 600 1.0
447 505 1.0
447 730 1.0
447 603 1.0
447 525 1.0
447 701 1.0
447 847 1.0
448 576 1.0
448 513 1.0
448 730 1.0
448 575 1.0
448 816 1.0
449 913 1.0
449 881 1.0
449 485 1.0
449 998 1.0
449 641 1.0
449 735 1.0
450 993 1.0
450 740 1.0
450 724 1.0
450 505 1.0
450 474 1.0
450 636 1.0
450 639 1.0
451 705 1.0
451 518 1.0
451 930 1.0
452 944 1.0
452 626 1.0
452 852 1.0
452 752 1.0
452 613 1.0
453 930 1.0
453 987 1.0
453 804 1.0
453 678 1.0
453 712 1.0
453 458 1.0
453 786 1.0
453 687 1.0
454 832 1.0
454 787 1.0
454 621 1.0
454 925 1.0
454 606 1.0
455 547 1.0
455 797 1.0
455 495 1.0
455 727 1.0
455 733 1.0
455 981 1.0
456 890 1.0
456 588 1.0
456 621 1.0
457 700 1.0
457 507 1.0
457 966 1.0
457 764 1.0
457 655 1.0
458 838 1.0
458 967 1.0
458 623 1.0
458 537 1.0
458 474 1.0
458 655 1.0
459 998 1.0
459 615 1.0
459 680 1.0
459 713 1.0
459 654 1.0
459 472 1.0
459 795 1.0
459 881 1.0
460 771 1.0
460 775 1.0
460 991 1.0
460 556 1.0
461 545 1.0
461 924 1.0
461 557 1.0
461 788 1.0
461 661 1.0
461 948 1.0
462 784 1.0
462 615 1.0
462 715 1.0
462 952 1.0
462 724 1.0
463 470 1.0
463 990 1.0
463 489 1.0
463 534 1.0
463 886 1.0
463 958 1.0
464 512 1.0
464 843 1.0
464 533 1.0
464 892 1.0
464 971 1.0
465 497 1.0
465 930 1.0
466 962 1.0
466 618 1.0
466 744 1.0
466 750 1.0
466 557 1.0
466 817 1.0
466 674 1.0
466 826 1.0
467 777 1.0
467 589 1.0
467 860 1.0
467 982 1.0
467 772 1.0
468 611 1.0
468 865 1.0
469 856 1.0
469 577 1.0
469 903 1.0
469 746 1.0
469 670 1.0
469 767 1.0
470 805 1.0
470 774 1.0
470 491 1.0
470 904 1.0
470 835 1.0
470 757 1.0
470 680 1.0
470 731 1.0
470 947 1.0
471 775 1.0
471 755 1.0
471 868 1.0
471 540 1.0
471 583 1.0
471 718 1.0
472 609 1.0
472 655 1.0
473 642 1.0
473 963 1.0
473 922 1.0
473 738 1.0
473 741 1.0
473 684 1.0
473 953 1.0
474 745 1.0
474 946 1.0
474 978 1.0
474 820 1.0
474 553 1.0
474 600 1.0
474 634 1.0
475 615 1.0
475 807 1.0
475 920 1.0
475 505 1.0
475 801 1.0
476 577 1.0
477 928 1.0
477 876 1.0
477 591 1.0
477 757 1.0
477 943 1.0
477 892 1.0
478 896 1.0
478 516 1.0
478 655 1.0
479 514 1.0
479 851 1.0
479 742 1.0
479 609 1.0
479 525 1.0
479 819 1.0
479 634 1.0
479 737 1.0
479 892 1.0
480 752 1.0
480 647 1.0
480 619 1.0
480 844 1.0
480 945 1.0
481 485 1.0
481 583 1.0
481 554 1.0
481 686 1.0
481 504 1.0
481 894 1.0
481 837 1.0
482 640 1.0
482 816 1.0
482 636 1.0
482 550 1.0
482 507 1.0
483 513 1.0
483 865 1.0
483 896 1.0
483 972 1.0
483 720 1.0
483 592 1.0
483 787 1.0
483 662 1.0
483 636 1.0
484 836 1.0
484 741 1.0
484 710 1.0
484 711 1.0
484 521 1.0
484 550 1.0
484 754 1.0
484 885 1.0
484 759 1.0
485 634 1.0
485 619 1.0
485 721 1.0
485 946 1.0
485 915 1.0
485 807 1.0
485 875 1.0
486 786 1.0
486 678 1.0
486 526 1.0
486 763 1.0
486 848 1.0
487 881 1.0
487 690 1.0
487 582 1.0
487 682 1.0
487 843 1.0
488 896 1.0
488 919 1.0
488 589 1.0
488 495 1.0
488 866 1.0
488 499 1.0
488 631 1.0
488 601 1.0
488 572 1.0
488 794 1.0
489 537 1.0
489 572 1.0
489 861 1.0
490 754 1.0
490 715 1.0
490 612 1.0
490 887 1.0
490 618 1.0
490 683 1.0
490 972 1.0
490 841 1.0
491 609 1.0
491 909 1.0
491 652 1.0
491 975 1.0
491 821 1.0
491 695 1.0
492 704 1.0
492 546 1.0
492 899 1.0
492 843 1.0
492 967 1.0
492 650 1.0
492 651 1.0
492 753 1.0
492 787 1.0
492 822 1.0
492 898 1.0
493 736 1.0
493 609 1.0
493 989 1.0
493 711 1.0
493 636 1.0
493 499 1.0
493 851 1.0
493 566 1.0
493 572 1.0
494 871 1.0
494 503 1.0
494 670 1.0
495 675 1.0
495 748 1.0
495 1000 1.0
495 506 1.0
495 970 1.0
495 719 1.0
496 609 1.0
496 642 1.0
496 963 1.0
496 868 1.0
496 660 1.0
496 757 1.0
496 663 1.0
496 735 1.0
496 701 1.0
496 670 1.0
496 501 1.0
497 519 1.0
497 764 1.0
497 618 1.0
497 623 1.0
497 915 1.0
497 533 1.0
497 728 1.0
497 633 1.0
497 540 1.0
497 940 1.0
498 992 1.0
498 710 1.0
498 897 1.0
498 767 1.0
499 610 1.0
499 611 1.0
499 945 1.0
499 522 1.0
499 533 1.0
499 880 1.0
499 659 1.0
499 732 1.0
499 862 1.0
499 805 1.0
500 531 1.0
500 757 1.0
500 864 1.0
500 841 1.0
500 906 1.0
500 722 1.0
501 930 1.0
501 759 1.0
501 940 1.0
501 660 1.0
501 985 1.0
501 891 1.0
501 893 1.0
501 991 1.0
502 833 1.0
502 841 1.0
502 650 1.0
502 915 1.0
502 883 1.0
502 664 1.0
502 987 1.0
502 543 1.0
503 576 1.0
503 656 1.0
503 691 1.0
503 692 1.0
503 742 1.0
503 942 1.0
503 505 1.0
504 651 1.0
504 772 1.0
504 908 1.0
504 763 1.0
504 924 1.0
504 829 1.0
504 731 1.0
505 864 1.0
505 961 1.0
505 895 1.0
505 997 1.0
505 774 1.0
505 521 1.0
505 972 1.0
505 660 1.0
505 543 1.0
505 916 1.0
505 988 1.0
506 935 1.0
506 909 1.0
506 757 1.0
506 759 1.0
506 522 1.0
506 719 1.0
506 543 1.0
507 615 1.0
507 726 1.0
507 863 1.0
507 709 1.0
508 530 1.0
508 747 1.0
508 716 1.0
508 595 1.0
509 840 1.0
509 667 1.0
509 921 1.0
509 793 1.0
509 906 1.0
509 803 1.0
509 613 1.0
510 576 1.0
510 810 1.0
511 869 1.0
511 743 1.0
511 717 1.0
511 724 1.0
511 568 1.0
512 770 1.0
512 529 1.0
512 633 1.0
512 704 1.0
513 770 1.0
513 680 1.0
513 991 1.0
514 545 1.0
514 791 1.0
514 693 1.0
514 921 1.0
514 605 1.0
514 542 1.0
515 720 1.0
515 863 1.0
515 987 1.0
515 769 1.0
515 570 1.0
515 807 1.0
516 553 1.0
516 976 1.0
516 689 1.0
516 946 1.0
516 934 1.0
516 605 1.0
516 959 1.0
517 976 1.0
517 966 1.0
517 854 1.0
517 815 1.0
518 581 1.0
518 969 1.0
518 750 1.0
518 624 1.0
519 738 1.0
519 822 1.0
519 728 1.0
519 794 1.0
519 798 1.0
520 547 1.0
520 542 1.0
520 922 1.0
520 554 1.0
520 826 1.0
520 638 1.0
520 861 1.0
521 688 1.0
521 675 1.0
521 709 1.0
521 810 1.0
521 733 1.0
521 985 1.0
521 659 1.0
521 924 1.0
521 959 1.0
522 644 1.0
522 616 1.0
522 554 1.0
522 747 1.0
522 909 1.0
523 752 1.0
523 644 1.0
523 662 1.0
523 688 1.0
523 651 1.0
524 578 1.0
524 829 1.0
524 750 1.0
524 793 1.0
524 730 1.0
525 769 1.0
525 550 1.0
525 975 1.0
525 688 1.0
525 818 1.0
525 854 1.0
526 611 1.0
526 713 1.0
526 973 1.0
526 919 1.0
526 787 1.0
527 592 1.0
527 550 1.0
527 910 1.0
528 803 1.0
528 677 1.0
528 872 1.0
528 970 1.0
528 845 1.0
528 915 1.0
528 632 1.0
529 676 1.0
529 997 1.0
529 711 1.0
529 937 1.0
529 813 1.0
529 973 1.0
529 882 1.0
529 885 1.0
529 804 1.0
529 821 1.0
530 935 1.0
530 684 1.0
530 941 1.0
530 723 1.0
530 787 1.0
530 890 1.0
530 765 1.0
531 866 1.0
531 779 1.0
531 799 1.0
531 581 1.0
532 548 1.0
532 755 1.0
532 765 1.0
533 614 1.0
533 788 1.0
533 568 1.0
533 709 1.0
534 808 1.0
534 765 1.0
534 590 1.0
535 800 1.0
535 583 1.0
535 904 1.0
535 589 1.0
535 858 1.0
535 604 1.0
536 934 1.0
536 871 1.0
536 781 1.0
536 910 1.0
536 690 1.0
536 883 1.0
537 784 1.0
537 977 1.0
537 786 1.0
537 959 1.0
538 898 1.0
538 982 1.0
538 733 1.0
539 546 1.0
539 616 1.0
539 586 1.0
539 748 1.0
539 567 1.0
539 792 1.0
539 829 1.0
539 670 1.0
540 921 1.0
540 820 1.0
540 873 1.0
540 900 1.0
540 557 1.0
540 574 1.0
541 902 1.0
541 656 1.0
541 695 1.0
541 697 1.0
541 922 1.0
541 607 1.0
542 896 1.0
542 753 1.0
542 555 1.0
542 720 1.0
542 904 1.0
542 947 1.0
542 762 1.0
543 833 1.0
543 680 1.0
543 872 1.0
543 563 1.0
543 761 1.0
543 828 1.0
543 762 1.0
544 965 1.0
544 586 1.0
544 846 1.0
545 672 1.0
545 923 1.0
545 661 1.0
545 859 1.0
546 615 1.0
546 684 1.0
546 813 1.0
546 730 1.0
546 701 1.0
546 895 1.0
547 934 1.0
547 657 1.0
547 914 1.0
547 698 1.0
547 565 1.0
548 656 1.0
548 657 1.0
548 769 1.0
548 590 1.0
549 834 1.0
549 966 1.0
549 973 1.0
549 574 1.0
550 728 1.0
550 924 1.0
551 706 1.0
551 781 1.0
551 742 1.0
551 609 1.0
551 873 1.0
551 974 1.0
551 653 1.0
551 726 1.0
551 721 1.0
551 628 1.0
551 914 1.0
552 737 1.0
552 616 1.0
552 556 1.0
552 907 1.0
552 809 1.0
553 916 1.0
554 963 1.0
554 869 1.0
554 998 1.0
554 653 1.0
555 721 1.0
555 922 1.0
555 557 1.0
556 645 1.0
556 598 1.0
557 674 1.0
557 708 1.0
557 970 1.0
557 719 1.0
557 945 1.0
558 704 1.0
558 774 1.0
558 563 1.0
558 756 1.0
558 885 1.0
558 954 1.0
558 670 1.0
559 733 1.0
560 577 1.0
560 866 1.0
560 804 1.0
560 967 1.0
560 890 1.0
560 711 1.0
560 702 1.0
561 981 1.0
561 566 1.0
562 618 1.0
562 775 1.0
562 1000 1.0
562 905 1.0
562 845 1.0
563 852 1.0
563 885 1.0
563 966 1.0
563 985 1.0
563 653 1.0
564 881 1.0
564 981 1.0
564 945 1.0
564 660 1.0
564 997 1.0
565 628 1.0
565 774 1.0
565 727 1.0
566 835 1.0
566 959 1.0
567 960 1.0
567 578 1.0
567 964 1.0
567 613 1.0
567 654 1.0
567 678 1.0
567 720 1.0
567 981 1.0
567 731 1.0
568 836 1.0
568 807 1.0
568 855 1.0
568 796 1.0
568 606 1.0
569 939 1.0
569 683 1.0
569 642 1.0
569 926 1.0
569 856 1.0
569 697 1.0
569 991 1.0
570 961 1.0
570 902 1.0
570 582 1.0
570 713 1.0
570 883 1.0
570 796 1.0
571 923 1.0
571 617 1.0
571 775 1.0
571 967 1.0
572 928 1.0
572 751 1.0
573 712 1.0
573 648 1.0
574 659 1.0
574 858 1.0
575 656 1.0
575 883 1.0
575 602 1.0
576 897 1.0
576 747 1.0
576 907 1.0
576 877 1.0
576 597 1.0
576 790 1.0
576 698 1.0
576 686 1.0
576 829 1.0
577 706 1.0
577 700 1.0
577 970 1.0
577 724 1.0
578 706 1.0
578 835 1.0
578 685 1.0
578 963 1.0
578 668 1.0
579 675 1.0
579 708 1.0
579 951 1.0
579 760 1.0
579 591 1.0
579 638 1.0
579 687 1.0
580 865 1.0
580 755 1.0
580 756 1.0
580 661 1.0
580 694 1.0
580 956 1.0
581 971 1.0
581 716 1.0
581 646 1.0
581 880 1.0
581 734 1.0
582 865 1.0
582 964 1.0
582 625 1.0
582 938 1.0
582 743 1.0
583 609 1.0
583 936 1.0
583 973 1.0
583 878 1.0
583 601 1.0
583 798 1.0
584 990 1.0
585 803 1.0
585 618 1.0
586 819 1.0
586 901 1.0
586 825 1.0
586 874 1.0
586 846 1.0
587 806 1.0
587 617 1.0
587 713 1.0
587 696 1.0
587 714 1.0
587 698 1.0
587 927 1.0
588 743 1.0
588 915 1.0
588 720 1.0
588 937 1.0
589 737 1.0
589 631 1.0
589 630 1.0
589 666 1.0
589 700 1.0
590 982 1.0
590 937 1.0
590 722 1.0
590 766 1.0
591 929 1.0
591 746 1.0
591 852 1.0
591 772 1.0
592 955 1.0
592 941 1.0
593 896 1.0
593 644 1.0
593 988 1.0
594 992 1.0
594 804 1.0
594 951 1.0
595 977 1.0
595 727 1.0
597 996 1.0
597 613 1.0
597 601 1.0
597 925 1.0
597 815 1.0
598 705 1.0
598 994 1.0
598 964 1.0
598 973 1.0
598 692 1.0
598 757 1.0
598 726 1.0
598 847 1.0
599 881 1.0
599 974 1.0
599 907 1.0
599 939 1.0
599 664 1.0
600 616 1.0
600 858 1.0
600 916 1.0
600 632 1.0
600 794 1.0
601 784 1.0
601 862 1.0
602 846 1.0
602 769 1.0
602 782 1.0
602 758 1.0
603 832 1.0
603 897 1.0
603 693 1.0
603 862 1.0
604 688 1.0
604 919 1.0
604 847 1.0
604 636 1.0
605 836 1.0
605 956 1.0
606 827 1.0
606 942 1.0
606 814 1.0
607 899 1.0
607 708 1.0
607 869 1.0
607 754 1.0
607 820 1.0
607 964 1.0
607 698 1.0
608 774 1.0
608 627 1.0
608 726 1.0
608 695 1.0
608 907 1.0
608 860 1.0
608 931 1.0
608 646 1.0
608 733 1.0
609 652 1.0
609 967 1.0
609 857 1.0
609 787 1.0
610 879 1.0
610 743 1.0
611 716 1.0
611 665 1.0
611 668 1.0
612 833 1.0
612 867 1.0
612 614 1.0
612 784 1.0
612 691 1.0
612 982 1.0
612 805 1.0
613 642 1.0
613 935 1.0
613 942 1.0
613 669 1.0
613 796 1.0
614 646 1.0
614 685 1.0
615 961 1.0
615 966 1.0
615 972 1.0
615 667 1.0
615 723 1.0
615 918 1.0
615 891 1.0
616 907 1.0
616 699 1.0
616 749 1.0
616 702 1.0
617 936 1.0
617 653 1.0
617 977 1.0
617 858 1.0
617 925 1.0
617 821 1.0
618 636 1.0
619 626 1.0
619 691 1.0
619 773 1.0
620 665 1.0
620 811 1.0
621 801 1.0
621 623 1.0
621 991 1.0
622 781 1.0
622 684 1.0
622 815 1.0
622 856 1.0
622 941 1.0
622 705 1.0
622 849 1.0
623 950 1.0
623 977 1.0
623 739 1.0
623 951 1.0
623 860 1.0
624 641 1.0
624 844 1.0
624 980 1.0
624 926 1.0
625 726 1.0
626 729 1.0
626 655 1.0
627 800 1.0
627 731 1.0
627 803 1.0
627 861 1.0
628 953 1.0
628 630 1.0
628 793 1.0
628 649 1.0
628 689 1.0
628 863 1.0
629 888 1.0
629 805 1.0
630 715 1.0
630 812 1.0
630 739 1.0
630 761 1.0
630 890 1.0
630 990 1.0
631 913 1.0
631 1000 1.0
631 919 1.0
631 748 1.0
631 637 1.0
632 881 1.0
632 910 1.0
632 842 1.0
633 706 1.0
633 673 1.0
633 936 1.0
633 850 1.0
633 921 1.0
633 881 1.0
633 989 1.0
634 918 1.0
634 911 1.0
635 851 1.0
635 983 1.0
635 844 1.0
636 776 1.0
636 814 1.0
636 728 1.0
636 829 1.0
636 671 1.0
637 995 1.0
637 709 1.0
637 999 1.0
637 776 1.0
637 820 1.0
637 799 1.0
638 836 1.0
638 998 1.0
638 679 1.0
638 649 1.0
638 972 1.0
638 860 1.0
638 995 1.0
638 852 1.0
638 887 1.0
638 889 1.0
638 698 1.0
639 868 1.0
639 712 1.0
639 809 1.0
639 996 1.0
640 656 1.0
640 736 1.0
640 936 1.0
640 889 1.0
641 830 1.0
641 926 1.0
641 666 1.0
641 973 1.0
642 779 1.0
642 911 1.0
642 913 1.0
642 692 1.0
642 990 1.0
642 830 1.0
643 995 1.0
643 774 1.0
643 868 1.0
643 669 1.0
644 708 1.0
644 966 1.0
644 942 1.0
644 783 1.0
644 754 1.0
645 675 1.0
645 691 1.0
645 670 1.0
646 657 1.0
646 818 1.0
646 803 1.0
646 694 1.0
646 901 1.0
646 669 1.0
648 902 1.0
648 660 1.0
648 696 1.0
648 825 1.0
649 805 1.0
649 679 1.0
649 683 1.0
649 944 1.0
649 871 1.0
649 656 1.0
649 923 1.0
649 720 1.0
650 677 1.0
650 908 1.0
650 654 1.0
650 957 1.0
650 862 1.0
651 868 1.0
651 915 1.0
651 917 1.0
651 918 1.0
651 666 1.0
651 958 1.0
652 787 1.0
652 966 1.0
652 945 1.0
652 826 1.0
652 796 1.0
652 686 1.0
653 768 1.0
653 865 1.0
653 741 1.0
653 782 1.0
653 857 1.0
653 926 1.0
654 690 1.0
654 910 1.0
654 991 1.0
655 964 1.0
655 780 1.0
655 978 1.0
656 839 1.0
656 843 1.0
656 978 1.0
656 858 1.0
657 680 1.0
657 848 1.0
657 934 1.0
657 722 1.0
657 825 1.0
657 987 1.0
658 959 1.0
658 693 1.0
658 731 1.0
658 919 1.0
658 825 1.0
658 715 1.0
659 721 1.0
659 715 1.0
660 742 1.0
660 935 1.0
660 908 1.0
661 829 1.0
662 982 1.0
662 944 1.0
662 872 1.0
662 675 1.0
662 765 1.0
663 779 1.0
663 950 1.0
663 810 1.0
663 859 1.0
663 754 1.0
663 847 1.0
664 705 1.0
664 968 1.0
664 781 1.0
664 782 1.0
665 800 1.0
665 705 1.0
665 973 1.0
665 850 1.0
665 694 1.0
665 856 1.0
666 987 1.0
666 963 1.0
666 799 1.0
666 765 1.0
667 881 1.0
668 812 1.0
668 845 1.0
669 833 1.0
669 873 1.0
669 848 1.0
669 756 1.0
669 860 1.0
669 925 1.0
670 928 1.0
670 779 1.0
671 840 1.0
671 915 1.0
671 899 1.0
671 863 1.0
672 962 1.0
672 857 1.0
672 681 1.0
672 769 1.0
673 837 1.0
673 770 1.0
673 877 1.0
674 737 1.0
674 722 1.0
675 706 1.0
675 726 1.0
675 702 1.0
676 877 1.0
677 738 1.0
677 915 1.0
677 686 1.0
677 890 1.0
677 765 1.0
678 967 1.0
678 904 1.0
678 946 1.0
678 792 1.0
679 758 1.0
679 972 1.0
679 822 1.0
679 895 1.0
680 710 1.0
680 774 1.0
680 858 1.0
680 859 1.0
681 791 1.0
681 855 1.0
681 758 1.0
682 962 1.0
682 885 1.0
682 956 1.0
683 774 1.0
683 843 1.0
683 720 1.0
683 977 1.0
683 867 1.0
683 972 1.0
684 827 1.0
685 897 1.0
685 731 1.0
685 900 1.0
685 902 1.0
685 760 1.0
685 953 1.0
685 827 1.0
685 894 1.0
686 728 1.0
686 692 1.0
687 705 1.0
687 730 1.0
687 893 1.0
687 985 1.0
687 855 1.0
687 875 1.0
687 891 1.0
688 720 1.0
688 827 1.0
688 794 1.0
689 833 1.0
689 903 1.0
689 829 1.0
689 697 1.0
689 783 1.0
690 782 1.0
690 900 1.0
690 698 1.0
691 832 1.0
691 834 1.0
691 710 1.0
691 889 1.0
691 752 1.0
691 855 1.0
691 823 1.0
691 856 1.0
692 751 1.0
693 728 1.0
693 836 1.0
694 952 1.0
694 743 1.0
694 782 1.0
695 928 1.0
695 779 1.0
695 859 1.0
696 866 1.0
696 867 1.0
696 698 1.0
696 730 1.0
697 791 1.0
697 953 1.0
697 825 1.0
697 776 1.0
698 773 1.0
698 777 1.0
698 857 1.0
698 799 1.0
698 800 1.0
698 748 1.0
698 969 1.0
698 953 1.0
699 962 1.0
699 936 1.0
700 858 1.0
700 752 1.0
700 755 1.0
701 994 1.0
701 968 1.0
701 715 1.0
701 885 1.0
701 889 1.0
701 894 1.0
702 880 1.0
702 715 1.0
702 728 1.0
702 739 1.0
702 984 1.0
703 984 1.0
703 780 1.0
703 829 1.0
704 875 1.0
704 719 1.0
704 855 1.0
704 952 1.0
704 890 1.0
704 879 1.0
704 830 1.0
705 823 1.0
706 952 1.0
707 985 1.0
707 972 1.0
708 914 1.0
708 974 1.0
709 898 1.0
710 737 1.0
710 908 1.0
710 936 1.0
710 951 1.0
710 922 1.0
711 785 1.0
711 967 1.0
711 948 1.0
712 881 1.0
712 915 1.0
712 968 1.0
712 949 1.0
713 918 1.0
713 910 1.0
713 727 1.0
713 745 1.0
713 725 1.0
713 951 1.0
713 943 1.0
713 796 1.0
714 799 1.0
714 964 1.0
715 728 1.0
715 793 1.0
716 743 1.0
716 981 1.0
716 790 1.0
716 995 1.0
717 801 1.0
717 775 1.0
717 843 1.0
718 816 1.0
718 912 1.0
719 919 1.0
719 924 1.0
720 912 1.0
720 874 1.0
721 993 1.0
721 991 1.0
722 817 1.0
722 957 1.0
723 824 1.0
723 988 1.0
723 829 1.0
724 878 1.0
724 945 1.0
724 809 1.0
724 792 1.0
724 826 1.0
724 895 1.0
725 960 1.0
725 770 1.0
725 919 1.0
726 996 1.0
726 962 1.0
726 910 1.0
726 847 1.0
726 926 1.0
727 752 1.0
727 905 1.0
727 777 1.0
727 888 1.0
727 987 1.0
728 910 1.0
728 776 1.0
728 760 1.0
728 826 1.0
729 731 1.0
729 962 1.0
730 771 1.0
730 967 1.0
730 817 1.0
730 820 1.0
731 900 1.0
731 911 1.0
731 854 1.0
731 891 1.0
731 892 1.0
731 735 1.0
732 928 1.0
732 868 1.0
732 877 1.0
732 909 1.0
732 855 1.0
732 948 1.0
733 742 1.0
733 779 1.0
733 965 1.0
733 787 1.0
733 887 1.0
733 803 1.0
733 943 1.0
733 796 1.0
734 850 1.0
735 900 1.0
735 798 1.0
735 872 1.0
735 784 1.0
736 962 1.0
736 847 1.0
736 753 1.0
737 824 1.0
737 897 1.0
738 834 1.0
738 751 1.0
738 913 1.0
738 887 1.0
738 988 1.0
739 754 1.0
739 980 1.0
739 790 1.0
739 863 1.0
739 975 1.0
740 790 1.0
740 969 1.0
740 748 1.0
740 747 1.0
740 841 1.0
741 980 1.0
741 986 1.0
741 985 1.0
741 991 1.0
742 804 1.0
742 814 1.0
742 890 1.0
743 926 1.0
744 968 1.0
744 836 1.0
744 940 1.0
745 977 1.0
747 816 1.0
747 947 1.0
748 889 1.0
748 767 1.0
749 897 1.0
749 940 1.0
750 809 1.0
750 873 1.0
751 840 1.0
751 818 1.0
752 804 1.0
752 766 1.0
752 773 1.0
753 779 1.0
753 813 1.0
755 857 1.0
756 774 1.0
756 778 1.0
756 811 1.0
757 761 1.0
757 798 1.0
757 805 1.0
758 785 1.0
758 946 1.0
758 936 1.0
758 991 1.0
759 829 1.0
759 997 1.0
760 825 1.0
760 853 1.0
760 771 1.0
760 829 1.0
760 863 1.0
761 963 1.0
762 830 1.0
762 902 1.0
762 855 1.0
762 781 1.0
763 869 1.0
763 903 1.0
763 857 1.0
764 882 1.0
764 996 1.0
764 890 1.0
765 897 1.0
765 851 1.0
765 818 1.0
766 848 1.0
766 936 1.0
766 937 1.0
766 889 1.0
766 861 1.0
766 863 1.0
767 806 1.0
767 937 1.0
767 926 1.0
768 859 1.0
768 902 1.0
768 995 1.0
769 918 1.0
771 775 1.0
771 986 1.0
771 892 1.0
772 849 1.0
772 898 1.0
772 987 1.0
772 899 1.0
773 802 1.0
773 943 1.0
773 931 1.0
774 912 1.0
774 919 1.0
775 929 1.0
776 964 1.0
776 901 1.0
776 934 1.0
776 781 1.0
777 931 1.0
777 847 1.0
777 913 1.0
778 903 1.0
778 888 1.0
778 842 1.0
778 988 1.0
779 867 1.0
779 983 1.0
779 873 1.0
779 1000 1.0
779 918 1.0
780 795 1.0
780 859 1.0
780 812 1.0
781 836 1.0
781 873 1.0
781 932 1.0
782 822 1.0
782 897 1.0
782 793 1.0
782 796 1.0
783 966 1.0
783 868 1.0
784 932 1.0
785 880 1.0
786 996 1.0
786 852 1.0
786 789 1.0
786 925 1.0
786 863 1.0
787 895 1.0
787 792 1.0
788 946 1.0
788 998 1.0
788 967 1.0
788 921 1.0
788 970 1.0
789 803 1.0
789 903 1.0
789 952 1.0
792 869 1.0
792 948 1.0
793 798 1.0
793 934 1.0
793 841 1.0
793 925 1.0
794 801 1.0
794 944 1.0
794 836 1.0
794 870 1.0
794 868 1.0
794 797 1.0
797 984 1.0
797 959 1.0
798 875 1.0
800 843 1.0
800 992 1.0
800 810 1.0
801 932 1.0
801 882 1.0
801 988 1.0
802 915 1.0
803 951 1.0
804 818 1.0
805 1000 1.0
805 942 1.0
805 980 1.0
806 815 1.0
806 959 1.0
806 843 1.0
807 991 1.0
807 821 1.0
808 867 1.0
808 909 1.0
809 871 1.0
810 912 1.0
810 1000 1.0
810 824 1.0
810 818 1.0
810 826 1.0
810 927 1.0
811 882 1.0
812 987 1.0
812 854 1.0
812 959 1.0
815 961 1.0
815 908 1.0
815 918 1.0
816 964 1.0
816 867 1.0
816 892 1.0
817 859 1.0
818 835 1.0
819 913 1.0
820 840 1.0
820 848 1.0
820 947 1.0
821 904 1.0
821 974 1.0
821 967 1.0
821 885 1.0
821 959 1.0
822 880 1.0
822 996 1.0
822 949 1.0
823 884 1.0
824 901 1.0
824 971 1.0
824 857 1.0
824 827 1.0
825 902 1.0
825 954 1.0
825 959 1.0
826 834 1.0
826 999 1.0
826 942 1.0
826 975 1.0
826 921 1.0
827 896 1.0
827 879 1.0
827 886 1.0
827 922 1.0
827 924 1.0
827 831 1.0
828 971 1.0
828 925 1.0
828 970 1.0
828 852 1.0
829 992 1.0
829 944 1.0
831 930 1.0
832 871 1.0
832 968 1.0
833 865 1.0
834 946 1.0
835 859 1.0
836 926 1.0
836 856 1.0
836 904 1.0
837 882 1.0
837 934 1.0
837 986 1.0
838 919 1.0
839 941 1.0
840 900 1.0
841 928 1.0
841 851 1.0
842 934 1.0
843 990 1.0
844 853 1.0
845 973 1.0
847 999 1.0
847 855 1.0
847 949 1.0
847 965 1.0
848 866 1.0
848 986 1.0
850 894 1.0
851 968 1.0
851 932 1.0
851 991 1.0
852 960 1.0
852 934 1.0
852 903 1.0
852 862 1.0
853 923 1.0
853 965 1.0
853 943 1.0
853 913 1.0
853 981 1.0
854 874 1.0
854 892 1.0
854 863 1.0
855 963 1.0
856 967 1.0
857 988 1.0
858 872 1.0
859 866 1.0
859 881 1.0
859 883 1.0
859 944 1.0
859 930 1.0
859 925 1.0
861 895 1.0
862 945 1.0
862 895 1.0
863 921 1.0
863 947 1.0
864 924 1.0
865 966 1.0
865 887 1.0
866 973 1.0
866 889 1.0
866 947 1.0
867 998 1.0
867 972 1.0
868 905 1.0
869 989 1.0
870 912 1.0
870 977 1.0
870 906 1.0
871 960 1.0
871 994 1.0
871 876 1.0
872 977 1.0
872 874 1.0
873 944 1.0
873 915 1.0
874 958 1.0
874 954 1.0
875 985 1.0
876 882 1.0
876 905 1.0
877 879 1.0
878 883 1.0
879 911 1.0
880 995 1.0
880 973 1.0
881 972 1.0
882 970 1.0
882 989 1.0
883 893 1.0
883 885 1.0
883 956 1.0
885 997 1.0
885 986 1.0
885 894 1.0
886 900 1.0
886 983 1.0
886 924 1.0
887 995 1.0
888 896 1.0
888 1000 1.0
888 906 1.0
889 910 1.0
890 978 1.0
890 918 1.0
892 909 1.0
893 948 1.0
896 942 1.0
897 978 1.0
897 974 1.0
898 926 1.0
899 915 1.0
900 946 1.0
901 996 1.0
901 967 1.0
902 982 1.0
902 923 1.0
903 939 1.0
906 916 1.0
906 986 1.0
907 974 1.0
908 951 1.0
910 934 1.0
911 981 1.0
912 976 1.0
912 968 1.0
913 954 1.0
913 927 1.0
915 976 1.0
916 943 1.0
919 971 1.0
922 950 1.0
927 971 1.0
928 937 1.0
928 959 1.0
931 948 1.0
931 953 1.0
933 934 1.0
933 970 1.0
934 996 1.0
936 996 1.0
936 969 1.0
936 956 1.0
941 985 1.0
942 996 1.0
944 976 1.0
951 974 1.0
952 967 1.0
952 995 1.0
953 954 1.0
956 973 1.0
959 993 1.0
966 987 1.0
973 995 1.0
974 975 1.0
977 996 1.0
979 983 1.0
992 998 1.0
