*vertices 200
1 1 0.0 0.0 ellipse
2 2 0.0 0.0 ellipse
3 3 0.0 0.0 ellipse
4 4 0.0 0.0 ellipse
5 5 0.0 0.0 ellipse
6 6 0.0 0.0 ellipse
7 7 0.0 0.0 ellipse
8 8 0.0 0.0 ellipse
9 9 0.0 0.0 ellipse
10 10 0.0 0.0 ellipse
11 11 0.0 0.0 ellipse
12 12 0.0 0.0 ellipse
13 13 0.0 0.0 ellipse
14 14 0.0 0.0 ellipse
15 15 0.0 0.0 ellipse
16 16 0.0 0.0 ellipse
17 17 0.0 0.0 ellipse
18 18 0.0 0.0 ellipse
19 19 0.0 0.0 ellipse
20 20 0.0 0.0 ellipse
21 21 0.0 0.0 ellipse
22 22 0.0 0.0 ellipse
23 23 0.0 0.0 ellipse
24 24 0.0 0.0 ellipse
25 25 0.0 0.0 ellipse
26 26 0.0 0.0 ellipse
27 27 0.0 0.0 ellipse
28 28 0.0 0.0 ellipse
29 29 0.0 0.0 ellipse
30 30 0.0 0.0 ellipse
31 31 0.0 0.0 ellipse
32 32 0.0 0.0 ellipse
33 33 0.0 0.0 ellipse
34 34 0.0 0.0 ellipse
35 35 0.0 0.0 ellipse
36 36 0.0 0.0 ellipse
37 37 0.0 0.0 ellipse
38 38 0.0 0.0 ellipse
39 39 0.0 0.0 ellipse
40 40 0.0 0.0 ellipse
41 41 0.0 0.0 ellipse
42 42 0.0 0.0 ellipse
43 43 0.0 0.0 ellipse
44 44 0.0 0.0 ellipse
45 45 0.0 0.0 ellipse
46 46 0.0 0.0 ellipse
47 47 0.0 0.0 ellipse
48 48 0.0 0.0 ellipse
49 49 0.0 0.0 ellipse
50 50 0.0 0.0 ellipse
51 51 0.0 0.0 ellipse
52 52 0.0 0.0 ellipse
53 53 0.0 0.0 ellipse
54 54 0.0 0.0 ellipse
55 55 0.0 0.0 ellipse
56 56 0.0 0.0 ellipse
57 57 0.0 0.0 ellipse
58 58 0.0 0.0 ellipse
59 59 0.0 0.0 ellipse
60 60 0.0 0.0 ellipse
61 61 0.0 0.0 ellipse
62 62 0.0 0.0 ellipse
63 63 0.0 0.0 ellipse
64 64 0.0 0.0 ellipse
65 65 0.0 0.0 ellipse
66 66 0.0 0.0 ellipse
67 67 0.0 0.0 ellipse
68 68 0.0 0.0 ellipse
69 69 0.0 0.0 ellipse
70 70 0.0 0.0 ellipse
71 71 0.0 0.0 ellipse
72 72 0.0 0.0 ellipse
73 73 0.0 0.0 ellipse
74 74 0.0 0.0 ellipse
75 75 0.0 0.0 ellipse
76 76 0.0 0.0 ellipse
77 77 0.0 0.0 ellipse
78 78 0.0 0.0 ellipse
79 79 0.0 0.0 ellipse
80 80 0.0 0.0 ellipse
81 81 0.0 0.0 ellipse
82 82 0.0 0.0 ellipse
83 83 0.0 0.0 ellipse
84 84 0.0 0.0 ellipse
85 85 0.0 0.0 ellipse
86 86 0.0 0.0 ellipse
87 87 0.0 0.0 ellipse
88 88 0.0 0.0 ellipse
89 89 0.0 0.0 ellipse
90 90 0.0 0.0 ellipse
91 91 0.0 0.0 ellipse
92 92 0.0 0.0 ellipse
93 93 0.0 0.0 ellipse
94 94 0.0 0.0 ellipse
95 95 0.0 0.0 ellipse
96 96 0.0 0.0 ellipse
97 97 0.0 0.0 ellipse
98 98 0.0 0.0 ellipse
99 99 0.0 0.0 ellipse
100 100 0.0 0.0 ellipse
101 101 0.0 0.0 ellipse
102 102 0.0 0.0 ellipse
103 103 0.0 0.0 ellipse
104 104 0.0 0.0 ellipse
105 105 0.0 0.0 ellipse
106 106 0.0 0.0 ellipse
107 107 0.0 0.0 ellipse
108 108 0.0 0.0 ellipse
109 109 0.0 0.0 ellipse
110 110 0.0 0.0 ellipse
111 111 0.0 0.0 ellipse
112 112 0.0 0.0 ellipse
113 113 0.0 0.0 ellipse
114 114 0.0 0.0 ellipse
115 115 0.0 0.0 ellipse
116 116 0.0 0.0 ellipse
117 117 0.0 0.0 ellipse
118 118 0.0 0.0 ellipse
119 119 0.0 0.0 ellipse
120 120 0.0 0.0 ellipse
121 121 0.0 0.0 ellipse
122 122 0.0 0.0 ellipse
123 123 0.0 0.0 ellipse
124 124 0.0 0.0 ellipse
125 125 0.0 0.0 ellipse
126 126 0.0 0.0 ellipse
127 127 0.0 0.0 ellipse
128 128 0.0 0.0 ellipse
129 129 0.0 0.0 ellipse
130 130 0.0 0.0 ellipse
131 131 0.0 0.0 ellipse
132 132 0.0 0.0 ellipse
133 133 0.0 0.0 ellipse
134 134 0.0 0.0 ellipse
135 135 0.0 0.0 ellipse
136 136 0.0 0.0 ellipse
137 137 0.0 0.0 ellipse
138 138 0.0 0.0 ellipse
139 139 0.0 0.0 ellipse
140 140 0.0 0.0 ellipse
141 141 0.0 0.0 ellipse
142 142 0.0 0.0 ellipse
143 143 0.0 0.0 ellipse
144 144 0.0 0.0 ellipse
145 145 0.0 0.0 ellipse
146 146 0.0 0.0 ellipse
147 147 0.0 0.0 ellipse
148 148 0.0 0.0 ellipse
149 149 0.0 0.0 ellipse
150 150 0.0 0.0 ellipse
151 151 0.0 0.0 ellipse
152 152 0.0 0.0 ellipse
153 153 0.0 0.0 ellipse
154 154 0.0 0.0 ellipse
155 155 0.0 0.0 ellipse
156 156 0.0 0.0 ellipse
157 157 0.0 0.0 ellipse
158 158 0.0 0.0 ellipse
159 159 0.0 0.0 ellipse
160 160 0.0 0.0 ellipse
161 161 0.0 0.0 ellipse
162 162 0.0 0.0 ellipse
163 163 0.0 0.0 ellipse
164 164 0.0 0.0 ellipse
165 165 0.0 0.0 ellipse
166 166 0.0 0.0 ellipse
167 167 0.0 0.0 ellipse
168 168 0.0 0.0 ellipse
169 169 0.0 0.0 ellipse
170 170 0.0 0.0 ellipse
171 171 0.0 0.0 ellipse
172 172 0.0 0.0 ellipse
173 173 0.0 0.0 ellipse
174 174 0.0 0.0 ellipse
175 175 0.0 0.0 ellipse
176 176 0.0 0.0 ellipse
177 177 0.0 0.0 ellipse
178 178 0.0 0.0 ellipse
179 179 0.0 0.0 ellipse
180 180 0.0 0.0 ellipse
181 181 0.0 0.0 ellipse
182 182 0.0 0.0 ellipse
183 183 0.0 0.0 ellipse
184 184 0.0 0.0 ellipse
185 185 0.0 0.0 ellipse
186 186 0.0 0.0 ellipse
187 187 0.0 0.0 ellipse
188 188 0.0 0.0 ellipse
189 189 0.0 0.0 ellipse
190 190 0.0 0.0 ellipse
191 191 0.0 0.0 ellipse
192 192 0.0 0.0 ellipse
193 193 0.0 0.0 ellipse
194 194 0.0 0.0 ellipse
195 195 0.0 0.0 ellipse
196 196 0.0 0.0 ellipse
197 197 0.0 0.0 ellipse
198 198 0.0 0.0 ellipse
199 199 0.0 0.0 ellipse
200 200 0.0 0.0 ellipse
*edges
1 113 1.0
2 48 1.0
2 117 1.0
2 93 1.0
3 197 1.0
4 64 1.0
4 81 1.0
4 66 1.0
4 101 1.0
4 70 1.0
4 121 1.0
4 73 1.0
4 94 1.0
5 88 1.0
5 164 1.0
6 41 1.0
6 58 1.0
6 43 1.0
7 194 1.0
7 196 1.0
7 181 1.0
7 137 1.0
7 154 1.0
7 127 1.0
8 73 1.0
8 38 1.0
8 119 1.0
9 61 1.0
9 70 1.0
10 97 1.0
10 123 1.0
10 190 1.0
10 94 1.0
11 179 1.0
11 150 1.0
11 95 1.0
12 25 1.0
12 122 1.0
12 139 1.0
12 45 1.0
12 22 1.0
13 83 1.0
13 53 1.0
14 128 1.0
14 169 1.0
14 82 1.0
14 46 1.0
14 183 1.0
15 122 1.0
16 72 1.0
16 153 1.0
16 26 1.0
16 44 1.0
17 26 1.0
17 124 1.0
17 58 1.0
18 193 1.0
18 188 1.0
18 165 1.0
20 104 1.0
20 107 1.0
20 46 1.0
21 123 1.0
21 129 1.0
21 99 1.0
21 193 1.0
22 104 1.0
22 165 1.0
23 187 1.0
23 175 1.0
24 193 1.0
24 194 1.0
24 67 1.0
24 155 1.0
24 167 1.0
26 66 1.0
26 133 1.0
26 150 1.0
26 135 1.0
26 105 1.0
27 96 1.0
27 89 1.0
27 152 1.0
27 194 1.0
28 177 1.0
28 122 1.0
28 164 1.0
28 77 1.0
29 106 1.0
29 43 1.0
29 154 1.0
30 146 1.0
30 196 1.0
30 190 1.0
30 86 1.0
30 45 1.0
31 88 1.0
31 81 1.0
31 69 1.0
31 94 1.0
31 161 1.0
32 98 1.0
32 132 1.0
33 160 1.0
33 65 1.0
33 130 1.0
33 44 1.0
33 119 1.0
34 179 1.0
34 156 1.0
35 136 1.0
35 60 1.0
36 105 1.0
36 92 1.0
37 80 1.0
37 75 1.0
37 179 1.0
38 41 1.0
38 119 1.0
39 187 1.0
39 164 1.0
39 45 1.0
40 123 1.0
40 173 1.0
40 102 1.0
40 119 1.0
41 143 1.0
41 71 1.0
42 178 1.0
42 51 1.0
43 97 1.0
43 165 1.0
43 151 1.0
43 185 1.0
44 74 1.0
44 153 1.0
44 103 1.0
45 113 1.0
45 66 1.0
45 102 1.0
45 105 1.0
45 139 1.0
45 47 1.0
46 193 1.0
46 194 1.0
46 199 1.0
46 88 1.0
46 185 1.0
46 170 1.0
47 128 1.0
47 137 1.0
47 138 1.0
47 92 1.0
48 132 1.0
48 119 1.0
48 200 1.0
48 151 1.0
48 126 1.0
49 83 1.0
50 158 1.0
50 198 1.0
50 57 1.0
50 91 1.0
50 126 1.0
50 166 1.0
51 153 1.0
52 65 1.0
52 91 1.0
52 196 1.0
52 166 1.0
53 192 1.0
53 99 1.0
53 182 1.0
53 111 1.0
54 138 1.0
54 92 1.0
54 165 1.0
55 96 1.0
55 97 1.0
55 168 1.0
56 191 1.0
57 199 1.0
58 134 1.0
59 185 1.0
59 77 1.0
59 190 1.0
59 85 1.0
61 100 1.0
62 104 1.0
62 90 1.0
62 165 1.0
63 119 1.0
63 81 1.0
63 67 1.0
63 93 1.0
63 103 1.0
64 108 1.0
64 172 1.0
64 150 1.0
64 183 1.0
65 69 1.0
65 119 1.0
65 75 1.0
65 94 1.0
65 101 1.0
66 194 1.0
66 134 1.0
66 92 1.0
66 158 1.0
68 153 1.0
69 88 1.0
69 97 1.0
70 146 1.0
71 146 1.0
71 73 1.0
72 116 1.0
73 161 1.0
73 166 1.0
73 182 1.0
73 196 1.0
74 197 1.0
74 127 1.0
75 191 1.0
75 76 1.0
75 77 1.0
76 155 1.0
77 145 1.0
77 105 1.0
77 108 1.0
77 173 1.0
78 120 1.0
78 81 1.0
78 187 1.0
81 178 1.0
84 175 1.0
85 109 1.0
86 138 1.0
86 173 1.0
86 167 1.0
87 184 1.0
87 174 1.0
88 171 1.0
89 157 1.0
90 92 1.0
90 110 1.0
90 158 1.0
92 147 1.0
92 151 1.0
92 126 1.0
93 160 1.0
93 131 1.0
93 116 1.0
93 122 1.0
93 159 1.0
94 147 1.0
94 133 1.0
95 184 1.0
95 109 1.0
95 165 1.0
96 162 1.0
96 155 1.0
97 179 1.0
97 130 1.0
97 139 1.0
97 162 1.0
97 154 1.0
98 198 1.0
99 184 1.0
99 130 1.0
100 105 1.0
100 164 1.0
100 102 1.0
100 119 1.0
101 144 1.0
102 177 1.0
102 162 1.0
103 168 1.0
103 106 1.0
103 198 1.0
104 162 1.0
104 117 1.0
106 189 1.0
107 117 1.0
108 157 1.0
108 173 1.0
108 141 1.0
109 129 1.0
111 116 1.0
111 199 1.0
111 138 1.0
111 123 1.0
111 174 1.0
112 196 1.0
113 187 1.0
114 138 1.0
115 180 1.0
116 133 1.0
116 200 1.0
117 160 1.0
117 162 1.0
119 140 1.0
119 165 1.0
120 153 1.0
121 184 1.0
121 197 1.0
121 127 1.0
122 166 1.0
122 200 1.0
123 159 1.0
124 168 1.0
124 179 1.0
124 133 1.0
125 170 1.0
126 137 1.0
126 149 1.0
129 157 1.0
134 183 1.0
135 147 1.0
136 182 1.0
137 138 1.0
137 166 1.0
139 162 1.0
142 153 1.0
142 188 1.0
144 155 1.0
144 199 1.0
145 173 1.0
145 151 1.0
147 188 1.0
147 182 1.0
150 186 1.0
150 195 1.0
152 176 1.0
152 173 1.0
153 174 1.0
155 170 1.0
155 200 1.0
155 190 1.0
158 184 1.0
158 178 1.0
162 171 1.0
162 190 1.0
166 192 1.0
167 170 1.0
171 174 1.0
173 182 1.0
173 184 1.0
176 182 1.0
186 194 1.0
187 196 1.0
