*vertices 200
1 0 0.0 0.0 ellipse
2 1 0.0 0.0 ellipse
3 2 0.0 0.0 ellipse
4 3 0.0 0.0 ellipse
5 4 0.0 0.0 ellipse
6 5 0.0 0.0 ellipse
7 6 0.0 0.0 ellipse
8 7 0.0 0.0 ellipse
9 8 0.0 0.0 ellipse
10 9 0.0 0.0 ellipse
11 10 0.0 0.0 ellipse
12 11 0.0 0.0 ellipse
13 12 0.0 0.0 ellipse
14 13 0.0 0.0 ellipse
15 14 0.0 0.0 ellipse
16 15 0.0 0.0 ellipse
17 16 0.0 0.0 ellipse
18 17 0.0 0.0 ellipse
19 18 0.0 0.0 ellipse
20 19 0.0 0.0 ellipse
21 20 0.0 0.0 ellipse
22 21 0.0 0.0 ellipse
23 22 0.0 0.0 ellipse
24 23 0.0 0.0 ellipse
25 24 0.0 0.0 ellipse
26 25 0.0 0.0 ellipse
27 26 0.0 0.0 ellipse
28 27 0.0 0.0 ellipse
29 28 0.0 0.0 ellipse
30 29 0.0 0.0 ellipse
31 30 0.0 0.0 ellipse
32 31 0.0 0.0 ellipse
33 32 0.0 0.0 ellipse
34 33 0.0 0.0 ellipse
35 34 0.0 0.0 ellipse
36 35 0.0 0.0 ellipse
37 36 0.0 0.0 ellipse
38 37 0.0 0.0 ellipse
39 38 0.0 0.0 ellipse
40 39 0.0 0.0 ellipse
41 40 0.0 0.0 ellipse
42 41 0.0 0.0 ellipse
43 42 0.0 0.0 ellipse
44 43 0.0 0.0 ellipse
45 44 0.0 0.0 ellipse
46 45 0.0 0.0 ellipse
47 46 0.0 0.0 ellipse
48 47 0.0 0.0 ellipse
49 48 0.0 0.0 ellipse
50 49 0.0 0.0 ellipse
51 50 0.0 0.0 ellipse
52 51 0.0 0.0 ellipse
53 52 0.0 0.0 ellipse
54 53 0.0 0.0 ellipse
55 54 0.0 0.0 ellipse
56 55 0.0 0.0 ellipse
57 56 0.0 0.0 ellipse
58 57 0.0 0.0 ellipse
59 58 0.0 0.0 ellipse
60 59 0.0 0.0 ellipse
61 60 0.0 0.0 ellipse
62 61 0.0 0.0 ellipse
63 62 0.0 0.0 ellipse
64 63 0.0 0.0 ellipse
65 64 0.0 0.0 ellipse
66 65 0.0 0.0 ellipse
67 66 0.0 0.0 ellipse
68 67 0.0 0.0 ellipse
69 68 0.0 0.0 ellipse
70 69 0.0 0.0 ellipse
71 70 0.0 0.0 ellipse
72 71 0.0 0.0 ellipse
73 72 0.0 0.0 ellipse
74 73 0.0 0.0 ellipse
75 74 0.0 0.0 ellipse
76 75 0.0 0.0 ellipse
77 76 0.0 0.0 ellipse
78 77 0.0 0.0 ellipse
79 78 0.0 0.0 ellipse
80 79 0.0 0.0 ellipse
81 80 0.0 0.0 ellipse
82 81 0.0 0.0 ellipse
83 82 0.0 0.0 ellipse
84 83 0.0 0.0 ellipse
85 84 0.0 0.0 ellipse
86 85 0.0 0.0 ellipse
87 86 0.0 0.0 ellipse
88 87 0.0 0.0 ellipse
89 88 0.0 0.0 ellipse
90 89 0.0 0.0 ellipse
91 90 0.0 0.0 ellipse
92 91 0.0 0.0 ellipse
93 92 0.0 0.0 ellipse
94 93 0.0 0.0 ellipse
95 94 0.0 0.0 ellipse
96 95 0.0 0.0 ellipse
97 96 0.0 0.0 ellipse
98 97 0.0 0.0 ellipse
99 98 0.0 0.0 ellipse
100 99 0.0 0.0 ellipse
101 100 0.0 0.0 ellipse
102 101 0.0 0.0 ellipse
103 102 0.0 0.0 ellipse
104 103 0.0 0.0 ellipse
105 104 0.0 0.0 ellipse
106 105 0.0 0.0 ellipse
107 106 0.0 0.0 ellipse
108 107 0.0 0.0 ellipse
109 108 0.0 0.0 ellipse
110 109 0.0 0.0 ellipse
111 110 0.0 0.0 ellipse
112 111 0.0 0.0 ellipse
113 112 0.0 0.0 ellipse
114 113 0.0 0.0 ellipse
115 114 0.0 0.0 ellipse
116 115 0.0 0.0 ellipse
117 116 0.0 0.0 ellipse
118 117 0.0 0.0 ellipse
119 118 0.0 0.0 ellipse
120 119 0.0 0.0 ellipse
121 120 0.0 0.0 ellipse
122 121 0.0 0.0 ellipse
123 122 0.0 0.0 ellipse
124 123 0.0 0.0 ellipse
125 124 0.0 0.0 ellipse
126 125 0.0 0.0 ellipse
127 126 0.0 0.0 ellipse
128 127 0.0 0.0 ellipse
129 128 0.0 0.0 ellipse
130 129 0.0 0.0 ellipse
131 130 0.0 0.0 ellipse
132 131 0.0 0.0 ellipse
133 132 0.0 0.0 ellipse
134 133 0.0 0.0 ellipse
135 134 0.0 0.0 ellipse
136 135 0.0 0.0 ellipse
137 136 0.0 0.0 ellipse
138 137 0.0 0.0 ellipse
139 138 0.0 0.0 ellipse
140 139 0.0 0.0 ellipse
141 140 0.0 0.0 ellipse
142 141 0.0 0.0 ellipse
143 142 0.0 0.0 ellipse
144 143 0.0 0.0 ellipse
145 144 0.0 0.0 ellipse
146 145 0.0 0.0 ellipse
147 146 0.0 0.0 ellipse
148 147 0.0 0.0 ellipse
149 148 0.0 0.0 ellipse
150 149 0.0 0.0 ellipse
151 150 0.0 0.0 ellipse
152 151 0.0 0.0 ellipse
153 152 0.0 0.0 ellipse
154 153 0.0 0.0 ellipse
155 154 0.0 0.0 ellipse
156 155 0.0 0.0 ellipse
157 156 0.0 0.0 ellipse
158 157 0.0 0.0 ellipse
159 158 0.0 0.0 ellipse
160 159 0.0 0.0 ellipse
161 160 0.0 0.0 ellipse
162 161 0.0 0.0 ellipse
163 162 0.0 0.0 ellipse
164 163 0.0 0.0 ellipse
165 164 0.0 0.0 ellipse
166 165 0.0 0.0 ellipse
167 166 0.0 0.0 ellipse
168 167 0.0 0.0 ellipse
169 168 0.0 0.0 ellipse
170 169 0.0 0.0 ellipse
171 170 0.0 0.0 ellipse
172 171 0.0 0.0 ellipse
173 172 0.0 0.0 ellipse
174 173 0.0 0.0 ellipse
175 174 0.0 0.0 ellipse
176 175 0.0 0.0 ellipse
177 176 0.0 0.0 ellipse
178 177 0.0 0.0 ellipse
179 178 0.0 0.0 ellipse
180 179 0.0 0.0 ellipse
181 180 0.0 0.0 ellipse
182 181 0.0 0.0 ellipse
183 182 0.0 0.0 ellipse
184 183 0.0 0.0 ellipse
185 184 0.0 0.0 ellipse
186 185 0.0 0.0 ellipse
187 186 0.0 0.0 ellipse
188 187 0.0 0.0 ellipse
189 188 0.0 0.0 ellipse
190 189 0.0 0.0 ellipse
191 190 0.0 0.0 ellipse
192 191 0.0 0.0 ellipse
193 192 0.0 0.0 ellipse
194 193 0.0 0.0 ellipse
195 194 0.0 0.0 ellipse
196 195 0.0 0.0 ellipse
197 196 0.0 0.0 ellipse
198 197 0.0 0.0 ellipse
199 198 0.0 0.0 ellipse
200 199 0.0 0.0 ellipse
*edges
1 72 1.0
2 71 1.0
3 37 1.0
4 7 1.0
5 17 1.0
5 188 1.0
5 7 1.0
6 195 1.0
6 109 1.0
6 182 1.0
7 97 1.0
7 199 1.0
7 167 1.0
7 72 1.0
7 169 1.0
7 74 1.0
7 108 1.0
7 47 1.0
7 82 1.0
7 20 1.0
7 55 1.0
7 24 1.0
7 154 1.0
7 69 1.0
7 28 1.0
7 127 1.0
7 64 1.0
8 91 1.0
9 49 1.0
9 124 1.0
9 95 1.0
10 108 1.0
10 30 1.0
11 124 1.0
11 181 1.0
11 127 1.0
12 36 1.0
12 192 1.0
13 174 1.0
14 63 1.0
15 73 1.0
16 181 1.0
16 152 1.0
18 178 1.0
18 32 1.0
19 105 1.0
19 160 1.0
21 195 1.0
22 154 1.0
23 44 1.0
23 200 1.0
25 164 1.0
26 69 1.0
27 57 1.0
28 51 1.0
28 164 1.0
28 181 1.0
28 40 1.0
28 42 1.0
28 127 1.0
29 168 1.0
30 147 1.0
30 133 1.0
31 150 1.0
31 151 1.0
33 50 1.0
34 195 1.0
35 147 1.0
37 117 1.0
38 185 1.0
38 88 1.0
39 86 1.0
41 71 1.0
42 73 1.0
42 146 1.0
42 156 1.0
43 141 1.0
43 160 1.0
44 181 1.0
45 106 1.0
46 130 1.0
46 59 1.0
46 53 1.0
46 71 1.0
47 172 1.0
48 134 1.0
49 51 1.0
50 61 1.0
50 72 1.0
51 77 1.0
52 193 1.0
54 81 1.0
54 133 1.0
54 102 1.0
55 94 1.0
56 168 1.0
57 119 1.0
58 175 1.0
59 137 1.0
59 106 1.0
60 115 1.0
62 161 1.0
62 173 1.0
62 150 1.0
63 177 1.0
63 163 1.0
65 147 1.0
66 151 1.0
67 153 1.0
68 75 1.0
68 76 1.0
69 129 1.0
69 165 1.0
69 110 1.0
69 144 1.0
70 71 1.0
71 148 1.0
71 152 1.0
71 186 1.0
71 107 1.0
71 124 1.0
71 162 1.0
72 200 1.0
72 170 1.0
72 127 1.0
72 160 1.0
75 121 1.0
78 107 1.0
78 128 1.0
79 80 1.0
81 85 1.0
82 157 1.0
83 150 1.0
84 168 1.0
86 138 1.0
86 107 1.0
87 169 1.0
88 109 1.0
89 184 1.0
90 106 1.0
91 122 1.0
92 154 1.0
92 195 1.0
92 131 1.0
92 110 1.0
93 116 1.0
94 96 1.0
95 158 1.0
98 120 1.0
99 123 1.0
100 168 1.0
101 107 1.0
103 178 1.0
104 194 1.0
104 143 1.0
106 132 1.0
106 142 1.0
107 119 1.0
107 148 1.0
107 133 1.0
107 170 1.0
108 139 1.0
108 166 1.0
110 149 1.0
111 116 1.0
112 191 1.0
113 151 1.0
114 150 1.0
118 181 1.0
119 129 1.0
121 160 1.0
125 175 1.0
126 161 1.0
127 185 1.0
127 173 1.0
128 180 1.0
129 194 1.0
131 181 1.0
132 140 1.0
135 160 1.0
136 154 1.0
141 145 1.0
142 195 1.0
144 187 1.0
145 150 1.0
147 189 1.0
150 196 1.0
154 171 1.0
155 175 1.0
156 171 1.0
158 190 1.0
158 159 1.0
166 187 1.0
167 190 1.0
175 197 1.0
176 189 1.0
178 196 1.0
179 181 1.0
183 195 1.0
195 198 1.0
196 199 1.0
