*vertices 1000
1 0 0.0 0.0 ellipse
2 1 0.0 0.0 ellipse
3 2 0.0 0.0 ellipse
4 3 0.0 0.0 ellipse
5 4 0.0 0.0 ellipse
6 5 0.0 0.0 ellipse
7 6 0.0 0.0 ellipse
8 7 0.0 0.0 ellipse
9 8 0.0 0.0 ellipse
10 9 0.0 0.0 ellipse
11 10 0.0 0.0 ellipse
12 11 0.0 0.0 ellipse
13 12 0.0 0.0 ellipse
14 13 0.0 0.0 ellipse
15 14 0.0 0.0 ellipse
16 15 0.0 0.0 ellipse
17 16 0.0 0.0 ellipse
18 17 0.0 0.0 ellipse
19 18 0.0 0.0 ellipse
20 19 0.0 0.0 ellipse
21 20 0.0 0.0 ellipse
22 21 0.0 0.0 ellipse
23 22 0.0 0.0 ellipse
24 23 0.0 0.0 ellipse
25 24 0.0 0.0 ellipse
26 25 0.0 0.0 ellipse
27 26 0.0 0.0 ellipse
28 27 0.0 0.0 ellipse
29 28 0.0 0.0 ellipse
30 29 0.0 0.0 ellipse
31 30 0.0 0.0 ellipse
32 31 0.0 0.0 ellipse
33 32 0.0 0.0 ellipse
34 33 0.0 0.0 ellipse
35 34 0.0 0.0 ellipse
36 35 0.0 0.0 ellipse
37 36 0.0 0.0 ellipse
38 37 0.0 0.0 ellipse
39 38 0.0 0.0 ellipse
40 39 0.0 0.0 ellipse
41 40 0.0 0.0 ellipse
42 41 0.0 0.0 ellipse
43 42 0.0 0.0 ellipse
44 43 0.0 0.0 ellipse
45 44 0.0 0.0 ellipse
46 45 0.0 0.0 ellipse
47 46 0.0 0.0 ellipse
48 47 0.0 0.0 ellipse
49 48 0.0 0.0 ellipse
50 49 0.0 0.0 ellipse
51 50 0.0 0.0 ellipse
52 51 0.0 0.0 ellipse
53 52 0.0 0.0 ellipse
54 53 0.0 0.0 ellipse
55 54 0.0 0.0 ellipse
56 55 0.0 0.0 ellipse
57 56 0.0 0.0 ellipse
58 57 0.0 0.0 ellipse
59 58 0.0 0.0 ellipse
60 59 0.0 0.0 ellipse
61 60 0.0 0.0 ellipse
62 61 0.0 0.0 ellipse
63 62 0.0 0.0 ellipse
64 63 0.0 0.0 ellipse
65 64 0.0 0.0 ellipse
66 65 0.0 0.0 ellipse
67 66 0.0 0.0 ellipse
68 67 0.0 0.0 ellipse
69 68 0.0 0.0 ellipse
70 69 0.0 0.0 ellipse
71 70 0.0 0.0 ellipse
72 71 0.0 0.0 ellipse
73 72 0.0 0.0 ellipse
74 73 0.0 0.0 ellipse
75 74 0.0 0.0 ellipse
76 75 0.0 0.0 ellipse
77 76 0.0 0.0 ellipse
78 77 0.0 0.0 ellipse
79 78 0.0 0.0 ellipse
80 79 0.0 0.0 ellipse
81 80 0.0 0.0 ellipse
82 81 0.0 0.0 ellipse
83 82 0.0 0.0 ellipse
84 83 0.0 0.0 ellipse
85 84 0.0 0.0 ellipse
86 85 0.0 0.0 ellipse
87 86 0.0 0.0 ellipse
88 87 0.0 0.0 ellipse
89 88 0.0 0.0 ellipse
90 89 0.0 0.0 ellipse
91 90 0.0 0.0 ellipse
92 91 0.0 0.0 ellipse
93 92 0.0 0.0 ellipse
94 93 0.0 0.0 ellipse
95 94 0.0 0.0 ellipse
96 95 0.0 0.0 ellipse
97 96 0.0 0.0 ellipse
98 97 0.0 0.0 ellipse
99 98 0.0 0.0 ellipse
100 99 0.0 0.0 ellipse
101 100 0.0 0.0 ellipse
102 101 0.0 0.0 ellipse
103 102 0.0 0.0 ellipse
104 103 0.0 0.0 ellipse
105 104 0.0 0.0 ellipse
106 105 0.0 0.0 ellipse
107 106 0.0 0.0 ellipse
108 107 0.0 0.0 ellipse
109 108 0.0 0.0 ellipse
110 109 0.0 0.0 ellipse
111 110 0.0 0.0 ellipse
112 111 0.0 0.0 ellipse
113 112 0.0 0.0 ellipse
114 113 0.0 0.0 ellipse
115 114 0.0 0.0 ellipse
116 115 0.0 0.0 ellipse
117 116 0.0 0.0 ellipse
118 117 0.0 0.0 ellipse
119 118 0.0 0.0 ellipse
120 119 0.0 0.0 ellipse
121 120 0.0 0.0 ellipse
122 121 0.0 0.0 ellipse
123 122 0.0 0.0 ellipse
124 123 0.0 0.0 ellipse
125 124 0.0 0.0 ellipse
126 125 0.0 0.0 ellipse
127 126 0.0 0.0 ellipse
128 127 0.0 0.0 ellipse
129 128 0.0 0.0 ellipse
130 129 0.0 0.0 ellipse
131 130 0.0 0.0 ellipse
132 131 0.0 0.0 ellipse
133 132 0.0 0.0 ellipse
134 133 0.0 0.0 ellipse
135 134 0.0 0.0 ellipse
136 135 0.0 0.0 ellipse
137 136 0.0 0.0 ellipse
138 137 0.0 0.0 ellipse
139 138 0.0 0.0 ellipse
140 139 0.0 0.0 ellipse
141 140 0.0 0.0 ellipse
142 141 0.0 0.0 ellipse
143 142 0.0 0.0 ellipse
144 143 0.0 0.0 ellipse
145 144 0.0 0.0 ellipse
146 145 0.0 0.0 ellipse
147 146 0.0 0.0 ellipse
148 147 0.0 0.0 ellipse
149 148 0.0 0.0 ellipse
150 149 0.0 0.0 ellipse
151 150 0.0 0.0 ellipse
152 151 0.0 0.0 ellipse
153 152 0.0 0.0 ellipse
154 153 0.0 0.0 ellipse
155 154 0.0 0.0 ellipse
156 155 0.0 0.0 ellipse
157 156 0.0 0.0 ellipse
158 157 0.0 0.0 ellipse
159 158 0.0 0.0 ellipse
160 159 0.0 0.0 ellipse
161 160 0.0 0.0 ellipse
162 161 0.0 0.0 ellipse
163 162 0.0 0.0 ellipse
164 163 0.0 0.0 ellipse
165 164 0.0 0.0 ellipse
166 165 0.0 0.0 ellipse
167 166 0.0 0.0 ellipse
168 167 0.0 0.0 ellipse
169 168 0.0 0.0 ellipse
170 169 0.0 0.0 ellipse
171 170 0.0 0.0 ellipse
172 171 0.0 0.0 ellipse
173 172 0.0 0.0 ellipse
174 173 0.0 0.0 ellipse
175 174 0.0 0.0 ellipse
176 175 0.0 0.0 ellipse
177 176 0.0 0.0 ellipse
178 177 0.0 0.0 ellipse
179 178 0.0 0.0 ellipse
180 179 0.0 0.0 ellipse
181 180 0.0 0.0 ellipse
182 181 0.0 0.0 ellipse
183 182 0.0 0.0 ellipse
184 183 0.0 0.0 ellipse
185 184 0.0 0.0 ellipse
186 185 0.0 0.0 ellipse
187 186 0.0 0.0 ellipse
188 187 0.0 0.0 ellipse
189 188 0.0 0.0 ellipse
190 189 0.0 0.0 ellipse
191 190 0.0 0.0 ellipse
192 191 0.0 0.0 ellipse
193 192 0.0 0.0 ellipse
194 193 0.0 0.0 ellipse
195 194 0.0 0.0 ellipse
196 195 0.0 0.0 ellipse
197 196 0.0 0.0 ellipse
198 197 0.0 0.0 ellipse
199 198 0.0 0.0 ellipse
200 199 0.0 0.0 ellipse
201 200 0.0 0.0 ellipse
202 201 0.0 0.0 ellipse
203 202 0.0 0.0 ellipse
204 203 0.0 0.0 ellipse
205 204 0.0 0.0 ellipse
206 205 0.0 0.0 ellipse
207 206 0.0 0.0 ellipse
208 207 0.0 0.0 ellipse
209 208 0.0 0.0 ellipse
210 209 0.0 0.0 ellipse
211 210 0.0 0.0 ellipse
212 211 0.0 0.0 ellipse
213 212 0.0 0.0 ellipse
214 213 0.0 0.0 ellipse
215 214 0.0 0.0 ellipse
216 215 0.0 0.0 ellipse
217 216 0.0 0.0 ellipse
218 217 0.0 0.0 ellipse
219 218 0.0 0.0 ellipse
220 219 0.0 0.0 ellipse
221 220 0.0 0.0 ellipse
222 221 0.0 0.0 ellipse
223 222 0.0 0.0 ellipse
224 223 0.0 0.0 ellipse
225 224 0.0 0.0 ellipse
226 225 0.0 0.0 ellipse
227 226 0.0 0.0 ellipse
228 227 0.0 0.0 ellipse
229 228 0.0 0.0 ellipse
230 229 0.0 0.0 ellipse
231 230 0.0 0.0 ellipse
232 231 0.0 0.0 ellipse
233 232 0.0 0.0 ellipse
234 233 0.0 0.0 ellipse
235 234 0.0 0.0 ellipse
236 235 0.0 0.0 ellipse
237 236 0.0 0.0 ellipse
238 237 0.0 0.0 ellipse
239 238 0.0 0.0 ellipse
240 239 0.0 0.0 ellipse
241 240 0.0 0.0 ellipse
242 241 0.0 0.0 ellipse
243 242 0.0 0.0 ellipse
244 243 0.0 0.0 ellipse
245 244 0.0 0.0 ellipse
246 245 0.0 0.0 ellipse
247 246 0.0 0.0 ellipse
248 247 0.0 0.0 ellipse
249 248 0.0 0.0 ellipse
250 249 0.0 0.0 ellipse
251 250 0.0 0.0 ellipse
252 251 0.0 0.0 ellipse
253 252 0.0 0.0 ellipse
254 253 0.0 0.0 ellipse
255 254 0.0 0.0 ellipse
256 255 0.0 0.0 ellipse
257 256 0.0 0.0 ellipse
258 257 0.0 0.0 ellipse
259 258 0.0 0.0 ellipse
260 259 0.0 0.0 ellipse
261 260 0.0 0.0 ellipse
262 261 0.0 0.0 ellipse
263 262 0.0 0.0 ellipse
264 263 0.0 0.0 ellipse
265 264 0.0 0.0 ellipse
266 265 0.0 0.0 ellipse
267 266 0.0 0.0 ellipse
268 267 0.0 0.0 ellipse
269 268 0.0 0.0 ellipse
270 269 0.0 0.0 ellipse
271 270 0.0 0.0 ellipse
272 271 0.0 0.0 ellipse
273 272 0.0 0.0 ellipse
274 273 0.0 0.0 ellipse
275 274 0.0 0.0 ellipse
276 275 0.0 0.0 ellipse
277 276 0.0 0.0 ellipse
278 277 0.0 0.0 ellipse
279 278 0.0 0.0 ellipse
280 279 0.0 0.0 ellipse
281 280 0.0 0.0 ellipse
282 281 0.0 0.0 ellipse
283 282 0.0 0.0 ellipse
284 283 0.0 0.0 ellipse
285 284 0.0 0.0 ellipse
286 285 0.0 0.0 ellipse
287 286 0.0 0.0 ellipse
288 287 0.0 0.0 ellipse
289 288 0.0 0.0 ellipse
290 289 0.0 0.0 ellipse
291 290 0.0 0.0 ellipse
292 291 0.0 0.0 ellipse
293 292 0.0 0.0 ellipse
294 293 0.0 0.0 ellipse
295 294 0.0 0.0 ellipse
296 295 0.0 0.0 ellipse
297 296 0.0 0.0 ellipse
298 297 0.0 0.0 ellipse
299 298 0.0 0.0 ellipse
300 299 0.0 0.0 ellipse
301 300 0.0 0.0 ellipse
302 301 0.0 0.0 ellipse
303 302 0.0 0.0 ellipse
304 303 0.0 0.0 ellipse
305 304 0.0 0.0 ellipse
306 305 0.0 0.0 ellipse
307 306 0.0 0.0 ellipse
308 307 0.0 0.0 ellipse
309 308 0.0 0.0 ellipse
310 309 0.0 0.0 ellipse
311 310 0.0 0.0 ellipse
312 311 0.0 0.0 ellipse
313 312 0.0 0.0 ellipse
314 313 0.0 0.0 ellipse
315 314 0.0 0.0 ellipse
316 315 0.0 0.0 ellipse
317 316 0.0 0.0 ellipse
318 317 0.0 0.0 ellipse
319 318 0.0 0.0 ellipse
320 319 0.0 0.0 ellipse
321 320 0.0 0.0 ellipse
322 321 0.0 0.0 ellipse
323 322 0.0 0.0 ellipse
324 323 0.0 0.0 ellipse
325 324 0.0 0.0 ellipse
326 325 0.0 0.0 ellipse
327 326 0.0 0.0 ellipse
328 327 0.0 0.0 ellipse
329 328 0.0 0.0 ellipse
330 329 0.0 0.0 ellipse
331 330 0.0 0.0 ellipse
332 331 0.0 0.0 ellipse
333 332 0.0 0.0 ellipse
334 333 0.0 0.0 ellipse
335 334 0.0 0.0 ellipse
336 335 0.0 0.0 ellipse
337 336 0.0 0.0 ellipse
338 337 0.0 0.0 ellipse
339 338 0.0 0.0 ellipse
340 339 0.0 0.0 ellipse
341 340 0.0 0.0 ellipse
342 341 0.0 0.0 ellipse
343 342 0.0 0.0 ellipse
344 343 0.0 0.0 ellipse
345 344 0.0 0.0 ellipse
346 345 0.0 0.0 ellipse
347 346 0.0 0.0 ellipse
348 347 0.0 0.0 ellipse
349 348 0.0 0.0 ellipse
350 349 0.0 0.0 ellipse
351 350 0.0 0.0 ellipse
352 351 0.0 0.0 ellipse
353 352 0.0 0.0 ellipse
354 353 0.0 0.0 ellipse
355 354 0.0 0.0 ellipse
356 355 0.0 0.0 ellipse
357 356 0.0 0.0 ellipse
358 357 0.0 0.0 ellipse
359 358 0.0 0.0 ellipse
360 359 0.0 0.0 ellipse
361 360 0.0 0.0 ellipse
362 361 0.0 0.0 ellipse
363 362 0.0 0.0 ellipse
364 363 0.0 0.0 ellipse
365 364 0.0 0.0 ellipse
366 365 0.0 0.0 ellipse
367 366 0.0 0.0 ellipse
368 367 0.0 0.0 ellipse
369 368 0.0 0.0 ellipse
370 369 0.0 0.0 ellipse
371 370 0.0 0.0 ellipse
372 371 0.0 0.0 ellipse
373 372 0.0 0.0 ellipse
374 373 0.0 0.0 ellipse
375 374 0.0 0.0 ellipse
376 375 0.0 0.0 ellipse
377 376 0.0 0.0 ellipse
378 377 0.0 0.0 ellipse
379 378 0.0 0.0 ellipse
380 379 0.0 0.0 ellipse
381 380 0.0 0.0 ellipse
382 381 0.0 0.0 ellipse
383 382 0.0 0.0 ellipse
384 383 0.0 0.0 ellipse
385 384 0.0 0.0 ellipse
386 385 0.0 0.0 ellipse
387 386 0.0 0.0 ellipse
388 387 0.0 0.0 ellipse
389 388 0.0 0.0 ellipse
390 389 0.0 0.0 ellipse
391 390 0.0 0.0 ellipse
392 391 0.0 0.0 ellipse
393 392 0.0 0.0 ellipse
394 393 0.0 0.0 ellipse
395 394 0.0 0.0 ellipse
396 395 0.0 0.0 ellipse
397 396 0.0 0.0 ellipse
398 397 0.0 0.0 ellipse
399 398 0.0 0.0 ellipse
400 399 0.0 0.0 ellipse
401 400 0.0 0.0 ellipse
402 401 0.0 0.0 ellipse
403 402 0.0 0.0 ellipse
404 403 0.0 0.0 ellipse
405 404 0.0 0.0 ellipse
406 405 0.0 0.0 ellipse
407 406 0.0 0.0 ellipse
408 407 0.0 0.0 ellipse
409 408 0.0 0.0 ellipse
410 409 0.0 0.0 ellipse
411 410 0.0 0.0 ellipse
412 411 0.0 0.0 ellipse
413 412 0.0 0.0 ellipse
414 413 0.0 0.0 ellipse
415 414 0.0 0.0 ellipse
416 415 0.0 0.0 ellipse
417 416 0.0 0.0 ellipse
418 417 0.0 0.0 ellipse
419 418 0.0 0.0 ellipse
420 419 0.0 0.0 ellipse
421 420 0.0 0.0 ellipse
422 421 0.0 0.0 ellipse
423 422 0.0 0.0 ellipse
424 423 0.0 0.0 ellipse
425 424 0.0 0.0 ellipse
426 425 0.0 0.0 ellipse
427 426 0.0 0.0 ellipse
428 427 0.0 0.0 ellipse
429 428 0.0 0.0 ellipse
430 429 0.0 0.0 ellipse
431 430 0.0 0.0 ellipse
432 431 0.0 0.0 ellipse
433 432 0.0 0.0 ellipse
434 433 0.0 0.0 ellipse
435 434 0.0 0.0 ellipse
436 435 0.0 0.0 ellipse
437 436 0.0 0.0 ellipse
438 437 0.0 0.0 ellipse
439 438 0.0 0.0 ellipse
440 439 0.0 0.0 ellipse
441 440 0.0 0.0 ellipse
442 441 0.0 0.0 ellipse
443 442 0.0 0.0 ellipse
444 443 0.0 0.0 ellipse
445 444 0.0 0.0 ellipse
446 445 0.0 0.0 ellipse
447 446 0.0 0.0 ellipse
448 447 0.0 0.0 ellipse
449 448 0.0 0.0 ellipse
450 449 0.0 0.0 ellipse
451 450 0.0 0.0 ellipse
452 451 0.0 0.0 ellipse
453 452 0.0 0.0 ellipse
454 453 0.0 0.0 ellipse
455 454 0.0 0.0 ellipse
456 455 0.0 0.0 ellipse
457 456 0.0 0.0 ellipse
458 457 0.0 0.0 ellipse
459 458 0.0 0.0 ellipse
460 459 0.0 0.0 ellipse
461 460 0.0 0.0 ellipse
462 461 0.0 0.0 ellipse
463 462 0.0 0.0 ellipse
464 463 0.0 0.0 ellipse
465 464 0.0 0.0 ellipse
466 465 0.0 0.0 ellipse
467 466 0.0 0.0 ellipse
468 467 0.0 0.0 ellipse
469 468 0.0 0.0 ellipse
470 469 0.0 0.0 ellipse
471 470 0.0 0.0 ellipse
472 471 0.0 0.0 ellipse
473 472 0.0 0.0 ellipse
474 473 0.0 0.0 ellipse
475 474 0.0 0.0 ellipse
476 475 0.0 0.0 ellipse
477 476 0.0 0.0 ellipse
478 477 0.0 0.0 ellipse
479 478 0.0 0.0 ellipse
480 479 0.0 0.0 ellipse
481 480 0.0 0.0 ellipse
482 481 0.0 0.0 ellipse
483 482 0.0 0.0 ellipse
484 483 0.0 0.0 ellipse
485 484 0.0 0.0 ellipse
486 485 0.0 0.0 ellipse
487 486 0.0 0.0 ellipse
488 487 0.0 0.0 ellipse
489 488 0.0 0.0 ellipse
490 489 0.0 0.0 ellipse
491 490 0.0 0.0 ellipse
492 491 0.0 0.0 ellipse
493 492 0.0 0.0 ellipse
494 493 0.0 0.0 ellipse
495 494 0.0 0.0 ellipse
496 495 0.0 0.0 ellipse
497 496 0.0 0.0 ellipse
498 497 0.0 0.0 ellipse
499 498 0.0 0.0 ellipse
500 499 0.0 0.0 ellipse
501 500 0.0 0.0 ellipse
502 501 0.0 0.0 ellipse
503 502 0.0 0.0 ellipse
504 503 0.0 0.0 ellipse
505 504 0.0 0.0 ellipse
506 505 0.0 0.0 ellipse
507 506 0.0 0.0 ellipse
508 507 0.0 0.0 ellipse
509 508 0.0 0.0 ellipse
510 509 0.0 0.0 ellipse
511 510 0.0 0.0 ellipse
512 511 0.0 0.0 ellipse
513 512 0.0 0.0 ellipse
514 513 0.0 0.0 ellipse
515 514 0.0 0.0 ellipse
516 515 0.0 0.0 ellipse
517 516 0.0 0.0 ellipse
518 517 0.0 0.0 ellipse
519 518 0.0 0.0 ellipse
520 519 0.0 0.0 ellipse
521 520 0.0 0.0 ellipse
522 521 0.0 0.0 ellipse
523 522 0.0 0.0 ellipse
524 523 0.0 0.0 ellipse
525 524 0.0 0.0 ellipse
526 525 0.0 0.0 ellipse
527 526 0.0 0.0 ellipse
528 527 0.0 0.0 ellipse
529 528 0.0 0.0 ellipse
530 529 0.0 0.0 ellipse
531 530 0.0 0.0 ellipse
532 531 0.0 0.0 ellipse
533 532 0.0 0.0 ellipse
534 533 0.0 0.0 ellipse
535 534 0.0 0.0 ellipse
536 535 0.0 0.0 ellipse
537 536 0.0 0.0 ellipse
538 537 0.0 0.0 ellipse
539 538 0.0 0.0 ellipse
540 539 0.0 0.0 ellipse
541 540 0.0 0.0 ellipse
542 541 0.0 0.0 ellipse
543 542 0.0 0.0 ellipse
544 543 0.0 0.0 ellipse
545 544 0.0 0.0 ellipse
546 545 0.0 0.0 ellipse
547 546 0.0 0.0 ellipse
548 547 0.0 0.0 ellipse
549 548 0.0 0.0 ellipse
550 549 0.0 0.0 ellipse
551 550 0.0 0.0 ellipse
552 551 0.0 0.0 ellipse
553 552 0.0 0.0 ellipse
554 553 0.0 0.0 ellipse
555 554 0.0 0.0 ellipse
556 555 0.0 0.0 ellipse
557 556 0.0 0.0 ellipse
558 557 0.0 0.0 ellipse
559 558 0.0 0.0 ellipse
560 559 0.0 0.0 ellipse
561 560 0.0 0.0 ellipse
562 561 0.0 0.0 ellipse
563 562 0.0 0.0 ellipse
564 563 0.0 0.0 ellipse
565 564 0.0 0.0 ellipse
566 565 0.0 0.0 ellipse
567 566 0.0 0.0 ellipse
568 567 0.0 0.0 ellipse
569 568 0.0 0.0 ellipse
570 569 0.0 0.0 ellipse
571 570 0.0 0.0 ellipse
572 571 0.0 0.0 ellipse
573 572 0.0 0.0 ellipse
574 573 0.0 0.0 ellipse
575 574 0.0 0.0 ellipse
576 575 0.0 0.0 ellipse
577 576 0.0 0.0 ellipse
578 577 0.0 0.0 ellipse
579 578 0.0 0.0 ellipse
580 579 0.0 0.0 ellipse
581 580 0.0 0.0 ellipse
582 581 0.0 0.0 ellipse
583 582 0.0 0.0 ellipse
584 583 0.0 0.0 ellipse
585 584 0.0 0.0 ellipse
586 585 0.0 0.0 ellipse
587 586 0.0 0.0 ellipse
588 587 0.0 0.0 ellipse
589 588 0.0 0.0 ellipse
590 589 0.0 0.0 ellipse
591 590 0.0 0.0 ellipse
592 591 0.0 0.0 ellipse
593 592 0.0 0.0 ellipse
594 593 0.0 0.0 ellipse
595 594 0.0 0.0 ellipse
596 595 0.0 0.0 ellipse
597 596 0.0 0.0 ellipse
598 597 0.0 0.0 ellipse
599 598 0.0 0.0 ellipse
600 599 0.0 0.0 ellipse
601 600 0.0 0.0 ellipse
602 601 0.0 0.0 ellipse
603 602 0.0 0.0 ellipse
604 603 0.0 0.0 ellipse
605 604 0.0 0.0 ellipse
606 605 0.0 0.0 ellipse
607 606 0.0 0.0 ellipse
608 607 0.0 0.0 ellipse
609 608 0.0 0.0 ellipse
610 609 0.0 0.0 ellipse
611 610 0.0 0.0 ellipse
612 611 0.0 0.0 ellipse
613 612 0.0 0.0 ellipse
614 613 0.0 0.0 ellipse
615 614 0.0 0.0 ellipse
616 615 0.0 0.0 ellipse
617 616 0.0 0.0 ellipse
618 617 0.0 0.0 ellipse
619 618 0.0 0.0 ellipse
620 619 0.0 0.0 ellipse
621 620 0.0 0.0 ellipse
622 621 0.0 0.0 ellipse
623 622 0.0 0.0 ellipse
624 623 0.0 0.0 ellipse
625 624 0.0 0.0 ellipse
626 625 0.0 0.0 ellipse
627 626 0.0 0.0 ellipse
628 627 0.0 0.0 ellipse
629 628 0.0 0.0 ellipse
630 629 0.0 0.0 ellipse
631 630 0.0 0.0 ellipse
632 631 0.0 0.0 ellipse
633 632 0.0 0.0 ellipse
634 633 0.0 0.0 ellipse
635 634 0.0 0.0 ellipse
636 635 0.0 0.0 ellipse
637 636 0.0 0.0 ellipse
638 637 0.0 0.0 ellipse
639 638 0.0 0.0 ellipse
640 639 0.0 0.0 ellipse
641 640 0.0 0.0 ellipse
642 641 0.0 0.0 ellipse
643 642 0.0 0.0 ellipse
644 643 0.0 0.0 ellipse
645 644 0.0 0.0 ellipse
646 645 0.0 0.0 ellipse
647 646 0.0 0.0 ellipse
648 647 0.0 0.0 ellipse
649 648 0.0 0.0 ellipse
650 649 0.0 0.0 ellipse
651 650 0.0 0.0 ellipse
652 651 0.0 0.0 ellipse
653 652 0.0 0.0 ellipse
654 653 0.0 0.0 ellipse
655 654 0.0 0.0 ellipse
656 655 0.0 0.0 ellipse
657 656 0.0 0.0 ellipse
658 657 0.0 0.0 ellipse
659 658 0.0 0.0 ellipse
660 659 0.0 0.0 ellipse
661 660 0.0 0.0 ellipse
662 661 0.0 0.0 ellipse
663 662 0.0 0.0 ellipse
664 663 0.0 0.0 ellipse
665 664 0.0 0.0 ellipse
666 665 0.0 0.0 ellipse
667 666 0.0 0.0 ellipse
668 667 0.0 0.0 ellipse
669 668 0.0 0.0 ellipse
670 669 0.0 0.0 ellipse
671 670 0.0 0.0 ellipse
672 671 0.0 0.0 ellipse
673 672 0.0 0.0 ellipse
674 673 0.0 0.0 ellipse
675 674 0.0 0.0 ellipse
676 675 0.0 0.0 ellipse
677 676 0.0 0.0 ellipse
678 677 0.0 0.0 ellipse
679 678 0.0 0.0 ellipse
680 679 0.0 0.0 ellipse
681 680 0.0 0.0 ellipse
682 681 0.0 0.0 ellipse
683 682 0.0 0.0 ellipse
684 683 0.0 0.0 ellipse
685 684 0.0 0.0 ellipse
686 685 0.0 0.0 ellipse
687 686 0.0 0.0 ellipse
688 687 0.0 0.0 ellipse
689 688 0.0 0.0 ellipse
690 689 0.0 0.0 ellipse
691 690 0.0 0.0 ellipse
692 691 0.0 0.0 ellipse
693 692 0.0 0.0 ellipse
694 693 0.0 0.0 ellipse
695 694 0.0 0.0 ellipse
696 695 0.0 0.0 ellipse
697 696 0.0 0.0 ellipse
698 697 0.0 0.0 ellipse
699 698 0.0 0.0 ellipse
700 699 0.0 0.0 ellipse
701 700 0.0 0.0 ellipse
702 701 0.0 0.0 ellipse
703 702 0.0 0.0 ellipse
704 703 0.0 0.0 ellipse
705 704 0.0 0.0 ellipse
706 705 0.0 0.0 ellipse
707 706 0.0 0.0 ellipse
708 707 0.0 0.0 ellipse
709 708 0.0 0.0 ellipse
710 709 0.0 0.0 ellipse
711 710 0.0 0.0 ellipse
712 711 0.0 0.0 ellipse
713 712 0.0 0.0 ellipse
714 713 0.0 0.0 ellipse
715 714 0.0 0.0 ellipse
716 715 0.0 0.0 ellipse
717 716 0.0 0.0 ellipse
718 717 0.0 0.0 ellipse
719 718 0.0 0.0 ellipse
720 719 0.0 0.0 ellipse
721 720 0.0 0.0 ellipse
722 721 0.0 0.0 ellipse
723 722 0.0 0.0 ellipse
724 723 0.0 0.0 ellipse
725 724 0.0 0.0 ellipse
726 725 0.0 0.0 ellipse
727 726 0.0 0.0 ellipse
728 727 0.0 0.0 ellipse
729 728 0.0 0.0 ellipse
730 729 0.0 0.0 ellipse
731 730 0.0 0.0 ellipse
732 731 0.0 0.0 ellipse
733 732 0.0 0.0 ellipse
734 733 0.0 0.0 ellipse
735 734 0.0 0.0 ellipse
736 735 0.0 0.0 ellipse
737 736 0.0 0.0 ellipse
738 737 0.0 0.0 ellipse
739 738 0.0 0.0 ellipse
740 739 0.0 0.0 ellipse
741 740 0.0 0.0 ellipse
742 741 0.0 0.0 ellipse
743 742 0.0 0.0 ellipse
744 743 0.0 0.0 ellipse
745 744 0.0 0.0 ellipse
746 745 0.0 0.0 ellipse
747 746 0.0 0.0 ellipse
748 747 0.0 0.0 ellipse
749 748 0.0 0.0 ellipse
750 749 0.0 0.0 ellipse
751 750 0.0 0.0 ellipse
752 751 0.0 0.0 ellipse
753 752 0.0 0.0 ellipse
754 753 0.0 0.0 ellipse
755 754 0.0 0.0 ellipse
756 755 0.0 0.0 ellipse
757 756 0.0 0.0 ellipse
758 757 0.0 0.0 ellipse
759 758 0.0 0.0 ellipse
760 759 0.0 0.0 ellipse
761 760 0.0 0.0 ellipse
762 761 0.0 0.0 ellipse
763 762 0.0 0.0 ellipse
764 763 0.0 0.0 ellipse
765 764 0.0 0.0 ellipse
766 765 0.0 0.0 ellipse
767 766 0.0 0.0 ellipse
768 767 0.0 0.0 ellipse
769 768 0.0 0.0 ellipse
770 769 0.0 0.0 ellipse
771 770 0.0 0.0 ellipse
772 771 0.0 0.0 ellipse
773 772 0.0 0.0 ellipse
774 773 0.0 0.0 ellipse
775 774 0.0 0.0 ellipse
776 775 0.0 0.0 ellipse
777 776 0.0 0.0 ellipse
778 777 0.0 0.0 ellipse
779 778 0.0 0.0 ellipse
780 779 0.0 0.0 ellipse
781 780 0.0 0.0 ellipse
782 781 0.0 0.0 ellipse
783 782 0.0 0.0 ellipse
784 783 0.0 0.0 ellipse
785 784 0.0 0.0 ellipse
786 785 0.0 0.0 ellipse
787 786 0.0 0.0 ellipse
788 787 0.0 0.0 ellipse
789 788 0.0 0.0 ellipse
790 789 0.0 0.0 ellipse
791 790 0.0 0.0 ellipse
792 791 0.0 0.0 ellipse
793 792 0.0 0.0 ellipse
794 793 0.0 0.0 ellipse
795 794 0.0 0.0 ellipse
796 795 0.0 0.0 ellipse
797 796 0.0 0.0 ellipse
798 797 0.0 0.0 ellipse
799 798 0.0 0.0 ellipse
800 799 0.0 0.0 ellipse
801 800 0.0 0.0 ellipse
802 801 0.0 0.0 ellipse
803 802 0.0 0.0 ellipse
804 803 0.0 0.0 ellipse
805 804 0.0 0.0 ellipse
806 805 0.0 0.0 ellipse
807 806 0.0 0.0 ellipse
808 807 0.0 0.0 ellipse
809 808 0.0 0.0 ellipse
810 809 0.0 0.0 ellipse
811 810 0.0 0.0 ellipse
812 811 0.0 0.0 ellipse
813 812 0.0 0.0 ellipse
814 813 0.0 0.0 ellipse
815 814 0.0 0.0 ellipse
816 815 0.0 0.0 ellipse
817 816 0.0 0.0 ellipse
818 817 0.0 0.0 ellipse
819 818 0.0 0.0 ellipse
820 819 0.0 0.0 ellipse
821 820 0.0 0.0 ellipse
822 821 0.0 0.0 ellipse
823 822 0.0 0.0 ellipse
824 823 0.0 0.0 ellipse
825 824 0.0 0.0 ellipse
826 825 0.0 0.0 ellipse
827 826 0.0 0.0 ellipse
828 827 0.0 0.0 ellipse
829 828 0.0 0.0 ellipse
830 829 0.0 0.0 ellipse
831 830 0.0 0.0 ellipse
832 831 0.0 0.0 ellipse
833 832 0.0 0.0 ellipse
834 833 0.0 0.0 ellipse
835 834 0.0 0.0 ellipse
836 835 0.0 0.0 ellipse
837 836 0.0 0.0 ellipse
838 837 0.0 0.0 ellipse
839 838 0.0 0.0 ellipse
840 839 0.0 0.0 ellipse
841 840 0.0 0.0 ellipse
842 841 0.0 0.0 ellipse
843 842 0.0 0.0 ellipse
844 843 0.0 0.0 ellipse
845 844 0.0 0.0 ellipse
846 845 0.0 0.0 ellipse
847 846 0.0 0.0 ellipse
848 847 0.0 0.0 ellipse
849 848 0.0 0.0 ellipse
850 849 0.0 0.0 ellipse
851 850 0.0 0.0 ellipse
852 851 0.0 0.0 ellipse
853 852 0.0 0.0 ellipse
854 853 0.0 0.0 ellipse
855 854 0.0 0.0 ellipse
856 855 0.0 0.0 ellipse
857 856 0.0 0.0 ellipse
858 857 0.0 0.0 ellipse
859 858 0.0 0.0 ellipse
860 859 0.0 0.0 ellipse
861 860 0.0 0.0 ellipse
862 861 0.0 0.0 ellipse
863 862 0.0 0.0 ellipse
864 863 0.0 0.0 ellipse
865 864 0.0 0.0 ellipse
866 865 0.0 0.0 ellipse
867 866 0.0 0.0 ellipse
868 867 0.0 0.0 ellipse
869 868 0.0 0.0 ellipse
870 869 0.0 0.0 ellipse
871 870 0.0 0.0 ellipse
872 871 0.0 0.0 ellipse
873 872 0.0 0.0 ellipse
874 873 0.0 0.0 ellipse
875 874 0.0 0.0 ellipse
876 875 0.0 0.0 ellipse
877 876 0.0 0.0 ellipse
878 877 0.0 0.0 ellipse
879 878 0.0 0.0 ellipse
880 879 0.0 0.0 ellipse
881 880 0.0 0.0 ellipse
882 881 0.0 0.0 ellipse
883 882 0.0 0.0 ellipse
884 883 0.0 0.0 ellipse
885 884 0.0 0.0 ellipse
886 885 0.0 0.0 ellipse
887 886 0.0 0.0 ellipse
888 887 0.0 0.0 ellipse
889 888 0.0 0.0 ellipse
890 889 0.0 0.0 ellipse
891 890 0.0 0.0 ellipse
892 891 0.0 0.0 ellipse
893 892 0.0 0.0 ellipse
894 893 0.0 0.0 ellipse
895 894 0.0 0.0 ellipse
896 895 0.0 0.0 ellipse
897 896 0.0 0.0 ellipse
898 897 0.0 0.0 ellipse
899 898 0.0 0.0 ellipse
900 899 0.0 0.0 ellipse
901 900 0.0 0.0 ellipse
902 901 0.0 0.0 ellipse
903 902 0.0 0.0 ellipse
904 903 0.0 0.0 ellipse
905 904 0.0 0.0 ellipse
906 905 0.0 0.0 ellipse
907 906 0.0 0.0 ellipse
908 907 0.0 0.0 ellipse
909 908 0.0 0.0 ellipse
910 909 0.0 0.0 ellipse
911 910 0.0 0.0 ellipse
912 911 0.0 0.0 ellipse
913 912 0.0 0.0 ellipse
914 913 0.0 0.0 ellipse
915 914 0.0 0.0 ellipse
916 915 0.0 0.0 ellipse
917 916 0.0 0.0 ellipse
918 917 0.0 0.0 ellipse
919 918 0.0 0.0 ellipse
920 919 0.0 0.0 ellipse
921 920 0.0 0.0 ellipse
922 921 0.0 0.0 ellipse
923 922 0.0 0.0 ellipse
924 923 0.0 0.0 ellipse
925 924 0.0 0.0 ellipse
926 925 0.0 0.0 ellipse
927 926 0.0 0.0 ellipse
928 927 0.0 0.0 ellipse
929 928 0.0 0.0 ellipse
930 929 0.0 0.0 ellipse
931 930 0.0 0.0 ellipse
932 931 0.0 0.0 ellipse
933 932 0.0 0.0 ellipse
934 933 0.0 0.0 ellipse
935 934 0.0 0.0 ellipse
936 935 0.0 0.0 ellipse
937 936 0.0 0.0 ellipse
938 937 0.0 0.0 ellipse
939 938 0.0 0.0 ellipse
940 939 0.0 0.0 ellipse
941 940 0.0 0.0 ellipse
942 941 0.0 0.0 ellipse
943 942 0.0 0.0 ellipse
944 943 0.0 0.0 ellipse
945 944 0.0 0.0 ellipse
946 945 0.0 0.0 ellipse
947 946 0.0 0.0 ellipse
948 947 0.0 0.0 ellipse
949 948 0.0 0.0 ellipse
950 949 0.0 0.0 ellipse
951 950 0.0 0.0 ellipse
952 951 0.0 0.0 ellipse
953 952 0.0 0.0 ellipse
954 953 0.0 0.0 ellipse
955 954 0.0 0.0 ellipse
956 955 0.0 0.0 ellipse
957 956 0.0 0.0 ellipse
958 957 0.0 0.0 ellipse
959 958 0.0 0.0 ellipse
960 959 0.0 0.0 ellipse
961 960 0.0 0.0 ellipse
962 961 0.0 0.0 ellipse
963 962 0.0 0.0 ellipse
964 963 0.0 0.0 ellipse
965 964 0.0 0.0 ellipse
966 965 0.0 0.0 ellipse
967 966 0.0 0.0 ellipse
968 967 0.0 0.0 ellipse
969 968 0.0 0.0 ellipse
970 969 0.0 0.0 ellipse
971 970 0.0 0.0 ellipse
972 971 0.0 0.0 ellipse
973 972 0.0 0.0 ellipse
974 973 0.0 0.0 ellipse
975 974 0.0 0.0 ellipse
976 975 0.0 0.0 ellipse
977 976 0.0 0.0 ellipse
978 977 0.0 0.0 ellipse
979 978 0.0 0.0 ellipse
980 979 0.0 0.0 ellipse
981 980 0.0 0.0 ellipse
982 981 0.0 0.0 ellipse
983 982 0.0 0.0 ellipse
984 983 0.0 0.0 ellipse
985 984 0.0 0.0 ellipse
986 985 0.0 0.0 ellipse
987 986 0.0 0.0 ellipse
988 987 0.0 0.0 ellipse
989 988 0.0 0.0 ellipse
990 989 0.0 0.0 ellipse
991 990 0.0 0.0 ellipse
992 991 0.0 0.0 ellipse
993 992 0.0 0.0 ellipse
994 993 0.0 0.0 ellipse
995 994 0.0 0.0 ellipse
996 995 0.0 0.0 ellipse
997 996 0.0 0.0 ellipse
998 997 0.0 0.0 ellipse
999 998 0.0 0.0 ellipse
1000 999 0.0 0.0 ellipse
*edges
1 510 1.0
1 974 1.0
2 803 1.0
2 198 1.0
2 966 1.0
2 214 1.0
2 814 1.0
2 832 1.0
3 369 1.0
3 811 1.0
3 230 1.0
3 7 1.0
4 372 1.0
4 958 1.0
5 153 1.0
5 361 1.0
6 552 1.0
7 513 1.0
7 9 1.0
7 10 1.0
7 11 1.0
7 12 1.0
7 525 1.0
7 515 1.0
7 530 1.0
7 20 1.0
7 533 1.0
7 27 1.0
7 541 1.0
7 543 1.0
7 547 1.0
7 519 1.0
7 552 1.0
7 556 1.0
7 49 1.0
7 562 1.0
7 563 1.0
7 52 1.0
7 567 1.0
7 568 1.0
7 59 1.0
7 63 1.0
7 576 1.0
7 66 1.0
7 67 1.0
7 68 1.0
7 75 1.0
7 76 1.0
7 594 1.0
7 84 1.0
7 597 1.0
7 86 1.0
7 88 1.0
7 605 1.0
7 606 1.0
7 607 1.0
7 610 1.0
7 614 1.0
7 616 1.0
7 618 1.0
7 108 1.0
7 192 1.0
7 113 1.0
7 626 1.0
7 630 1.0
7 119 1.0
7 123 1.0
7 124 1.0
7 875 1.0
7 643 1.0
7 646 1.0
7 648 1.0
7 650 1.0
7 651 1.0
7 657 1.0
7 147 1.0
7 660 1.0
7 149 1.0
7 663 1.0
7 666 1.0
7 667 1.0
7 157 1.0
7 158 1.0
7 160 1.0
7 162 1.0
7 166 1.0
7 680 1.0
7 681 1.0
7 682 1.0
7 173 1.0
7 176 1.0
7 372 1.0
7 183 1.0
7 697 1.0
7 186 1.0
7 703 1.0
7 704 1.0
7 193 1.0
7 196 1.0
7 197 1.0
7 710 1.0
7 290 1.0
7 202 1.0
7 715 1.0
7 208 1.0
7 722 1.0
7 212 1.0
7 215 1.0
7 219 1.0
7 220 1.0
7 550 1.0
7 588 1.0
7 636 1.0
7 742 1.0
7 748 1.0
7 237 1.0
7 754 1.0
7 755 1.0
7 757 1.0
7 758 1.0
7 251 1.0
7 256 1.0
7 770 1.0
7 259 1.0
7 261 1.0
7 774 1.0
7 775 1.0
7 777 1.0
7 269 1.0
7 783 1.0
7 272 1.0
7 789 1.0
7 278 1.0
7 791 1.0
7 283 1.0
7 816 1.0
7 287 1.0
7 561 1.0
7 803 1.0
7 293 1.0
7 806 1.0
7 50 1.0
7 298 1.0
7 812 1.0
7 302 1.0
7 303 1.0
7 304 1.0
7 305 1.0
7 823 1.0
7 312 1.0
7 829 1.0
7 139 1.0
7 319 1.0
7 832 1.0
7 323 1.0
7 55 1.0
7 169 1.0
7 843 1.0
7 333 1.0
7 334 1.0
7 847 1.0
7 337 1.0
7 340 1.0
7 341 1.0
7 854 1.0
7 343 1.0
7 344 1.0
7 858 1.0
7 349 1.0
7 571 1.0
7 351 1.0
7 814 1.0
7 359 1.0
7 872 1.0
7 361 1.0
7 363 1.0
7 876 1.0
7 877 1.0
7 600 1.0
7 374 1.0
7 376 1.0
7 891 1.0
7 892 1.0
7 894 1.0
7 387 1.0
7 180 1.0
7 391 1.0
7 905 1.0
7 395 1.0
7 402 1.0
7 921 1.0
7 410 1.0
7 411 1.0
7 185 1.0
7 928 1.0
7 418 1.0
7 419 1.0
7 924 1.0
7 422 1.0
7 935 1.0
7 498 1.0
7 939 1.0
7 198 1.0
7 943 1.0
7 440 1.0
7 672 1.0
7 447 1.0
7 964 1.0
7 455 1.0
7 969 1.0
7 460 1.0
7 974 1.0
7 466 1.0
7 468 1.0
7 982 1.0
7 471 1.0
7 720 1.0
7 474 1.0
7 988 1.0
7 478 1.0
7 994 1.0
7 483 1.0
7 484 1.0
7 631 1.0
7 727 1.0
7 501 1.0
7 503 1.0
7 170 1.0
7 507 1.0
7 508 1.0
7 510 1.0
8 193 1.0
8 510 1.0
9 583 1.0
10 66 1.0
10 924 1.0
10 591 1.0
10 510 1.0
11 767 1.0
11 854 1.0
13 550 1.0
13 510 1.0
14 172 1.0
14 407 1.0
14 512 1.0
15 924 1.0
16 939 1.0
16 816 1.0
17 770 1.0
18 803 1.0
18 836 1.0
19 562 1.0
20 312 1.0
21 852 1.0
21 916 1.0
21 832 1.0
22 239 1.0
23 945 1.0
24 417 1.0
24 550 1.0
24 552 1.0
24 185 1.0
24 363 1.0
24 957 1.0
25 83 1.0
26 55 1.0
27 769 1.0
27 91 1.0
27 924 1.0
27 718 1.0
28 196 1.0
29 927 1.0
29 832 1.0
30 146 1.0
30 147 1.0
30 924 1.0
30 316 1.0
30 782 1.0
30 126 1.0
31 289 1.0
31 934 1.0
32 803 1.0
33 130 1.0
33 99 1.0
33 924 1.0
33 510 1.0
34 724 1.0
35 697 1.0
36 173 1.0
37 594 1.0
37 540 1.0
37 720 1.0
38 939 1.0
38 212 1.0
39 209 1.0
40 108 1.0
40 854 1.0
40 198 1.0
41 584 1.0
42 75 1.0
43 600 1.0
44 954 1.0
45 636 1.0
45 924 1.0
46 546 1.0
46 951 1.0
46 535 1.0
47 390 1.0
47 198 1.0
48 187 1.0
48 861 1.0
49 695 1.0
50 832 1.0
51 189 1.0
52 655 1.0
53 363 1.0
54 709 1.0
55 710 1.0
55 850 1.0
55 715 1.0
55 751 1.0
55 848 1.0
55 529 1.0
55 754 1.0
55 363 1.0
55 853 1.0
55 594 1.0
55 88 1.0
55 923 1.0
55 924 1.0
55 510 1.0
55 159 1.0
55 862 1.0
56 532 1.0
56 510 1.0
56 288 1.0
57 756 1.0
57 360 1.0
58 112 1.0
59 162 1.0
59 244 1.0
59 519 1.0
59 600 1.0
59 953 1.0
59 623 1.0
60 803 1.0
60 108 1.0
61 645 1.0
61 695 1.0
62 756 1.0
63 818 1.0
63 804 1.0
63 594 1.0
63 457 1.0
63 618 1.0
63 864 1.0
64 916 1.0
65 363 1.0
65 461 1.0
66 803 1.0
66 933 1.0
66 295 1.0
66 648 1.0
66 715 1.0
66 460 1.0
66 976 1.0
66 851 1.0
66 107 1.0
66 182 1.0
66 695 1.0
66 382 1.0
66 551 1.0
66 186 1.0
66 267 1.0
66 924 1.0
66 363 1.0
66 566 1.0
67 900 1.0
67 581 1.0
67 826 1.0
67 443 1.0
67 525 1.0
67 336 1.0
68 779 1.0
69 649 1.0
69 157 1.0
70 976 1.0
71 966 1.0
71 1000 1.0
72 361 1.0
72 525 1.0
73 826 1.0
73 318 1.0
74 546 1.0
74 562 1.0
75 870 1.0
75 510 1.0
75 274 1.0
77 562 1.0
78 279 1.0
79 561 1.0
80 98 1.0
80 627 1.0
81 799 1.0
82 833 1.0
83 803 1.0
84 386 1.0
84 899 1.0
84 135 1.0
84 648 1.0
84 265 1.0
84 472 1.0
84 271 1.0
84 661 1.0
84 150 1.0
84 923 1.0
84 924 1.0
84 669 1.0
84 158 1.0
84 573 1.0
84 804 1.0
84 550 1.0
84 552 1.0
84 157 1.0
84 562 1.0
84 514 1.0
84 440 1.0
84 186 1.0
84 770 1.0
84 702 1.0
84 192 1.0
84 967 1.0
84 715 1.0
84 331 1.0
84 208 1.0
84 209 1.0
84 594 1.0
84 726 1.0
84 344 1.0
84 478 1.0
84 479 1.0
84 806 1.0
84 611 1.0
84 618 1.0
84 363 1.0
84 880 1.0
84 756 1.0
84 554 1.0
84 379 1.0
84 510 1.0
85 514 1.0
85 91 1.0
85 646 1.0
86 552 1.0
87 525 1.0
87 951 1.0
87 312 1.0
88 209 1.0
88 552 1.0
88 265 1.0
88 170 1.0
88 955 1.0
88 659 1.0
88 731 1.0
88 430 1.0
88 241 1.0
88 585 1.0
88 179 1.0
88 787 1.0
88 924 1.0
88 510 1.0
88 703 1.0
89 198 1.0
89 439 1.0
90 924 1.0
90 280 1.0
91 835 1.0
91 806 1.0
91 106 1.0
91 939 1.0
91 160 1.0
91 111 1.0
91 158 1.0
91 593 1.0
91 663 1.0
91 440 1.0
91 186 1.0
91 96 1.0
91 763 1.0
91 832 1.0
92 818 1.0
93 832 1.0
94 982 1.0
94 870 1.0
95 155 1.0
97 939 1.0
97 924 1.0
99 713 1.0
99 933 1.0
100 972 1.0
100 680 1.0
101 603 1.0
101 924 1.0
102 996 1.0
103 202 1.0
103 363 1.0
103 280 1.0
104 898 1.0
104 576 1.0
104 646 1.0
104 946 1.0
105 336 1.0
105 548 1.0
105 647 1.0
105 489 1.0
105 251 1.0
105 924 1.0
105 196 1.0
106 400 1.0
107 643 1.0
107 884 1.0
107 525 1.0
108 513 1.0
108 515 1.0
108 196 1.0
108 262 1.0
108 525 1.0
108 270 1.0
108 207 1.0
108 786 1.0
108 212 1.0
108 591 1.0
108 792 1.0
108 924 1.0
108 734 1.0
108 992 1.0
108 293 1.0
108 806 1.0
108 361 1.0
108 363 1.0
108 552 1.0
108 877 1.0
108 158 1.0
108 186 1.0
108 510 1.0
109 998 1.0
110 562 1.0
110 411 1.0
111 845 1.0
112 777 1.0
112 386 1.0
113 406 1.0
114 525 1.0
115 363 1.0
115 956 1.0
115 989 1.0
116 312 1.0
117 567 1.0
118 273 1.0
118 691 1.0
118 363 1.0
118 924 1.0
118 877 1.0
118 832 1.0
119 594 1.0
119 643 1.0
119 933 1.0
119 344 1.0
119 924 1.0
120 676 1.0
120 924 1.0
121 881 1.0
121 315 1.0
121 510 1.0
122 924 1.0
123 141 1.0
123 541 1.0
123 510 1.0
124 525 1.0
125 571 1.0
127 818 1.0
127 814 1.0
127 536 1.0
128 133 1.0
129 510 1.0
130 421 1.0
131 833 1.0
131 231 1.0
131 925 1.0
131 363 1.0
131 716 1.0
131 829 1.0
132 754 1.0
132 924 1.0
132 287 1.0
133 939 1.0
133 510 1.0
134 363 1.0
135 828 1.0
136 924 1.0
136 679 1.0
136 776 1.0
137 688 1.0
138 597 1.0
139 538 1.0
139 815 1.0
139 622 1.0
140 778 1.0
140 510 1.0
140 194 1.0
141 756 1.0
141 715 1.0
142 592 1.0
143 754 1.0
143 780 1.0
143 525 1.0
143 814 1.0
143 447 1.0
144 344 1.0
145 986 1.0
146 952 1.0
147 310 1.0
147 576 1.0
147 186 1.0
147 924 1.0
147 255 1.0
147 592 1.0
148 196 1.0
148 212 1.0
150 506 1.0
151 777 1.0
152 344 1.0
153 817 1.0
153 521 1.0
153 715 1.0
154 525 1.0
154 924 1.0
154 429 1.0
154 210 1.0
156 969 1.0
156 771 1.0
157 754 1.0
157 248 1.0
157 575 1.0
158 577 1.0
158 803 1.0
158 924 1.0
158 829 1.0
158 363 1.0
158 939 1.0
158 894 1.0
158 594 1.0
158 279 1.0
158 248 1.0
158 827 1.0
158 510 1.0
158 916 1.0
158 576 1.0
159 894 1.0
160 562 1.0
160 275 1.0
160 495 1.0
161 820 1.0
161 510 1.0
162 664 1.0
163 553 1.0
164 851 1.0
165 189 1.0
167 924 1.0
168 444 1.0
169 563 1.0
169 196 1.0
169 631 1.0
169 925 1.0
169 525 1.0
170 705 1.0
170 482 1.0
170 389 1.0
170 712 1.0
170 202 1.0
170 312 1.0
170 977 1.0
170 854 1.0
170 474 1.0
170 828 1.0
170 829 1.0
170 510 1.0
171 196 1.0
172 754 1.0
172 996 1.0
172 198 1.0
172 363 1.0
172 815 1.0
173 546 1.0
173 947 1.0
173 821 1.0
173 676 1.0
173 924 1.0
173 976 1.0
173 870 1.0
174 202 1.0
175 570 1.0
175 924 1.0
175 973 1.0
175 300 1.0
176 571 1.0
177 510 1.0
178 617 1.0
178 948 1.0
179 525 1.0
179 261 1.0
179 510 1.0
179 223 1.0
181 510 1.0
184 521 1.0
185 291 1.0
185 505 1.0
185 924 1.0
185 877 1.0
185 627 1.0
186 371 1.0
186 868 1.0
186 200 1.0
186 939 1.0
186 748 1.0
186 365 1.0
186 814 1.0
186 976 1.0
186 465 1.0
186 344 1.0
186 832 1.0
186 510 1.0
186 285 1.0
186 883 1.0
186 248 1.0
187 851 1.0
188 924 1.0
189 597 1.0
189 594 1.0
190 467 1.0
190 300 1.0
190 924 1.0
191 378 1.0
192 546 1.0
192 364 1.0
192 198 1.0
192 939 1.0
192 684 1.0
192 853 1.0
192 854 1.0
192 793 1.0
192 924 1.0
192 510 1.0
193 294 1.0
193 552 1.0
193 783 1.0
193 198 1.0
194 837 1.0
195 550 1.0
195 720 1.0
196 321 1.0
196 515 1.0
196 774 1.0
196 392 1.0
196 600 1.0
196 525 1.0
196 939 1.0
196 474 1.0
196 793 1.0
196 540 1.0
196 413 1.0
196 550 1.0
196 557 1.0
196 563 1.0
196 458 1.0
196 953 1.0
196 660 1.0
196 829 1.0
196 961 1.0
196 967 1.0
196 202 1.0
196 715 1.0
196 440 1.0
196 924 1.0
196 723 1.0
196 213 1.0
196 344 1.0
196 858 1.0
196 475 1.0
196 605 1.0
196 485 1.0
196 617 1.0
196 623 1.0
196 884 1.0
196 887 1.0
196 253 1.0
196 510 1.0
197 335 1.0
198 924 1.0
198 327 1.0
198 363 1.0
198 430 1.0
198 437 1.0
198 448 1.0
198 939 1.0
198 769 1.0
199 265 1.0
200 363 1.0
200 510 1.0
201 313 1.0
201 939 1.0
202 803 1.0
202 648 1.0
202 777 1.0
202 715 1.0
202 525 1.0
202 687 1.0
202 958 1.0
202 444 1.0
202 547 1.0
202 312 1.0
202 924 1.0
202 510 1.0
202 735 1.0
203 984 1.0
204 755 1.0
204 343 1.0
205 754 1.0
206 753 1.0
208 955 1.0
208 924 1.0
209 939 1.0
209 510 1.0
209 592 1.0
211 515 1.0
211 758 1.0
212 451 1.0
212 708 1.0
212 968 1.0
212 650 1.0
212 267 1.0
212 461 1.0
212 593 1.0
212 594 1.0
212 342 1.0
212 411 1.0
212 924 1.0
212 933 1.0
212 361 1.0
212 877 1.0
212 430 1.0
212 312 1.0
212 505 1.0
212 510 1.0
212 832 1.0
213 715 1.0
215 961 1.0
215 797 1.0
216 794 1.0
217 811 1.0
217 511 1.0
218 289 1.0
218 435 1.0
218 725 1.0
218 550 1.0
218 648 1.0
218 299 1.0
218 351 1.0
218 272 1.0
219 239 1.0
221 394 1.0
221 510 1.0
221 695 1.0
221 832 1.0
222 643 1.0
222 280 1.0
224 613 1.0
225 591 1.0
226 533 1.0
227 363 1.0
227 924 1.0
228 422 1.0
229 953 1.0
229 826 1.0
229 925 1.0
229 898 1.0
231 982 1.0
232 832 1.0
233 510 1.0
234 268 1.0
234 924 1.0
235 594 1.0
235 312 1.0
236 251 1.0
238 250 1.0
239 513 1.0
239 361 1.0
239 922 1.0
239 510 1.0
239 832 1.0
240 829 1.0
242 724 1.0
242 510 1.0
243 924 1.0
243 485 1.0
245 350 1.0
246 506 1.0
246 715 1.0
246 924 1.0
247 924 1.0
248 803 1.0
248 740 1.0
248 267 1.0
248 280 1.0
248 643 1.0
248 344 1.0
248 924 1.0
248 287 1.0
248 576 1.0
249 802 1.0
249 525 1.0
251 924 1.0
251 639 1.0
252 518 1.0
254 754 1.0
254 924 1.0
254 890 1.0
254 914 1.0
256 525 1.0
257 510 1.0
258 754 1.0
258 534 1.0
259 463 1.0
260 510 1.0
261 545 1.0
261 552 1.0
261 937 1.0
261 267 1.0
261 940 1.0
261 525 1.0
261 814 1.0
261 724 1.0
261 921 1.0
261 762 1.0
261 924 1.0
261 510 1.0
261 832 1.0
262 815 1.0
263 312 1.0
264 983 1.0
265 832 1.0
266 510 1.0
267 476 1.0
267 422 1.0
267 935 1.0
267 439 1.0
267 939 1.0
267 525 1.0
267 832 1.0
267 976 1.0
267 562 1.0
267 663 1.0
267 729 1.0
267 293 1.0
267 576 1.0
267 701 1.0
267 926 1.0
267 998 1.0
268 824 1.0
268 594 1.0
270 754 1.0
270 924 1.0
271 754 1.0
271 546 1.0
271 715 1.0
271 924 1.0
271 574 1.0
271 510 1.0
272 353 1.0
272 873 1.0
272 811 1.0
272 976 1.0
275 939 1.0
276 453 1.0
277 650 1.0
278 510 1.0
279 839 1.0
279 510 1.0
279 557 1.0
279 363 1.0
279 496 1.0
279 525 1.0
280 562 1.0
280 290 1.0
280 852 1.0
280 933 1.0
280 715 1.0
280 749 1.0
280 478 1.0
281 811 1.0
281 510 1.0
282 361 1.0
282 371 1.0
283 773 1.0
284 647 1.0
286 843 1.0
286 924 1.0
286 835 1.0
287 881 1.0
287 563 1.0
287 469 1.0
287 665 1.0
287 363 1.0
287 440 1.0
287 525 1.0
289 877 1.0
289 381 1.0
289 363 1.0
289 924 1.0
289 525 1.0
291 803 1.0
292 715 1.0
292 648 1.0
293 386 1.0
293 871 1.0
293 317 1.0
293 525 1.0
293 958 1.0
294 393 1.0
296 844 1.0
297 572 1.0
297 806 1.0
297 680 1.0
297 924 1.0
297 916 1.0
297 510 1.0
297 479 1.0
298 603 1.0
300 531 1.0
300 651 1.0
300 643 1.0
301 900 1.0
302 821 1.0
304 712 1.0
306 992 1.0
307 529 1.0
308 624 1.0
309 754 1.0
309 803 1.0
311 899 1.0
311 312 1.0
311 510 1.0
311 472 1.0
312 646 1.0
312 594 1.0
312 789 1.0
312 943 1.0
312 600 1.0
312 665 1.0
312 411 1.0
312 412 1.0
312 803 1.0
312 924 1.0
312 742 1.0
312 680 1.0
312 559 1.0
312 512 1.0
314 594 1.0
315 944 1.0
315 829 1.0
315 552 1.0
318 480 1.0
319 924 1.0
320 724 1.0
320 496 1.0
321 412 1.0
322 594 1.0
323 832 1.0
324 594 1.0
324 894 1.0
325 724 1.0
326 594 1.0
326 924 1.0
327 363 1.0
327 597 1.0
327 800 1.0
328 363 1.0
328 852 1.0
328 371 1.0
329 793 1.0
329 562 1.0
329 510 1.0
330 621 1.0
330 840 1.0
331 442 1.0
331 704 1.0
332 356 1.0
333 585 1.0
333 406 1.0
333 576 1.0
334 363 1.0
334 408 1.0
335 976 1.0
336 576 1.0
336 835 1.0
336 510 1.0
338 961 1.0
338 898 1.0
338 659 1.0
338 852 1.0
338 507 1.0
338 525 1.0
338 491 1.0
339 510 1.0
339 967 1.0
341 832 1.0
341 1000 1.0
342 428 1.0
343 363 1.0
344 663 1.0
344 363 1.0
344 525 1.0
344 562 1.0
344 440 1.0
344 605 1.0
344 510 1.0
344 576 1.0
345 881 1.0
345 982 1.0
346 921 1.0
347 454 1.0
348 525 1.0
348 832 1.0
349 978 1.0
349 451 1.0
349 388 1.0
349 411 1.0
349 924 1.0
349 835 1.0
349 510 1.0
351 763 1.0
351 478 1.0
352 924 1.0
352 663 1.0
353 411 1.0
354 544 1.0
355 924 1.0
356 924 1.0
357 924 1.0
358 363 1.0
358 663 1.0
361 579 1.0
361 712 1.0
361 669 1.0
361 939 1.0
361 593 1.0
361 914 1.0
361 563 1.0
361 853 1.0
361 440 1.0
361 372 1.0
361 924 1.0
361 509 1.0
361 414 1.0
361 576 1.0
362 835 1.0
362 924 1.0
363 898 1.0
363 773 1.0
363 525 1.0
363 657 1.0
363 533 1.0
363 665 1.0
363 411 1.0
363 924 1.0
363 454 1.0
363 647 1.0
363 667 1.0
363 818 1.0
363 939 1.0
363 430 1.0
363 663 1.0
363 432 1.0
363 562 1.0
363 952 1.0
363 581 1.0
363 457 1.0
363 843 1.0
363 460 1.0
363 974 1.0
363 594 1.0
363 967 1.0
363 754 1.0
363 478 1.0
363 736 1.0
363 737 1.0
363 929 1.0
363 376 1.0
363 881 1.0
363 498 1.0
363 756 1.0
363 590 1.0
363 870 1.0
363 761 1.0
363 636 1.0
363 510 1.0
363 767 1.0
365 525 1.0
366 803 1.0
367 676 1.0
367 479 1.0
368 924 1.0
368 720 1.0
369 942 1.0
370 525 1.0
371 835 1.0
372 547 1.0
373 882 1.0
374 384 1.0
375 510 1.0
376 704 1.0
377 441 1.0
378 939 1.0
379 941 1.0
379 806 1.0
380 754 1.0
380 924 1.0
380 976 1.0
381 829 1.0
381 839 1.0
382 715 1.0
383 575 1.0
384 460 1.0
384 679 1.0
385 445 1.0
386 754 1.0
386 854 1.0
386 832 1.0
390 654 1.0
391 715 1.0
392 921 1.0
392 594 1.0
394 829 1.0
394 460 1.0
394 832 1.0
395 515 1.0
396 967 1.0
397 547 1.0
398 710 1.0
399 806 1.0
399 510 1.0
400 640 1.0
400 556 1.0
400 550 1.0
400 832 1.0
401 924 1.0
401 510 1.0
403 525 1.0
404 537 1.0
404 411 1.0
404 924 1.0
405 761 1.0
406 933 1.0
407 638 1.0
408 676 1.0
409 735 1.0
410 881 1.0
411 995 1.0
411 520 1.0
411 777 1.0
411 605 1.0
411 715 1.0
411 877 1.0
411 510 1.0
411 561 1.0
411 594 1.0
411 663 1.0
411 924 1.0
411 832 1.0
412 964 1.0
413 870 1.0
414 769 1.0
415 702 1.0
416 939 1.0
417 533 1.0
418 594 1.0
419 889 1.0
420 580 1.0
422 754 1.0
422 595 1.0
422 695 1.0
422 924 1.0
422 479 1.0
422 832 1.0
423 425 1.0
423 594 1.0
424 600 1.0
424 854 1.0
424 776 1.0
426 715 1.0
426 525 1.0
427 852 1.0
427 924 1.0
428 492 1.0
428 980 1.0
428 576 1.0
430 866 1.0
430 819 1.0
431 455 1.0
432 893 1.0
432 879 1.0
433 510 1.0
434 646 1.0
436 562 1.0
437 501 1.0
438 516 1.0
439 533 1.0
439 605 1.0
440 925 1.0
440 525 1.0
440 976 1.0
440 889 1.0
440 924 1.0
440 829 1.0
442 832 1.0
443 601 1.0
443 924 1.0
444 722 1.0
445 924 1.0
445 942 1.0
446 924 1.0
446 832 1.0
447 712 1.0
447 894 1.0
449 924 1.0
450 805 1.0
451 833 1.0
451 924 1.0
452 510 1.0
456 807 1.0
458 730 1.0
458 998 1.0
459 792 1.0
460 563 1.0
460 894 1.0
460 552 1.0
460 832 1.0
460 525 1.0
460 510 1.0
462 510 1.0
463 924 1.0
464 891 1.0
466 525 1.0
467 870 1.0
470 691 1.0
470 747 1.0
473 525 1.0
474 946 1.0
474 979 1.0
474 756 1.0
474 715 1.0
474 924 1.0
474 476 1.0
475 852 1.0
476 576 1.0
476 542 1.0
476 510 1.0
477 826 1.0
478 857 1.0
478 525 1.0
478 892 1.0
478 877 1.0
478 955 1.0
478 832 1.0
479 933 1.0
479 703 1.0
480 829 1.0
481 953 1.0
482 510 1.0
482 576 1.0
483 510 1.0
484 525 1.0
486 803 1.0
487 939 1.0
488 663 1.0
489 612 1.0
490 969 1.0
490 562 1.0
490 924 1.0
490 510 1.0
491 605 1.0
493 924 1.0
493 647 1.0
494 634 1.0
494 924 1.0
495 963 1.0
496 780 1.0
496 630 1.0
497 693 1.0
498 547 1.0
498 835 1.0
498 656 1.0
499 939 1.0
499 724 1.0
500 594 1.0
500 751 1.0
501 607 1.0
502 510 1.0
503 987 1.0
503 854 1.0
504 680 1.0
505 715 1.0
506 939 1.0
506 832 1.0
510 777 1.0
510 785 1.0
510 533 1.0
510 645 1.0
510 803 1.0
510 549 1.0
510 806 1.0
510 605 1.0
510 811 1.0
510 558 1.0
510 815 1.0
510 948 1.0
510 822 1.0
510 778 1.0
510 571 1.0
510 770 1.0
510 575 1.0
510 832 1.0
510 525 1.0
510 849 1.0
510 594 1.0
510 527 1.0
510 593 1.0
510 859 1.0
510 754 1.0
510 613 1.0
510 767 1.0
510 970 1.0
510 877 1.0
510 879 1.0
510 513 1.0
510 600 1.0
510 634 1.0
510 576 1.0
510 647 1.0
510 904 1.0
510 909 1.0
510 789 1.0
510 912 1.0
510 663 1.0
510 920 1.0
510 921 1.0
510 666 1.0
510 924 1.0
510 671 1.0
510 930 1.0
510 939 1.0
510 712 1.0
510 670 1.0
510 946 1.0
510 628 1.0
510 696 1.0
510 697 1.0
510 587 1.0
510 959 1.0
510 673 1.0
510 967 1.0
510 715 1.0
510 976 1.0
510 728 1.0
510 991 1.0
510 550 1.0
510 929 1.0
510 680 1.0
510 553 1.0
510 596 1.0
510 760 1.0
510 674 1.0
510 765 1.0
510 964 1.0
512 710 1.0
513 754 1.0
513 924 1.0
513 905 1.0
513 715 1.0
513 603 1.0
513 749 1.0
513 752 1.0
514 832 1.0
514 612 1.0
514 924 1.0
514 576 1.0
515 898 1.0
515 706 1.0
515 924 1.0
515 525 1.0
515 563 1.0
515 815 1.0
515 754 1.0
515 854 1.0
515 956 1.0
515 648 1.0
515 863 1.0
516 991 1.0
516 870 1.0
517 712 1.0
518 594 1.0
518 643 1.0
518 996 1.0
518 854 1.0
518 825 1.0
520 905 1.0
520 838 1.0
522 1000 1.0
523 618 1.0
523 958 1.0
524 566 1.0
525 783 1.0
525 531 1.0
525 540 1.0
525 546 1.0
525 803 1.0
525 804 1.0
525 806 1.0
525 556 1.0
525 815 1.0
525 564 1.0
525 826 1.0
525 575 1.0
525 576 1.0
525 586 1.0
525 591 1.0
525 600 1.0
525 614 1.0
525 871 1.0
525 616 1.0
525 628 1.0
525 885 1.0
525 886 1.0
525 631 1.0
525 636 1.0
525 643 1.0
525 665 1.0
525 594 1.0
525 921 1.0
525 924 1.0
525 933 1.0
525 939 1.0
525 685 1.0
525 690 1.0
525 956 1.0
525 957 1.0
525 962 1.0
525 965 1.0
525 715 1.0
525 547 1.0
525 718 1.0
525 724 1.0
525 976 1.0
525 738 1.0
525 996 1.0
525 999 1.0
525 744 1.0
525 745 1.0
525 680 1.0
525 752 1.0
525 754 1.0
526 646 1.0
527 562 1.0
527 594 1.0
528 970 1.0
529 834 1.0
529 831 1.0
531 961 1.0
531 921 1.0
531 715 1.0
533 913 1.0
533 692 1.0
533 585 1.0
534 547 1.0
534 884 1.0
535 594 1.0
536 605 1.0
536 806 1.0
537 924 1.0
537 926 1.0
539 571 1.0
540 803 1.0
540 935 1.0
540 650 1.0
540 590 1.0
540 773 1.0
541 583 1.0
546 993 1.0
547 594 1.0
547 562 1.0
547 796 1.0
547 715 1.0
550 576 1.0
550 719 1.0
552 842 1.0
552 715 1.0
552 814 1.0
552 815 1.0
552 924 1.0
552 966 1.0
554 690 1.0
555 789 1.0
556 562 1.0
556 970 1.0
556 924 1.0
557 754 1.0
558 903 1.0
560 914 1.0
560 924 1.0
561 691 1.0
561 825 1.0
561 892 1.0
561 589 1.0
561 939 1.0
562 643 1.0
562 839 1.0
562 594 1.0
562 921 1.0
562 924 1.0
562 690 1.0
562 892 1.0
563 715 1.0
563 924 1.0
563 720 1.0
565 835 1.0
566 714 1.0
568 619 1.0
569 647 1.0
570 715 1.0
572 933 1.0
572 576 1.0
573 854 1.0
575 813 1.0
576 600 1.0
576 594 1.0
576 832 1.0
576 929 1.0
576 636 1.0
576 933 1.0
576 798 1.0
576 681 1.0
576 924 1.0
578 756 1.0
579 811 1.0
581 924 1.0
581 777 1.0
581 892 1.0
581 719 1.0
582 811 1.0
583 600 1.0
585 594 1.0
585 773 1.0
588 708 1.0
588 997 1.0
591 754 1.0
591 945 1.0
591 821 1.0
591 630 1.0
591 924 1.0
591 832 1.0
592 594 1.0
593 600 1.0
594 910 1.0
594 841 1.0
594 836 1.0
594 666 1.0
594 924 1.0
594 839 1.0
594 939 1.0
594 812 1.0
594 815 1.0
594 756 1.0
594 693 1.0
594 811 1.0
594 829 1.0
594 832 1.0
594 961 1.0
594 707 1.0
594 715 1.0
594 721 1.0
594 983 1.0
594 976 1.0
594 605 1.0
594 735 1.0
594 663 1.0
594 780 1.0
594 750 1.0
594 754 1.0
594 758 1.0
594 896 1.0
597 739 1.0
597 829 1.0
598 928 1.0
599 924 1.0
600 771 1.0
600 777 1.0
600 984 1.0
600 658 1.0
600 980 1.0
600 740 1.0
600 692 1.0
600 892 1.0
600 924 1.0
600 959 1.0
602 618 1.0
603 934 1.0
604 924 1.0
604 839 1.0
605 963 1.0
605 712 1.0
605 715 1.0
605 877 1.0
605 630 1.0
605 924 1.0
606 933 1.0
608 888 1.0
609 924 1.0
609 749 1.0
615 867 1.0
618 815 1.0
618 777 1.0
620 647 1.0
621 924 1.0
622 777 1.0
622 654 1.0
623 871 1.0
625 924 1.0
627 654 1.0
629 676 1.0
629 668 1.0
630 924 1.0
630 655 1.0
632 924 1.0
633 854 1.0
633 832 1.0
634 663 1.0
635 690 1.0
635 819 1.0
636 940 1.0
636 949 1.0
636 879 1.0
636 924 1.0
636 976 1.0
636 877 1.0
637 715 1.0
638 924 1.0
639 706 1.0
641 666 1.0
642 684 1.0
643 924 1.0
643 646 1.0
643 939 1.0
643 892 1.0
644 871 1.0
645 997 1.0
646 665 1.0
646 962 1.0
647 924 1.0
647 749 1.0
647 697 1.0
647 715 1.0
648 801 1.0
649 698 1.0
650 777 1.0
651 715 1.0
652 772 1.0
653 939 1.0
659 924 1.0
659 720 1.0
660 897 1.0
662 716 1.0
663 924 1.0
663 782 1.0
663 939 1.0
663 695 1.0
663 754 1.0
665 754 1.0
665 777 1.0
665 832 1.0
665 784 1.0
668 832 1.0
670 806 1.0
672 832 1.0
674 853 1.0
675 890 1.0
675 924 1.0
676 924 1.0
677 924 1.0
678 933 1.0
679 715 1.0
683 816 1.0
686 939 1.0
688 889 1.0
689 743 1.0
690 924 1.0
691 853 1.0
694 715 1.0
695 854 1.0
699 924 1.0
700 924 1.0
701 809 1.0
703 939 1.0
704 717 1.0
706 849 1.0
707 924 1.0
707 976 1.0
708 921 1.0
710 808 1.0
710 815 1.0
711 715 1.0
712 939 1.0
712 748 1.0
712 911 1.0
712 824 1.0
712 924 1.0
713 828 1.0
715 924 1.0
715 803 1.0
715 811 1.0
715 889 1.0
715 832 1.0
715 894 1.0
715 854 1.0
715 990 1.0
715 742 1.0
715 827 1.0
715 754 1.0
715 756 1.0
717 887 1.0
720 768 1.0
724 756 1.0
724 877 1.0
724 924 1.0
724 893 1.0
725 744 1.0
727 877 1.0
732 832 1.0
733 854 1.0
736 803 1.0
738 775 1.0
739 793 1.0
740 921 1.0
740 856 1.0
741 754 1.0
744 924 1.0
745 877 1.0
746 766 1.0
747 791 1.0
748 832 1.0
752 777 1.0
753 853 1.0
754 835 1.0
754 939 1.0
754 787 1.0
754 924 1.0
754 870 1.0
754 803 1.0
754 940 1.0
756 986 1.0
756 924 1.0
756 829 1.0
758 933 1.0
759 985 1.0
760 806 1.0
764 832 1.0
765 788 1.0
765 924 1.0
767 871 1.0
768 814 1.0
770 924 1.0
773 924 1.0
774 984 1.0
777 993 1.0
777 924 1.0
777 960 1.0
777 854 1.0
781 924 1.0
783 924 1.0
787 803 1.0
788 917 1.0
789 933 1.0
789 812 1.0
790 924 1.0
792 806 1.0
793 924 1.0
794 924 1.0
795 912 1.0
798 939 1.0
799 832 1.0
800 924 1.0
801 854 1.0
803 846 1.0
803 971 1.0
803 982 1.0
803 919 1.0
803 924 1.0
803 939 1.0
803 829 1.0
804 933 1.0
804 832 1.0
805 939 1.0
806 924 1.0
806 908 1.0
806 939 1.0
806 895 1.0
810 924 1.0
810 832 1.0
811 939 1.0
811 914 1.0
811 916 1.0
813 907 1.0
814 950 1.0
814 924 1.0
815 844 1.0
815 924 1.0
815 892 1.0
821 982 1.0
823 870 1.0
826 832 1.0
828 924 1.0
828 877 1.0
829 861 1.0
829 874 1.0
829 924 1.0
830 832 1.0
832 935 1.0
832 939 1.0
832 961 1.0
832 924 1.0
832 854 1.0
832 934 1.0
835 901 1.0
835 939 1.0
835 924 1.0
837 933 1.0
852 924 1.0
854 924 1.0
854 939 1.0
854 870 1.0
855 975 1.0
860 924 1.0
861 884 1.0
865 924 1.0
868 952 1.0
869 924 1.0
870 924 1.0
872 924 1.0
877 893 1.0
877 924 1.0
878 924 1.0
889 939 1.0
889 931 1.0
892 914 1.0
893 924 1.0
900 939 1.0
902 939 1.0
905 967 1.0
906 946 1.0
906 926 1.0
909 924 1.0
915 924 1.0
918 932 1.0
918 936 1.0
924 939 1.0
924 948 1.0
924 952 1.0
924 926 1.0
924 938 1.0
924 945 1.0
924 965 1.0
924 967 1.0
924 933 1.0
924 931 1.0
924 976 1.0
924 980 1.0
924 997 1.0
933 960 1.0
937 968 1.0
939 960 1.0
939 981 1.0
939 986 1.0
939 994 1.0
945 962 1.0
982 995 1.0
