*vertices 200
1 1 0.0 0.0 ellipse
2 2 0.0 0.0 ellipse
3 3 0.0 0.0 ellipse
4 4 0.0 0.0 ellipse
5 5 0.0 0.0 ellipse
6 6 0.0 0.0 ellipse
7 7 0.0 0.0 ellipse
8 8 0.0 0.0 ellipse
9 9 0.0 0.0 ellipse
10 10 0.0 0.0 ellipse
11 11 0.0 0.0 ellipse
12 12 0.0 0.0 ellipse
13 13 0.0 0.0 ellipse
14 14 0.0 0.0 ellipse
15 15 0.0 0.0 ellipse
16 16 0.0 0.0 ellipse
17 17 0.0 0.0 ellipse
18 18 0.0 0.0 ellipse
19 19 0.0 0.0 ellipse
20 20 0.0 0.0 ellipse
21 21 0.0 0.0 ellipse
22 22 0.0 0.0 ellipse
23 23 0.0 0.0 ellipse
24 24 0.0 0.0 ellipse
25 25 0.0 0.0 ellipse
26 26 0.0 0.0 ellipse
27 27 0.0 0.0 ellipse
28 28 0.0 0.0 ellipse
29 29 0.0 0.0 ellipse
30 30 0.0 0.0 ellipse
31 31 0.0 0.0 ellipse
32 32 0.0 0.0 ellipse
33 33 0.0 0.0 ellipse
34 34 0.0 0.0 ellipse
35 35 0.0 0.0 ellipse
36 36 0.0 0.0 ellipse
37 37 0.0 0.0 ellipse
38 38 0.0 0.0 ellipse
39 39 0.0 0.0 ellipse
40 40 0.0 0.0 ellipse
41 41 0.0 0.0 ellipse
42 42 0.0 0.0 ellipse
43 43 0.0 0.0 ellipse
44 44 0.0 0.0 ellipse
45 45 0.0 0.0 ellipse
46 46 0.0 0.0 ellipse
47 47 0.0 0.0 ellipse
48 48 0.0 0.0 ellipse
49 49 0.0 0.0 ellipse
50 50 0.0 0.0 ellipse
51 51 0.0 0.0 ellipse
52 52 0.0 0.0 ellipse
53 53 0.0 0.0 ellipse
54 54 0.0 0.0 ellipse
55 55 0.0 0.0 ellipse
56 56 0.0 0.0 ellipse
57 57 0.0 0.0 ellipse
58 58 0.0 0.0 ellipse
59 59 0.0 0.0 ellipse
60 60 0.0 0.0 ellipse
61 61 0.0 0.0 ellipse
62 62 0.0 0.0 ellipse
63 63 0.0 0.0 ellipse
64 64 0.0 0.0 ellipse
65 65 0.0 0.0 ellipse
66 66 0.0 0.0 ellipse
67 67 0.0 0.0 ellipse
68 68 0.0 0.0 ellipse
69 69 0.0 0.0 ellipse
70 70 0.0 0.0 ellipse
71 71 0.0 0.0 ellipse
72 72 0.0 0.0 ellipse
73 73 0.0 0.0 ellipse
74 74 0.0 0.0 ellipse
75 75 0.0 0.0 ellipse
76 76 0.0 0.0 ellipse
77 77 0.0 0.0 ellipse
78 78 0.0 0.0 ellipse
79 79 0.0 0.0 ellipse
80 80 0.0 0.0 ellipse
81 81 0.0 0.0 ellipse
82 82 0.0 0.0 ellipse
83 83 0.0 0.0 ellipse
84 84 0.0 0.0 ellipse
85 85 0.0 0.0 ellipse
86 86 0.0 0.0 ellipse
87 87 0.0 0.0 ellipse
88 88 0.0 0.0 ellipse
89 89 0.0 0.0 ellipse
90 90 0.0 0.0 ellipse
91 91 0.0 0.0 ellipse
92 92 0.0 0.0 ellipse
93 93 0.0 0.0 ellipse
94 94 0.0 0.0 ellipse
95 95 0.0 0.0 ellipse
96 96 0.0 0.0 ellipse
97 97 0.0 0.0 ellipse
98 98 0.0 0.0 ellipse
99 99 0.0 0.0 ellipse
100 100 0.0 0.0 ellipse
101 101 0.0 0.0 ellipse
102 102 0.0 0.0 ellipse
103 103 0.0 0.0 ellipse
104 104 0.0 0.0 ellipse
105 105 0.0 0.0 ellipse
106 106 0.0 0.0 ellipse
107 107 0.0 0.0 ellipse
108 108 0.0 0.0 ellipse
109 109 0.0 0.0 ellipse
110 110 0.0 0.0 ellipse
111 111 0.0 0.0 ellipse
112 112 0.0 0.0 ellipse
113 113 0.0 0.0 ellipse
114 114 0.0 0.0 ellipse
115 115 0.0 0.0 ellipse
116 116 0.0 0.0 ellipse
117 117 0.0 0.0 ellipse
118 118 0.0 0.0 ellipse
119 119 0.0 0.0 ellipse
120 120 0.0 0.0 ellipse
121 121 0.0 0.0 ellipse
122 122 0.0 0.0 ellipse
123 123 0.0 0.0 ellipse
124 124 0.0 0.0 ellipse
125 125 0.0 0.0 ellipse
126 126 0.0 0.0 ellipse
127 127 0.0 0.0 ellipse
128 128 0.0 0.0 ellipse
129 129 0.0 0.0 ellipse
130 130 0.0 0.0 ellipse
131 131 0.0 0.0 ellipse
132 132 0.0 0.0 ellipse
133 133 0.0 0.0 ellipse
134 134 0.0 0.0 ellipse
135 135 0.0 0.0 ellipse
136 136 0.0 0.0 ellipse
137 137 0.0 0.0 ellipse
138 138 0.0 0.0 ellipse
139 139 0.0 0.0 ellipse
140 140 0.0 0.0 ellipse
141 141 0.0 0.0 ellipse
142 142 0.0 0.0 ellipse
143 143 0.0 0.0 ellipse
144 144 0.0 0.0 ellipse
145 145 0.0 0.0 ellipse
146 146 0.0 0.0 ellipse
147 147 0.0 0.0 ellipse
148 148 0.0 0.0 ellipse
149 149 0.0 0.0 ellipse
150 150 0.0 0.0 ellipse
151 151 0.0 0.0 ellipse
152 152 0.0 0.0 ellipse
153 153 0.0 0.0 ellipse
154 154 0.0 0.0 ellipse
155 155 0.0 0.0 ellipse
156 156 0.0 0.0 ellipse
157 157 0.0 0.0 ellipse
158 158 0.0 0.0 ellipse
159 159 0.0 0.0 ellipse
160 160 0.0 0.0 ellipse
161 161 0.0 0.0 ellipse
162 162 0.0 0.0 ellipse
163 163 0.0 0.0 ellipse
164 164 0.0 0.0 ellipse
165 165 0.0 0.0 ellipse
166 166 0.0 0.0 ellipse
167 167 0.0 0.0 ellipse
168 168 0.0 0.0 ellipse
169 169 0.0 0.0 ellipse
170 170 0.0 0.0 ellipse
171 171 0.0 0.0 ellipse
172 172 0.0 0.0 ellipse
173 173 0.0 0.0 ellipse
174 174 0.0 0.0 ellipse
175 175 0.0 0.0 ellipse
176 176 0.0 0.0 ellipse
177 177 0.0 0.0 ellipse
178 178 0.0 0.0 ellipse
179 179 0.0 0.0 ellipse
180 180 0.0 0.0 ellipse
181 181 0.0 0.0 ellipse
182 182 0.0 0.0 ellipse
183 183 0.0 0.0 ellipse
184 184 0.0 0.0 ellipse
185 185 0.0 0.0 ellipse
186 186 0.0 0.0 ellipse
187 187 0.0 0.0 ellipse
188 188 0.0 0.0 ellipse
189 189 0.0 0.0 ellipse
190 190 0.0 0.0 ellipse
191 191 0.0 0.0 ellipse
192 192 0.0 0.0 ellipse
193 193 0.0 0.0 ellipse
194 194 0.0 0.0 ellipse
195 195 0.0 0.0 ellipse
196 196 0.0 0.0 ellipse
197 197 0.0 0.0 ellipse
198 198 0.0 0.0 ellipse
199 199 0.0 0.0 ellipse
200 200 0.0 0.0 ellipse
*edges
1 136 1.0
1 32 1.0
1 194 1.0
1 191 1.0
2 75 1.0
2 131 1.0
2 117 1.0
2 39 1.0
2 200 1.0
2 27 1.0
3 40 1.0
3 181 1.0
3 23 1.0
3 200 1.0
3 11 1.0
3 159 1.0
3 174 1.0
3 142 1.0
3 95 1.0
4 160 1.0
4 85 1.0
4 40 1.0
4 171 1.0
4 124 1.0
4 173 1.0
4 77 1.0
4 111 1.0
5 50 1.0
5 51 1.0
5 71 1.0
5 120 1.0
5 9 1.0
5 106 1.0
5 167 1.0
5 60 1.0
5 77 1.0
5 14 1.0
6 81 1.0
6 38 1.0
6 10 1.0
6 11 1.0
6 138 1.0
6 141 1.0
7 129 1.0
7 114 1.0
7 75 1.0
8 112 1.0
8 65 1.0
8 195 1.0
8 53 1.0
8 57 1.0
8 120 1.0
8 105 1.0
8 125 1.0
8 143 1.0
9 16 1.0
9 74 1.0
9 52 1.0
9 170 1.0
9 42 1.0
9 28 1.0
9 109 1.0
9 78 1.0
9 47 1.0
10 83 1.0
10 36 1.0
10 119 1.0
10 42 1.0
10 108 1.0
11 129 1.0
11 84 1.0
11 199 1.0
11 127 1.0
11 63 1.0
12 115 1.0
12 167 1.0
13 96 1.0
13 164 1.0
13 70 1.0
13 22 1.0
13 136 1.0
13 155 1.0
14 176 1.0
14 116 1.0
14 67 1.0
14 36 1.0
14 87 1.0
14 57 1.0
15 139 1.0
15 94 1.0
16 176 1.0
16 168 1.0
16 148 1.0
16 134 1.0
16 55 1.0
16 40 1.0
16 139 1.0
16 60 1.0
16 46 1.0
16 68 1.0
17 128 1.0
17 97 1.0
17 188 1.0
17 108 1.0
17 174 1.0
18 184 1.0
18 34 1.0
18 119 1.0
18 104 1.0
18 121 1.0
18 27 1.0
18 188 1.0
19 98 1.0
19 86 1.0
19 72 1.0
19 191 1.0
19 110 1.0
19 175 1.0
20 116 1.0
20 69 1.0
20 104 1.0
20 185 1.0
20 170 1.0
20 60 1.0
20 29 1.0
21 40 1.0
21 82 1.0
21 158 1.0
21 159 1.0
22 112 1.0
22 64 1.0
22 27 1.0
22 24 1.0
22 107 1.0
22 46 1.0
23 82 1.0
23 163 1.0
23 150 1.0
23 153 1.0
23 58 1.0
23 197 1.0
23 188 1.0
23 50 1.0
23 173 1.0
24 49 1.0
24 36 1.0
24 69 1.0
24 40 1.0
24 100 1.0
24 27 1.0
25 64 1.0
25 132 1.0
25 104 1.0
25 170 1.0
25 43 1.0
25 82 1.0
25 110 1.0
25 109 1.0
25 50 1.0
25 181 1.0
25 150 1.0
25 183 1.0
26 27 1.0
26 86 1.0
26 47 1.0
27 128 1.0
27 65 1.0
27 68 1.0
27 73 1.0
27 175 1.0
27 148 1.0
27 181 1.0
27 143 1.0
28 182 1.0
28 142 1.0
29 114 1.0
29 74 1.0
29 37 1.0
29 70 1.0
29 55 1.0
29 170 1.0
29 59 1.0
29 186 1.0
29 191 1.0
30 64 1.0
30 66 1.0
30 36 1.0
30 38 1.0
30 41 1.0
30 90 1.0
30 114 1.0
31 194 1.0
31 51 1.0
31 187 1.0
31 134 1.0
31 183 1.0
32 195 1.0
32 70 1.0
32 151 1.0
32 42 1.0
32 92 1.0
33 116 1.0
33 82 1.0
33 35 1.0
33 148 1.0
33 70 1.0
33 129 1.0
33 137 1.0
33 58 1.0
33 140 1.0
33 190 1.0
34 65 1.0
34 199 1.0
34 136 1.0
34 60 1.0
34 50 1.0
35 162 1.0
35 85 1.0
35 121 1.0
35 91 1.0
35 126 1.0
35 63 1.0
36 91 1.0
36 114 1.0
36 105 1.0
36 173 1.0
36 156 1.0
36 84 1.0
36 142 1.0
36 55 1.0
36 59 1.0
36 188 1.0
36 157 1.0
37 177 1.0
37 67 1.0
37 38 1.0
37 54 1.0
37 159 1.0
37 60 1.0
37 69 1.0
37 109 1.0
38 49 1.0
38 196 1.0
38 167 1.0
38 100 1.0
38 155 1.0
38 157 1.0
39 89 1.0
39 122 1.0
39 135 1.0
40 194 1.0
40 134 1.0
40 72 1.0
40 81 1.0
40 185 1.0
40 156 1.0
40 190 1.0
41 146 1.0
41 132 1.0
41 138 1.0
41 170 1.0
41 173 1.0
41 143 1.0
42 82 1.0
42 108 1.0
42 175 1.0
43 112 1.0
43 178 1.0
43 117 1.0
43 186 1.0
43 76 1.0
43 77 1.0
44 153 1.0
44 66 1.0
44 150 1.0
44 177 1.0
44 175 1.0
45 160 1.0
45 81 1.0
45 53 1.0
45 93 1.0
45 189 1.0
46 197 1.0
46 200 1.0
46 140 1.0
46 173 1.0
47 65 1.0
47 193 1.0
47 154 1.0
47 185 1.0
47 173 1.0
48 120 1.0
48 108 1.0
48 125 1.0
48 94 1.0
48 183 1.0
49 192 1.0
49 68 1.0
49 154 1.0
49 156 1.0
49 61 1.0
49 158 1.0
50 161 1.0
50 132 1.0
50 138 1.0
50 171 1.0
50 109 1.0
50 79 1.0
50 112 1.0
50 186 1.0
51 88 1.0
51 56 1.0
51 122 1.0
51 143 1.0
52 154 1.0
52 117 1.0
53 129 1.0
53 147 1.0
53 183 1.0
53 185 1.0
53 108 1.0
54 113 1.0
54 83 1.0
54 99 1.0
54 169 1.0
54 89 1.0
55 65 1.0
55 102 1.0
55 166 1.0
55 119 1.0
55 105 1.0
55 140 1.0
55 95 1.0
56 72 1.0
56 84 1.0
56 150 1.0
57 176 1.0
57 90 1.0
57 180 1.0
58 115 1.0
58 86 1.0
58 124 1.0
58 140 1.0
58 157 1.0
59 200 1.0
59 137 1.0
59 158 1.0
60 167 1.0
60 200 1.0
60 74 1.0
60 76 1.0
60 138 1.0
60 69 1.0
61 146 1.0
61 63 1.0
61 188 1.0
61 153 1.0
62 176 1.0
62 162 1.0
62 109 1.0
63 141 1.0
64 67 1.0
64 164 1.0
64 86 1.0
64 111 1.0
64 120 1.0
64 91 1.0
64 126 1.0
64 69 1.0
65 123 1.0
65 99 1.0
65 119 1.0
66 160 1.0
66 118 1.0
66 99 1.0
66 68 1.0
66 150 1.0
66 86 1.0
66 102 1.0
67 98 1.0
67 83 1.0
67 182 1.0
67 183 1.0
67 200 1.0
67 154 1.0
67 107 1.0
67 85 1.0
68 107 1.0
68 148 1.0
68 115 1.0
68 161 1.0
68 128 1.0
68 111 1.0
69 96 1.0
69 129 1.0
69 139 1.0
69 155 1.0
69 167 1.0
69 94 1.0
69 127 1.0
70 99 1.0
70 101 1.0
70 139 1.0
70 76 1.0
70 114 1.0
70 146 1.0
70 149 1.0
70 89 1.0
70 159 1.0
71 145 1.0
71 194 1.0
71 150 1.0
71 168 1.0
71 108 1.0
72 98 1.0
72 148 1.0
72 181 1.0
72 177 1.0
72 120 1.0
72 83 1.0
72 124 1.0
73 148 1.0
73 101 1.0
73 174 1.0
74 160 1.0
74 176 1.0
74 114 1.0
74 118 1.0
74 137 1.0
74 122 1.0
74 142 1.0
75 160 1.0
75 132 1.0
75 117 1.0
75 166 1.0
75 200 1.0
75 183 1.0
75 125 1.0
75 78 1.0
75 175 1.0
76 192 1.0
76 134 1.0
76 138 1.0
76 176 1.0
76 114 1.0
76 85 1.0
76 87 1.0
76 122 1.0
76 124 1.0
76 117 1.0
77 105 1.0
77 91 1.0
77 109 1.0
77 158 1.0
78 192 1.0
78 102 1.0
78 135 1.0
78 200 1.0
78 107 1.0
78 81 1.0
78 171 1.0
78 87 1.0
78 137 1.0
78 121 1.0
78 119 1.0
78 94 1.0
79 198 1.0
79 136 1.0
79 122 1.0
79 156 1.0
79 110 1.0
80 196 1.0
80 143 1.0
81 120 1.0
81 194 1.0
81 190 1.0
81 107 1.0
81 175 1.0
82 192 1.0
82 130 1.0
82 196 1.0
82 151 1.0
82 84 1.0
82 182 1.0
82 181 1.0
83 112 1.0
83 192 1.0
83 163 1.0
83 200 1.0
84 200 1.0
84 198 1.0
84 111 1.0
85 112 1.0
85 146 1.0
85 147 1.0
85 99 1.0
85 161 1.0
85 129 1.0
85 174 1.0
86 177 1.0
86 167 1.0
86 140 1.0
86 156 1.0
86 158 1.0
87 122 1.0
87 193 1.0
87 187 1.0
87 105 1.0
87 106 1.0
87 155 1.0
87 170 1.0
87 109 1.0
88 135 1.0
88 137 1.0
88 141 1.0
88 120 1.0
88 116 1.0
88 117 1.0
88 151 1.0
88 184 1.0
88 91 1.0
88 124 1.0
88 189 1.0
88 126 1.0
89 194 1.0
89 147 1.0
89 180 1.0
90 133 1.0
90 177 1.0
90 98 1.0
90 115 1.0
90 126 1.0
90 124 1.0
90 95 1.0
91 152 1.0
91 117 1.0
91 150 1.0
91 177 1.0
91 189 1.0
91 133 1.0
92 153 1.0
92 187 1.0
92 172 1.0
92 95 1.0
93 127 1.0
93 119 1.0
93 158 1.0
93 149 1.0
94 138 1.0
94 199 1.0
94 103 1.0
94 106 1.0
94 95 1.0
94 156 1.0
94 122 1.0
95 192 1.0
95 197 1.0
95 182 1.0
95 165 1.0
96 191 1.0
96 139 1.0
96 200 1.0
96 127 1.0
96 188 1.0
96 143 1.0
97 149 1.0
97 199 1.0
97 185 1.0
97 189 1.0
97 173 1.0
98 129 1.0
98 162 1.0
98 120 1.0
98 107 1.0
98 127 1.0
99 147 1.0
100 192 1.0
100 163 1.0
100 198 1.0
100 106 1.0
100 155 1.0
100 156 1.0
100 158 1.0
101 163 1.0
101 133 1.0
101 156 1.0
101 159 1.0
102 163 1.0
102 136 1.0
102 123 1.0
103 192 1.0
103 113 1.0
103 189 1.0
103 137 1.0
104 112 1.0
104 105 1.0
104 185 1.0
105 145 1.0
106 113 1.0
106 146 1.0
106 186 1.0
106 135 1.0
106 167 1.0
107 166 1.0
107 138 1.0
107 130 1.0
107 131 1.0
107 196 1.0
107 127 1.0
108 193 1.0
108 170 1.0
109 179 1.0
109 120 1.0
110 112 1.0
110 187 1.0
110 153 1.0
110 159 1.0
110 191 1.0
111 114 1.0
111 155 1.0
111 174 1.0
111 132 1.0
111 140 1.0
112 140 1.0
112 124 1.0
112 133 1.0
113 132 1.0
113 135 1.0
113 152 1.0
114 128 1.0
114 171 1.0
114 183 1.0
114 155 1.0
115 182 1.0
115 118 1.0
115 136 1.0
115 185 1.0
116 199 1.0
116 129 1.0
116 137 1.0
116 142 1.0
117 161 1.0
117 169 1.0
117 176 1.0
117 156 1.0
117 127 1.0
118 155 1.0
118 168 1.0
118 123 1.0
118 157 1.0
119 156 1.0
119 191 1.0
120 171 1.0
120 172 1.0
120 173 1.0
120 168 1.0
121 144 1.0
121 145 1.0
121 147 1.0
121 166 1.0
122 130 1.0
122 150 1.0
122 141 1.0
123 198 1.0
123 163 1.0
123 132 1.0
124 183 1.0
125 163 1.0
126 184 1.0
126 135 1.0
126 137 1.0
127 173 1.0
128 192 1.0
128 132 1.0
128 161 1.0
128 177 1.0
128 174 1.0
129 154 1.0
130 145 1.0
130 166 1.0
130 171 1.0
130 158 1.0
131 197 1.0
131 162 1.0
131 153 1.0
131 170 1.0
131 141 1.0
132 171 1.0
132 166 1.0
132 151 1.0
133 160 1.0
133 153 1.0
133 189 1.0
134 192 1.0
134 145 1.0
134 158 1.0
137 191 1.0
137 159 1.0
138 174 1.0
139 162 1.0
139 148 1.0
139 168 1.0
139 165 1.0
139 182 1.0
139 150 1.0
141 152 1.0
141 177 1.0
142 196 1.0
142 197 1.0
143 180 1.0
143 176 1.0
143 174 1.0
144 155 1.0
145 163 1.0
145 171 1.0
145 178 1.0
145 175 1.0
146 176 1.0
146 180 1.0
146 164 1.0
146 173 1.0
147 183 1.0
147 199 1.0
148 181 1.0
148 196 1.0
148 172 1.0
148 165 1.0
149 198 1.0
149 196 1.0
150 160 1.0
150 172 1.0
150 171 1.0
152 197 1.0
152 193 1.0
152 175 1.0
153 159 1.0
154 165 1.0
154 155 1.0
154 190 1.0
155 171 1.0
156 184 1.0
156 158 1.0
157 176 1.0
159 180 1.0
159 166 1.0
160 199 1.0
160 197 1.0
160 172 1.0
160 182 1.0
161 169 1.0
161 175 1.0
162 192 1.0
162 165 1.0
162 191 1.0
163 183 1.0
164 169 1.0
166 178 1.0
168 199 1.0
171 178 1.0
173 198 1.0
173 187 1.0
177 198 1.0
178 200 1.0
181 187 1.0
184 192 1.0
188 197 1.0
188 199 1.0
190 199 1.0
192 194 1.0
