*vertices 1000
1 1 0.0 0.0 ellipse
2 2 0.0 0.0 ellipse
3 3 0.0 0.0 ellipse
4 4 0.0 0.0 ellipse
5 5 0.0 0.0 ellipse
6 6 0.0 0.0 ellipse
7 7 0.0 0.0 ellipse
8 8 0.0 0.0 ellipse
9 9 0.0 0.0 ellipse
10 10 0.0 0.0 ellipse
11 11 0.0 0.0 ellipse
12 12 0.0 0.0 ellipse
13 13 0.0 0.0 ellipse
14 14 0.0 0.0 ellipse
15 15 0.0 0.0 ellipse
16 16 0.0 0.0 ellipse
17 17 0.0 0.0 ellipse
18 18 0.0 0.0 ellipse
19 19 0.0 0.0 ellipse
20 20 0.0 0.0 ellipse
21 21 0.0 0.0 ellipse
22 22 0.0 0.0 ellipse
23 23 0.0 0.0 ellipse
24 24 0.0 0.0 ellipse
25 25 0.0 0.0 ellipse
26 26 0.0 0.0 ellipse
27 27 0.0 0.0 ellipse
28 28 0.0 0.0 ellipse
29 29 0.0 0.0 ellipse
30 30 0.0 0.0 ellipse
31 31 0.0 0.0 ellipse
32 32 0.0 0.0 ellipse
33 33 0.0 0.0 ellipse
34 34 0.0 0.0 ellipse
35 35 0.0 0.0 ellipse
36 36 0.0 0.0 ellipse
37 37 0.0 0.0 ellipse
38 38 0.0 0.0 ellipse
39 39 0.0 0.0 ellipse
40 40 0.0 0.0 ellipse
41 41 0.0 0.0 ellipse
42 42 0.0 0.0 ellipse
43 43 0.0 0.0 ellipse
44 44 0.0 0.0 ellipse
45 45 0.0 0.0 ellipse
46 46 0.0 0.0 ellipse
47 47 0.0 0.0 ellipse
48 48 0.0 0.0 ellipse
49 49 0.0 0.0 ellipse
50 50 0.0 0.0 ellipse
51 51 0.0 0.0 ellipse
52 52 0.0 0.0 ellipse
53 53 0.0 0.0 ellipse
54 54 0.0 0.0 ellipse
55 55 0.0 0.0 ellipse
56 56 0.0 0.0 ellipse
57 57 0.0 0.0 ellipse
58 58 0.0 0.0 ellipse
59 59 0.0 0.0 ellipse
60 60 0.0 0.0 ellipse
61 61 0.0 0.0 ellipse
62 62 0.0 0.0 ellipse
63 63 0.0 0.0 ellipse
64 64 0.0 0.0 ellipse
65 65 0.0 0.0 ellipse
66 66 0.0 0.0 ellipse
67 67 0.0 0.0 ellipse
68 68 0.0 0.0 ellipse
69 69 0.0 0.0 ellipse
70 70 0.0 0.0 ellipse
71 71 0.0 0.0 ellipse
72 72 0.0 0.0 ellipse
73 73 0.0 0.0 ellipse
74 74 0.0 0.0 ellipse
75 75 0.0 0.0 ellipse
76 76 0.0 0.0 ellipse
77 77 0.0 0.0 ellipse
78 78 0.0 0.0 ellipse
79 79 0.0 0.0 ellipse
80 80 0.0 0.0 ellipse
81 81 0.0 0.0 ellipse
82 82 0.0 0.0 ellipse
83 83 0.0 0.0 ellipse
84 84 0.0 0.0 ellipse
85 85 0.0 0.0 ellipse
86 86 0.0 0.0 ellipse
87 87 0.0 0.0 ellipse
88 88 0.0 0.0 ellipse
89 89 0.0 0.0 ellipse
90 90 0.0 0.0 ellipse
91 91 0.0 0.0 ellipse
92 92 0.0 0.0 ellipse
93 93 0.0 0.0 ellipse
94 94 0.0 0.0 ellipse
95 95 0.0 0.0 ellipse
96 96 0.0 0.0 ellipse
97 97 0.0 0.0 ellipse
98 98 0.0 0.0 ellipse
99 99 0.0 0.0 ellipse
100 100 0.0 0.0 ellipse
101 101 0.0 0.0 ellipse
102 102 0.0 0.0 ellipse
103 103 0.0 0.0 ellipse
104 104 0.0 0.0 ellipse
105 105 0.0 0.0 ellipse
106 106 0.0 0.0 ellipse
107 107 0.0 0.0 ellipse
108 108 0.0 0.0 ellipse
109 109 0.0 0.0 ellipse
110 110 0.0 0.0 ellipse
111 111 0.0 0.0 ellipse
112 112 0.0 0.0 ellipse
113 113 0.0 0.0 ellipse
114 114 0.0 0.0 ellipse
115 115 0.0 0.0 ellipse
116 116 0.0 0.0 ellipse
117 117 0.0 0.0 ellipse
118 118 0.0 0.0 ellipse
119 119 0.0 0.0 ellipse
120 120 0.0 0.0 ellipse
121 121 0.0 0.0 ellipse
122 122 0.0 0.0 ellipse
123 123 0.0 0.0 ellipse
124 124 0.0 0.0 ellipse
125 125 0.0 0.0 ellipse
126 126 0.0 0.0 ellipse
127 127 0.0 0.0 ellipse
128 128 0.0 0.0 ellipse
129 129 0.0 0.0 ellipse
130 130 0.0 0.0 ellipse
131 131 0.0 0.0 ellipse
132 132 0.0 0.0 ellipse
133 133 0.0 0.0 ellipse
134 134 0.0 0.0 ellipse
135 135 0.0 0.0 ellipse
136 136 0.0 0.0 ellipse
137 137 0.0 0.0 ellipse
138 138 0.0 0.0 ellipse
139 139 0.0 0.0 ellipse
140 140 0.0 0.0 ellipse
141 141 0.0 0.0 ellipse
142 142 0.0 0.0 ellipse
143 143 0.0 0.0 ellipse
144 144 0.0 0.0 ellipse
145 145 0.0 0.0 ellipse
146 146 0.0 0.0 ellipse
147 147 0.0 0.0 ellipse
148 148 0.0 0.0 ellipse
149 149 0.0 0.0 ellipse
150 150 0.0 0.0 ellipse
151 151 0.0 0.0 ellipse
152 152 0.0 0.0 ellipse
153 153 0.0 0.0 ellipse
154 154 0.0 0.0 ellipse
155 155 0.0 0.0 ellipse
156 156 0.0 0.0 ellipse
157 157 0.0 0.0 ellipse
158 158 0.0 0.0 ellipse
159 159 0.0 0.0 ellipse
160 160 0.0 0.0 ellipse
161 161 0.0 0.0 ellipse
162 162 0.0 0.0 ellipse
163 163 0.0 0.0 ellipse
164 164 0.0 0.0 ellipse
165 165 0.0 0.0 ellipse
166 166 0.0 0.0 ellipse
167 167 0.0 0.0 ellipse
168 168 0.0 0.0 ellipse
169 169 0.0 0.0 ellipse
170 170 0.0 0.0 ellipse
171 171 0.0 0.0 ellipse
172 172 0.0 0.0 ellipse
173 173 0.0 0.0 ellipse
174 174 0.0 0.0 ellipse
175 175 0.0 0.0 ellipse
176 176 0.0 0.0 ellipse
177 177 0.0 0.0 ellipse
178 178 0.0 0.0 ellipse
179 179 0.0 0.0 ellipse
180 180 0.0 0.0 ellipse
181 181 0.0 0.0 ellipse
182 182 0.0 0.0 ellipse
183 183 0.0 0.0 ellipse
184 184 0.0 0.0 ellipse
185 185 0.0 0.0 ellipse
186 186 0.0 0.0 ellipse
187 187 0.0 0.0 ellipse
188 188 0.0 0.0 ellipse
189 189 0.0 0.0 ellipse
190 190 0.0 0.0 ellipse
191 191 0.0 0.0 ellipse
192 192 0.0 0.0 ellipse
193 193 0.0 0.0 ellipse
194 194 0.0 0.0 ellipse
195 195 0.0 0.0 ellipse
196 196 0.0 0.0 ellipse
197 197 0.0 0.0 ellipse
198 198 0.0 0.0 ellipse
199 199 0.0 0.0 ellipse
200 200 0.0 0.0 ellipse
201 201 0.0 0.0 ellipse
202 202 0.0 0.0 ellipse
203 203 0.0 0.0 ellipse
204 204 0.0 0.0 ellipse
205 205 0.0 0.0 ellipse
206 206 0.0 0.0 ellipse
207 207 0.0 0.0 ellipse
208 208 0.0 0.0 ellipse
209 209 0.0 0.0 ellipse
210 210 0.0 0.0 ellipse
211 211 0.0 0.0 ellipse
212 212 0.0 0.0 ellipse
213 213 0.0 0.0 ellipse
214 214 0.0 0.0 ellipse
215 215 0.0 0.0 ellipse
216 216 0.0 0.0 ellipse
217 217 0.0 0.0 ellipse
218 218 0.0 0.0 ellipse
219 219 0.0 0.0 ellipse
220 220 0.0 0.0 ellipse
221 221 0.0 0.0 ellipse
222 222 0.0 0.0 ellipse
223 223 0.0 0.0 ellipse
224 224 0.0 0.0 ellipse
225 225 0.0 0.0 ellipse
226 226 0.0 0.0 ellipse
227 227 0.0 0.0 ellipse
228 228 0.0 0.0 ellipse
229 229 0.0 0.0 ellipse
230 230 0.0 0.0 ellipse
231 231 0.0 0.0 ellipse
232 232 0.0 0.0 ellipse
233 233 0.0 0.0 ellipse
234 234 0.0 0.0 ellipse
235 235 0.0 0.0 ellipse
236 236 0.0 0.0 ellipse
237 237 0.0 0.0 ellipse
238 238 0.0 0.0 ellipse
239 239 0.0 0.0 ellipse
240 240 0.0 0.0 ellipse
241 241 0.0 0.0 ellipse
242 242 0.0 0.0 ellipse
243 243 0.0 0.0 ellipse
244 244 0.0 0.0 ellipse
245 245 0.0 0.0 ellipse
246 246 0.0 0.0 ellipse
247 247 0.0 0.0 ellipse
248 248 0.0 0.0 ellipse
249 249 0.0 0.0 ellipse
250 250 0.0 0.0 ellipse
251 251 0.0 0.0 ellipse
252 252 0.0 0.0 ellipse
253 253 0.0 0.0 ellipse
254 254 0.0 0.0 ellipse
255 255 0.0 0.0 ellipse
256 256 0.0 0.0 ellipse
257 257 0.0 0.0 ellipse
258 258 0.0 0.0 ellipse
259 259 0.0 0.0 ellipse
260 260 0.0 0.0 ellipse
261 261 0.0 0.0 ellipse
262 262 0.0 0.0 ellipse
263 263 0.0 0.0 ellipse
264 264 0.0 0.0 ellipse
265 265 0.0 0.0 ellipse
266 266 0.0 0.0 ellipse
267 267 0.0 0.0 ellipse
268 268 0.0 0.0 ellipse
269 269 0.0 0.0 ellipse
270 270 0.0 0.0 ellipse
271 271 0.0 0.0 ellipse
272 272 0.0 0.0 ellipse
273 273 0.0 0.0 ellipse
274 274 0.0 0.0 ellipse
275 275 0.0 0.0 ellipse
276 276 0.0 0.0 ellipse
277 277 0.0 0.0 ellipse
278 278 0.0 0.0 ellipse
279 279 0.0 0.0 ellipse
280 280 0.0 0.0 ellipse
281 281 0.0 0.0 ellipse
282 282 0.0 0.0 ellipse
283 283 0.0 0.0 ellipse
284 284 0.0 0.0 ellipse
285 285 0.0 0.0 ellipse
286 286 0.0 0.0 ellipse
287 287 0.0 0.0 ellipse
288 288 0.0 0.0 ellipse
289 289 0.0 0.0 ellipse
290 290 0.0 0.0 ellipse
291 291 0.0 0.0 ellipse
292 292 0.0 0.0 ellipse
293 293 0.0 0.0 ellipse
294 294 0.0 0.0 ellipse
295 295 0.0 0.0 ellipse
296 296 0.0 0.0 ellipse
297 297 0.0 0.0 ellipse
298 298 0.0 0.0 ellipse
299 299 0.0 0.0 ellipse
300 300 0.0 0.0 ellipse
301 301 0.0 0.0 ellipse
302 302 0.0 0.0 ellipse
303 303 0.0 0.0 ellipse
304 304 0.0 0.0 ellipse
305 305 0.0 0.0 ellipse
306 306 0.0 0.0 ellipse
307 307 0.0 0.0 ellipse
308 308 0.0 0.0 ellipse
309 309 0.0 0.0 ellipse
310 310 0.0 0.0 ellipse
311 311 0.0 0.0 ellipse
312 312 0.0 0.0 ellipse
313 313 0.0 0.0 ellipse
314 314 0.0 0.0 ellipse
315 315 0.0 0.0 ellipse
316 316 0.0 0.0 ellipse
317 317 0.0 0.0 ellipse
318 318 0.0 0.0 ellipse
319 319 0.0 0.0 ellipse
320 320 0.0 0.0 ellipse
321 321 0.0 0.0 ellipse
322 322 0.0 0.0 ellipse
323 323 0.0 0.0 ellipse
324 324 0.0 0.0 ellipse
325 325 0.0 0.0 ellipse
326 326 0.0 0.0 ellipse
327 327 0.0 0.0 ellipse
328 328 0.0 0.0 ellipse
329 329 0.0 0.0 ellipse
330 330 0.0 0.0 ellipse
331 331 0.0 0.0 ellipse
332 332 0.0 0.0 ellipse
333 333 0.0 0.0 ellipse
334 334 0.0 0.0 ellipse
335 335 0.0 0.0 ellipse
336 336 0.0 0.0 ellipse
337 337 0.0 0.0 ellipse
338 338 0.0 0.0 ellipse
339 339 0.0 0.0 ellipse
340 340 0.0 0.0 ellipse
341 341 0.0 0.0 ellipse
342 342 0.0 0.0 ellipse
343 343 0.0 0.0 ellipse
344 344 0.0 0.0 ellipse
345 345 0.0 0.0 ellipse
346 346 0.0 0.0 ellipse
347 347 0.0 0.0 ellipse
348 348 0.0 0.0 ellipse
349 349 0.0 0.0 ellipse
350 350 0.0 0.0 ellipse
351 351 0.0 0.0 ellipse
352 352 0.0 0.0 ellipse
353 353 0.0 0.0 ellipse
354 354 0.0 0.0 ellipse
355 355 0.0 0.0 ellipse
356 356 0.0 0.0 ellipse
357 357 0.0 0.0 ellipse
358 358 0.0 0.0 ellipse
359 359 0.0 0.0 ellipse
360 360 0.0 0.0 ellipse
361 361 0.0 0.0 ellipse
362 362 0.0 0.0 ellipse
363 363 0.0 0.0 ellipse
364 364 0.0 0.0 ellipse
365 365 0.0 0.0 ellipse
366 366 0.0 0.0 ellipse
367 367 0.0 0.0 ellipse
368 368 0.0 0.0 ellipse
369 369 0.0 0.0 ellipse
370 370 0.0 0.0 ellipse
371 371 0.0 0.0 ellipse
372 372 0.0 0.0 ellipse
373 373 0.0 0.0 ellipse
374 374 0.0 0.0 ellipse
375 375 0.0 0.0 ellipse
376 376 0.0 0.0 ellipse
377 377 0.0 0.0 ellipse
378 378 0.0 0.0 ellipse
379 379 0.0 0.0 ellipse
380 380 0.0 0.0 ellipse
381 381 0.0 0.0 ellipse
382 382 0.0 0.0 ellipse
383 383 0.0 0.0 ellipse
384 384 0.0 0.0 ellipse
385 385 0.0 0.0 ellipse
386 386 0.0 0.0 ellipse
387 387 0.0 0.0 ellipse
388 388 0.0 0.0 ellipse
389 389 0.0 0.0 ellipse
390 390 0.0 0.0 ellipse
391 391 0.0 0.0 ellipse
392 392 0.0 0.0 ellipse
393 393 0.0 0.0 ellipse
394 394 0.0 0.0 ellipse
395 395 0.0 0.0 ellipse
396 396 0.0 0.0 ellipse
397 397 0.0 0.0 ellipse
398 398 0.0 0.0 ellipse
399 399 0.0 0.0 ellipse
400 400 0.0 0.0 ellipse
401 401 0.0 0.0 ellipse
402 402 0.0 0.0 ellipse
403 403 0.0 0.0 ellipse
404 404 0.0 0.0 ellipse
405 405 0.0 0.0 ellipse
406 406 0.0 0.0 ellipse
407 407 0.0 0.0 ellipse
408 408 0.0 0.0 ellipse
409 409 0.0 0.0 ellipse
410 410 0.0 0.0 ellipse
411 411 0.0 0.0 ellipse
412 412 0.0 0.0 ellipse
413 413 0.0 0.0 ellipse
414 414 0.0 0.0 ellipse
415 415 0.0 0.0 ellipse
416 416 0.0 0.0 ellipse
417 417 0.0 0.0 ellipse
418 418 0.0 0.0 ellipse
419 419 0.0 0.0 ellipse
420 420 0.0 0.0 ellipse
421 421 0.0 0.0 ellipse
422 422 0.0 0.0 ellipse
423 423 0.0 0.0 ellipse
424 424 0.0 0.0 ellipse
425 425 0.0 0.0 ellipse
426 426 0.0 0.0 ellipse
427 427 0.0 0.0 ellipse
428 428 0.0 0.0 ellipse
429 429 0.0 0.0 ellipse
430 430 0.0 0.0 ellipse
431 431 0.0 0.0 ellipse
432 432 0.0 0.0 ellipse
433 433 0.0 0.0 ellipse
434 434 0.0 0.0 ellipse
435 435 0.0 0.0 ellipse
436 436 0.0 0.0 ellipse
437 437 0.0 0.0 ellipse
438 438 0.0 0.0 ellipse
439 439 0.0 0.0 ellipse
440 440 0.0 0.0 ellipse
441 441 0.0 0.0 ellipse
442 442 0.0 0.0 ellipse
443 443 0.0 0.0 ellipse
444 444 0.0 0.0 ellipse
445 445 0.0 0.0 ellipse
446 446 0.0 0.0 ellipse
447 447 0.0 0.0 ellipse
448 448 0.0 0.0 ellipse
449 449 0.0 0.0 ellipse
450 450 0.0 0.0 ellipse
451 451 0.0 0.0 ellipse
452 452 0.0 0.0 ellipse
453 453 0.0 0.0 ellipse
454 454 0.0 0.0 ellipse
455 455 0.0 0.0 ellipse
456 456 0.0 0.0 ellipse
457 457 0.0 0.0 ellipse
458 458 0.0 0.0 ellipse
459 459 0.0 0.0 ellipse
460 460 0.0 0.0 ellipse
461 461 0.0 0.0 ellipse
462 462 0.0 0.0 ellipse
463 463 0.0 0.0 ellipse
464 464 0.0 0.0 ellipse
465 465 0.0 0.0 ellipse
466 466 0.0 0.0 ellipse
467 467 0.0 0.0 ellipse
468 468 0.0 0.0 ellipse
469 469 0.0 0.0 ellipse
470 470 0.0 0.0 ellipse
471 471 0.0 0.0 ellipse
472 472 0.0 0.0 ellipse
473 473 0.0 0.0 ellipse
474 474 0.0 0.0 ellipse
475 475 0.0 0.0 ellipse
476 476 0.0 0.0 ellipse
477 477 0.0 0.0 ellipse
478 478 0.0 0.0 ellipse
479 479 0.0 0.0 ellipse
480 480 0.0 0.0 ellipse
481 481 0.0 0.0 ellipse
482 482 0.0 0.0 ellipse
483 483 0.0 0.0 ellipse
484 484 0.0 0.0 ellipse
485 485 0.0 0.0 ellipse
486 486 0.0 0.0 ellipse
487 487 0.0 0.0 ellipse
488 488 0.0 0.0 ellipse
489 489 0.0 0.0 ellipse
490 490 0.0 0.0 ellipse
491 491 0.0 0.0 ellipse
492 492 0.0 0.0 ellipse
493 493 0.0 0.0 ellipse
494 494 0.0 0.0 ellipse
495 495 0.0 0.0 ellipse
496 496 0.0 0.0 ellipse
497 497 0.0 0.0 ellipse
498 498 0.0 0.0 ellipse
499 499 0.0 0.0 ellipse
500 500 0.0 0.0 ellipse
501 501 0.0 0.0 ellipse
502 502 0.0 0.0 ellipse
503 503 0.0 0.0 ellipse
504 504 0.0 0.0 ellipse
505 505 0.0 0.0 ellipse
506 506 0.0 0.0 ellipse
507 507 0.0 0.0 ellipse
508 508 0.0 0.0 ellipse
509 509 0.0 0.0 ellipse
510 510 0.0 0.0 ellipse
511 511 0.0 0.0 ellipse
512 512 0.0 0.0 ellipse
513 513 0.0 0.0 ellipse
514 514 0.0 0.0 ellipse
515 515 0.0 0.0 ellipse
516 516 0.0 0.0 ellipse
517 517 0.0 0.0 ellipse
518 518 0.0 0.0 ellipse
519 519 0.0 0.0 ellipse
520 520 0.0 0.0 ellipse
521 521 0.0 0.0 ellipse
522 522 0.0 0.0 ellipse
523 523 0.0 0.0 ellipse
524 524 0.0 0.0 ellipse
525 525 0.0 0.0 ellipse
526 526 0.0 0.0 ellipse
527 527 0.0 0.0 ellipse
528 528 0.0 0.0 ellipse
529 529 0.0 0.0 ellipse
530 530 0.0 0.0 ellipse
531 531 0.0 0.0 ellipse
532 532 0.0 0.0 ellipse
533 533 0.0 0.0 ellipse
534 534 0.0 0.0 ellipse
535 535 0.0 0.0 ellipse
536 536 0.0 0.0 ellipse
537 537 0.0 0.0 ellipse
538 538 0.0 0.0 ellipse
539 539 0.0 0.0 ellipse
540 540 0.0 0.0 ellipse
541 541 0.0 0.0 ellipse
542 542 0.0 0.0 ellipse
543 543 0.0 0.0 ellipse
544 544 0.0 0.0 ellipse
545 545 0.0 0.0 ellipse
546 546 0.0 0.0 ellipse
547 547 0.0 0.0 ellipse
548 548 0.0 0.0 ellipse
549 549 0.0 0.0 ellipse
550 550 0.0 0.0 ellipse
551 551 0.0 0.0 ellipse
552 552 0.0 0.0 ellipse
553 553 0.0 0.0 ellipse
554 554 0.0 0.0 ellipse
555 555 0.0 0.0 ellipse
556 556 0.0 0.0 ellipse
557 557 0.0 0.0 ellipse
558 558 0.0 0.0 ellipse
559 559 0.0 0.0 ellipse
560 560 0.0 0.0 ellipse
561 561 0.0 0.0 ellipse
562 562 0.0 0.0 ellipse
563 563 0.0 0.0 ellipse
564 564 0.0 0.0 ellipse
565 565 0.0 0.0 ellipse
566 566 0.0 0.0 ellipse
567 567 0.0 0.0 ellipse
568 568 0.0 0.0 ellipse
569 569 0.0 0.0 ellipse
570 570 0.0 0.0 ellipse
571 571 0.0 0.0 ellipse
572 572 0.0 0.0 ellipse
573 573 0.0 0.0 ellipse
574 574 0.0 0.0 ellipse
575 575 0.0 0.0 ellipse
576 576 0.0 0.0 ellipse
577 577 0.0 0.0 ellipse
578 578 0.0 0.0 ellipse
579 579 0.0 0.0 ellipse
580 580 0.0 0.0 ellipse
581 581 0.0 0.0 ellipse
582 582 0.0 0.0 ellipse
583 583 0.0 0.0 ellipse
584 584 0.0 0.0 ellipse
585 585 0.0 0.0 ellipse
586 586 0.0 0.0 ellipse
587 587 0.0 0.0 ellipse
588 588 0.0 0.0 ellipse
589 589 0.0 0.0 ellipse
590 590 0.0 0.0 ellipse
591 591 0.0 0.0 ellipse
592 592 0.0 0.0 ellipse
593 593 0.0 0.0 ellipse
594 594 0.0 0.0 ellipse
595 595 0.0 0.0 ellipse
596 596 0.0 0.0 ellipse
597 597 0.0 0.0 ellipse
598 598 0.0 0.0 ellipse
599 599 0.0 0.0 ellipse
600 600 0.0 0.0 ellipse
601 601 0.0 0.0 ellipse
602 602 0.0 0.0 ellipse
603 603 0.0 0.0 ellipse
604 604 0.0 0.0 ellipse
605 605 0.0 0.0 ellipse
606 606 0.0 0.0 ellipse
607 607 0.0 0.0 ellipse
608 608 0.0 0.0 ellipse
609 609 0.0 0.0 ellipse
610 610 0.0 0.0 ellipse
611 611 0.0 0.0 ellipse
612 612 0.0 0.0 ellipse
613 613 0.0 0.0 ellipse
614 614 0.0 0.0 ellipse
615 615 0.0 0.0 ellipse
616 616 0.0 0.0 ellipse
617 617 0.0 0.0 ellipse
618 618 0.0 0.0 ellipse
619 619 0.0 0.0 ellipse
620 620 0.0 0.0 ellipse
621 621 0.0 0.0 ellipse
622 622 0.0 0.0 ellipse
623 623 0.0 0.0 ellipse
624 624 0.0 0.0 ellipse
625 625 0.0 0.0 ellipse
626 626 0.0 0.0 ellipse
627 627 0.0 0.0 ellipse
628 628 0.0 0.0 ellipse
629 629 0.0 0.0 ellipse
630 630 0.0 0.0 ellipse
631 631 0.0 0.0 ellipse
632 632 0.0 0.0 ellipse
633 633 0.0 0.0 ellipse
634 634 0.0 0.0 ellipse
635 635 0.0 0.0 ellipse
636 636 0.0 0.0 ellipse
637 637 0.0 0.0 ellipse
638 638 0.0 0.0 ellipse
639 639 0.0 0.0 ellipse
640 640 0.0 0.0 ellipse
641 641 0.0 0.0 ellipse
642 642 0.0 0.0 ellipse
643 643 0.0 0.0 ellipse
644 644 0.0 0.0 ellipse
645 645 0.0 0.0 ellipse
646 646 0.0 0.0 ellipse
647 647 0.0 0.0 ellipse
648 648 0.0 0.0 ellipse
649 649 0.0 0.0 ellipse
650 650 0.0 0.0 ellipse
651 651 0.0 0.0 ellipse
652 652 0.0 0.0 ellipse
653 653 0.0 0.0 ellipse
654 654 0.0 0.0 ellipse
655 655 0.0 0.0 ellipse
656 656 0.0 0.0 ellipse
657 657 0.0 0.0 ellipse
658 658 0.0 0.0 ellipse
659 659 0.0 0.0 ellipse
660 660 0.0 0.0 ellipse
661 661 0.0 0.0 ellipse
662 662 0.0 0.0 ellipse
663 663 0.0 0.0 ellipse
664 664 0.0 0.0 ellipse
665 665 0.0 0.0 ellipse
666 666 0.0 0.0 ellipse
667 667 0.0 0.0 ellipse
668 668 0.0 0.0 ellipse
669 669 0.0 0.0 ellipse
670 670 0.0 0.0 ellipse
671 671 0.0 0.0 ellipse
672 672 0.0 0.0 ellipse
673 673 0.0 0.0 ellipse
674 674 0.0 0.0 ellipse
675 675 0.0 0.0 ellipse
676 676 0.0 0.0 ellipse
677 677 0.0 0.0 ellipse
678 678 0.0 0.0 ellipse
679 679 0.0 0.0 ellipse
680 680 0.0 0.0 ellipse
681 681 0.0 0.0 ellipse
682 682 0.0 0.0 ellipse
683 683 0.0 0.0 ellipse
684 684 0.0 0.0 ellipse
685 685 0.0 0.0 ellipse
686 686 0.0 0.0 ellipse
687 687 0.0 0.0 ellipse
688 688 0.0 0.0 ellipse
689 689 0.0 0.0 ellipse
690 690 0.0 0.0 ellipse
691 691 0.0 0.0 ellipse
692 692 0.0 0.0 ellipse
693 693 0.0 0.0 ellipse
694 694 0.0 0.0 ellipse
695 695 0.0 0.0 ellipse
696 696 0.0 0.0 ellipse
697 697 0.0 0.0 ellipse
698 698 0.0 0.0 ellipse
699 699 0.0 0.0 ellipse
700 700 0.0 0.0 ellipse
701 701 0.0 0.0 ellipse
702 702 0.0 0.0 ellipse
703 703 0.0 0.0 ellipse
704 704 0.0 0.0 ellipse
705 705 0.0 0.0 ellipse
706 706 0.0 0.0 ellipse
707 707 0.0 0.0 ellipse
708 708 0.0 0.0 ellipse
709 709 0.0 0.0 ellipse
710 710 0.0 0.0 ellipse
711 711 0.0 0.0 ellipse
712 712 0.0 0.0 ellipse
713 713 0.0 0.0 ellipse
714 714 0.0 0.0 ellipse
715 715 0.0 0.0 ellipse
716 716 0.0 0.0 ellipse
717 717 0.0 0.0 ellipse
718 718 0.0 0.0 ellipse
719 719 0.0 0.0 ellipse
720 720 0.0 0.0 ellipse
721 721 0.0 0.0 ellipse
722 722 0.0 0.0 ellipse
723 723 0.0 0.0 ellipse
724 724 0.0 0.0 ellipse
725 725 0.0 0.0 ellipse
726 726 0.0 0.0 ellipse
727 727 0.0 0.0 ellipse
728 728 0.0 0.0 ellipse
729 729 0.0 0.0 ellipse
730 730 0.0 0.0 ellipse
731 731 0.0 0.0 ellipse
732 732 0.0 0.0 ellipse
733 733 0.0 0.0 ellipse
734 734 0.0 0.0 ellipse
735 735 0.0 0.0 ellipse
736 736 0.0 0.0 ellipse
737 737 0.0 0.0 ellipse
738 738 0.0 0.0 ellipse
739 739 0.0 0.0 ellipse
740 740 0.0 0.0 ellipse
741 741 0.0 0.0 ellipse
742 742 0.0 0.0 ellipse
743 743 0.0 0.0 ellipse
744 744 0.0 0.0 ellipse
745 745 0.0 0.0 ellipse
746 746 0.0 0.0 ellipse
747 747 0.0 0.0 ellipse
748 748 0.0 0.0 ellipse
749 749 0.0 0.0 ellipse
750 750 0.0 0.0 ellipse
751 751 0.0 0.0 ellipse
752 752 0.0 0.0 ellipse
753 753 0.0 0.0 ellipse
754 754 0.0 0.0 ellipse
755 755 0.0 0.0 ellipse
756 756 0.0 0.0 ellipse
757 757 0.0 0.0 ellipse
758 758 0.0 0.0 ellipse
759 759 0.0 0.0 ellipse
760 760 0.0 0.0 ellipse
761 761 0.0 0.0 ellipse
762 762 0.0 0.0 ellipse
763 763 0.0 0.0 ellipse
764 764 0.0 0.0 ellipse
765 765 0.0 0.0 ellipse
766 766 0.0 0.0 ellipse
767 767 0.0 0.0 ellipse
768 768 0.0 0.0 ellipse
769 769 0.0 0.0 ellipse
770 770 0.0 0.0 ellipse
771 771 0.0 0.0 ellipse
772 772 0.0 0.0 ellipse
773 773 0.0 0.0 ellipse
774 774 0.0 0.0 ellipse
775 775 0.0 0.0 ellipse
776 776 0.0 0.0 ellipse
777 777 0.0 0.0 ellipse
778 778 0.0 0.0 ellipse
779 779 0.0 0.0 ellipse
780 780 0.0 0.0 ellipse
781 781 0.0 0.0 ellipse
782 782 0.0 0.0 ellipse
783 783 0.0 0.0 ellipse
784 784 0.0 0.0 ellipse
785 785 0.0 0.0 ellipse
786 786 0.0 0.0 ellipse
787 787 0.0 0.0 ellipse
788 788 0.0 0.0 ellipse
789 789 0.0 0.0 ellipse
790 790 0.0 0.0 ellipse
791 791 0.0 0.0 ellipse
792 792 0.0 0.0 ellipse
793 793 0.0 0.0 ellipse
794 794 0.0 0.0 ellipse
795 795 0.0 0.0 ellipse
796 796 0.0 0.0 ellipse
797 797 0.0 0.0 ellipse
798 798 0.0 0.0 ellipse
799 799 0.0 0.0 ellipse
800 800 0.0 0.0 ellipse
801 801 0.0 0.0 ellipse
802 802 0.0 0.0 ellipse
803 803 0.0 0.0 ellipse
804 804 0.0 0.0 ellipse
805 805 0.0 0.0 ellipse
806 806 0.0 0.0 ellipse
807 807 0.0 0.0 ellipse
808 808 0.0 0.0 ellipse
809 809 0.0 0.0 ellipse
810 810 0.0 0.0 ellipse
811 811 0.0 0.0 ellipse
812 812 0.0 0.0 ellipse
813 813 0.0 0.0 ellipse
814 814 0.0 0.0 ellipse
815 815 0.0 0.0 ellipse
816 816 0.0 0.0 ellipse
817 817 0.0 0.0 ellipse
818 818 0.0 0.0 ellipse
819 819 0.0 0.0 ellipse
820 820 0.0 0.0 ellipse
821 821 0.0 0.0 ellipse
822 822 0.0 0.0 ellipse
823 823 0.0 0.0 ellipse
824 824 0.0 0.0 ellipse
825 825 0.0 0.0 ellipse
826 826 0.0 0.0 ellipse
827 827 0.0 0.0 ellipse
828 828 0.0 0.0 ellipse
829 829 0.0 0.0 ellipse
830 830 0.0 0.0 ellipse
831 831 0.0 0.0 ellipse
832 832 0.0 0.0 ellipse
833 833 0.0 0.0 ellipse
834 834 0.0 0.0 ellipse
835 835 0.0 0.0 ellipse
836 836 0.0 0.0 ellipse
837 837 0.0 0.0 ellipse
838 838 0.0 0.0 ellipse
839 839 0.0 0.0 ellipse
840 840 0.0 0.0 ellipse
841 841 0.0 0.0 ellipse
842 842 0.0 0.0 ellipse
843 843 0.0 0.0 ellipse
844 844 0.0 0.0 ellipse
845 845 0.0 0.0 ellipse
846 846 0.0 0.0 ellipse
847 847 0.0 0.0 ellipse
848 848 0.0 0.0 ellipse
849 849 0.0 0.0 ellipse
850 850 0.0 0.0 ellipse
851 851 0.0 0.0 ellipse
852 852 0.0 0.0 ellipse
853 853 0.0 0.0 ellipse
854 854 0.0 0.0 ellipse
855 855 0.0 0.0 ellipse
856 856 0.0 0.0 ellipse
857 857 0.0 0.0 ellipse
858 858 0.0 0.0 ellipse
859 859 0.0 0.0 ellipse
860 860 0.0 0.0 ellipse
861 861 0.0 0.0 ellipse
862 862 0.0 0.0 ellipse
863 863 0.0 0.0 ellipse
864 864 0.0 0.0 ellipse
865 865 0.0 0.0 ellipse
866 866 0.0 0.0 ellipse
867 867 0.0 0.0 ellipse
868 868 0.0 0.0 ellipse
869 869 0.0 0.0 ellipse
870 870 0.0 0.0 ellipse
871 871 0.0 0.0 ellipse
872 872 0.0 0.0 ellipse
873 873 0.0 0.0 ellipse
874 874 0.0 0.0 ellipse
875 875 0.0 0.0 ellipse
876 876 0.0 0.0 ellipse
877 877 0.0 0.0 ellipse
878 878 0.0 0.0 ellipse
879 879 0.0 0.0 ellipse
880 880 0.0 0.0 ellipse
881 881 0.0 0.0 ellipse
882 882 0.0 0.0 ellipse
883 883 0.0 0.0 ellipse
884 884 0.0 0.0 ellipse
885 885 0.0 0.0 ellipse
886 886 0.0 0.0 ellipse
887 887 0.0 0.0 ellipse
888 888 0.0 0.0 ellipse
889 889 0.0 0.0 ellipse
890 890 0.0 0.0 ellipse
891 891 0.0 0.0 ellipse
892 892 0.0 0.0 ellipse
893 893 0.0 0.0 ellipse
894 894 0.0 0.0 ellipse
895 895 0.0 0.0 ellipse
896 896 0.0 0.0 ellipse
897 897 0.0 0.0 ellipse
898 898 0.0 0.0 ellipse
899 899 0.0 0.0 ellipse
900 900 0.0 0.0 ellipse
901 901 0.0 0.0 ellipse
902 902 0.0 0.0 ellipse
903 903 0.0 0.0 ellipse
904 904 0.0 0.0 ellipse
905 905 0.0 0.0 ellipse
906 906 0.0 0.0 ellipse
907 907 0.0 0.0 ellipse
908 908 0.0 0.0 ellipse
909 909 0.0 0.0 ellipse
910 910 0.0 0.0 ellipse
911 911 0.0 0.0 ellipse
912 912 0.0 0.0 ellipse
913 913 0.0 0.0 ellipse
914 914 0.0 0.0 ellipse
915 915 0.0 0.0 ellipse
916 916 0.0 0.0 ellipse
917 917 0.0 0.0 ellipse
918 918 0.0 0.0 ellipse
919 919 0.0 0.0 ellipse
920 920 0.0 0.0 ellipse
921 921 0.0 0.0 ellipse
922 922 0.0 0.0 ellipse
923 923 0.0 0.0 ellipse
924 924 0.0 0.0 ellipse
925 925 0.0 0.0 ellipse
926 926 0.0 0.0 ellipse
927 927 0.0 0.0 ellipse
928 928 0.0 0.0 ellipse
929 929 0.0 0.0 ellipse
930 930 0.0 0.0 ellipse
931 931 0.0 0.0 ellipse
932 932 0.0 0.0 ellipse
933 933 0.0 0.0 ellipse
934 934 0.0 0.0 ellipse
935 935 0.0 0.0 ellipse
936 936 0.0 0.0 ellipse
937 937 0.0 0.0 ellipse
938 938 0.0 0.0 ellipse
939 939 0.0 0.0 ellipse
940 940 0.0 0.0 ellipse
941 941 0.0 0.0 ellipse
942 942 0.0 0.0 ellipse
943 943 0.0 0.0 ellipse
944 944 0.0 0.0 ellipse
945 945 0.0 0.0 ellipse
946 946 0.0 0.0 ellipse
947 947 0.0 0.0 ellipse
948 948 0.0 0.0 ellipse
949 949 0.0 0.0 ellipse
950 950 0.0 0.0 ellipse
951 951 0.0 0.0 ellipse
952 952 0.0 0.0 ellipse
953 953 0.0 0.0 ellipse
954 954 0.0 0.0 ellipse
955 955 0.0 0.0 ellipse
956 956 0.0 0.0 ellipse
957 957 0.0 0.0 ellipse
958 958 0.0 0.0 ellipse
959 959 0.0 0.0 ellipse
960 960 0.0 0.0 ellipse
961 961 0.0 0.0 ellipse
962 962 0.0 0.0 ellipse
963 963 0.0 0.0 ellipse
964 964 0.0 0.0 ellipse
965 965 0.0 0.0 ellipse
966 966 0.0 0.0 ellipse
967 967 0.0 0.0 ellipse
968 968 0.0 0.0 ellipse
969 969 0.0 0.0 ellipse
970 970 0.0 0.0 ellipse
971 971 0.0 0.0 ellipse
972 972 0.0 0.0 ellipse
973 973 0.0 0.0 ellipse
974 974 0.0 0.0 ellipse
975 975 0.0 0.0 ellipse
976 976 0.0 0.0 ellipse
977 977 0.0 0.0 ellipse
978 978 0.0 0.0 ellipse
979 979 0.0 0.0 ellipse
980 980 0.0 0.0 ellipse
981 981 0.0 0.0 ellipse
982 982 0.0 0.0 ellipse
983 983 0.0 0.0 ellipse
984 984 0.0 0.0 ellipse
985 985 0.0 0.0 ellipse
986 986 0.0 0.0 ellipse
987 987 0.0 0.0 ellipse
988 988 0.0 0.0 ellipse
989 989 0.0 0.0 ellipse
990 990 0.0 0.0 ellipse
991 991 0.0 0.0 ellipse
992 992 0.0 0.0 ellipse
993 993 0.0 0.0 ellipse
994 994 0.0 0.0 ellipse
995 995 0.0 0.0 ellipse
996 996 0.0 0.0 ellipse
997 997 0.0 0.0 ellipse
998 998 0.0 0.0 ellipse
999 999 0.0 0.0 ellipse
1000 1000 0.0 0.0 ellipse
*edges
1 131 1.0
1 159 1.0
2 364 1.0
2 252 1.0
3 704 1.0
3 632 1.0
3 206 1.0
3 510 1.0
3 365 1.0
4 7 1.0
5 760 1.0
5 169 1.0
5 642 1.0
5 561 1.0
6 208 1.0
6 880 1.0
6 187 1.0
6 765 1.0
7 838 1.0
7 174 1.0
7 959 1.0
8 437 1.0
8 439 1.0
8 552 1.0
8 876 1.0
8 653 1.0
8 654 1.0
8 575 1.0
9 433 1.0
9 716 1.0
9 473 1.0
10 128 1.0
10 744 1.0
10 466 1.0
10 794 1.0
11 648 1.0
11 203 1.0
12 667 1.0
14 880 1.0
14 762 1.0
14 747 1.0
14 980 1.0
14 703 1.0
15 17 1.0
15 818 1.0
15 580 1.0
15 150 1.0
15 391 1.0
15 203 1.0
16 281 1.0
16 170 1.0
16 982 1.0
17 976 1.0
17 262 1.0
17 543 1.0
17 938 1.0
17 367 1.0
17 572 1.0
19 372 1.0
20 897 1.0
20 682 1.0
20 740 1.0
21 728 1.0
21 325 1.0
22 928 1.0
22 868 1.0
22 482 1.0
22 124 1.0
22 878 1.0
23 850 1.0
24 320 1.0
24 768 1.0
24 498 1.0
24 898 1.0
24 155 1.0
24 764 1.0
24 514 1.0
24 590 1.0
25 760 1.0
25 266 1.0
25 140 1.0
25 622 1.0
25 207 1.0
26 745 1.0
26 508 1.0
26 350 1.0
26 759 1.0
27 232 1.0
27 349 1.0
28 496 1.0
28 875 1.0
28 52 1.0
28 185 1.0
28 635 1.0
28 766 1.0
29 425 1.0
30 104 1.0
30 385 1.0
31 209 1.0
31 535 1.0
31 104 1.0
31 812 1.0
31 458 1.0
31 348 1.0
31 93 1.0
31 798 1.0
32 588 1.0
32 233 1.0
32 714 1.0
32 148 1.0
32 78 1.0
33 353 1.0
33 770 1.0
33 644 1.0
33 837 1.0
33 775 1.0
33 364 1.0
33 34 1.0
33 573 1.0
34 839 1.0
34 757 1.0
34 173 1.0
34 137 1.0
35 630 1.0
36 791 1.0
36 279 1.0
36 930 1.0
36 475 1.0
36 639 1.0
38 346 1.0
38 467 1.0
38 820 1.0
38 191 1.0
39 58 1.0
39 239 1.0
40 523 1.0
40 928 1.0
40 307 1.0
40 716 1.0
40 231 1.0
41 51 1.0
41 420 1.0
41 215 1.0
41 568 1.0
41 572 1.0
41 430 1.0
42 272 1.0
42 280 1.0
42 424 1.0
42 429 1.0
43 793 1.0
43 771 1.0
43 917 1.0
43 950 1.0
43 145 1.0
44 145 1.0
44 707 1.0
44 710 1.0
44 71 1.0
44 680 1.0
44 347 1.0
44 333 1.0
45 696 1.0
45 296 1.0
45 77 1.0
45 630 1.0
45 869 1.0
46 683 1.0
46 523 1.0
46 165 1.0
47 89 1.0
47 369 1.0
48 523 1.0
48 435 1.0
49 792 1.0
49 706 1.0
50 464 1.0
50 481 1.0
50 738 1.0
50 480 1.0
50 503 1.0
50 617 1.0
50 987 1.0
50 172 1.0
50 733 1.0
51 65 1.0
51 628 1.0
51 698 1.0
51 572 1.0
51 702 1.0
52 948 1.0
52 567 1.0
53 91 1.0
53 339 1.0
53 694 1.0
53 763 1.0
53 267 1.0
53 477 1.0
54 552 1.0
54 95 1.0
55 288 1.0
55 829 1.0
55 70 1.0
56 148 1.0
56 504 1.0
56 154 1.0
56 698 1.0
56 350 1.0
56 767 1.0
57 420 1.0
57 998 1.0
58 352 1.0
58 827 1.0
58 691 1.0
58 813 1.0
59 820 1.0
60 346 1.0
60 970 1.0
60 62 1.0
61 752 1.0
61 256 1.0
61 661 1.0
61 442 1.0
61 923 1.0
61 789 1.0
62 620 1.0
62 339 1.0
63 529 1.0
63 726 1.0
63 934 1.0
64 105 1.0
64 227 1.0
64 500 1.0
64 461 1.0
65 754 1.0
65 436 1.0
65 743 1.0
65 105 1.0
65 455 1.0
66 878 1.0
66 766 1.0
67 820 1.0
67 356 1.0
67 598 1.0
68 586 1.0
68 818 1.0
68 749 1.0
68 198 1.0
69 784 1.0
69 564 1.0
69 396 1.0
69 334 1.0
70 887 1.0
70 93 1.0
71 568 1.0
71 585 1.0
71 341 1.0
71 822 1.0
72 592 1.0
72 161 1.0
72 231 1.0
72 184 1.0
72 826 1.0
72 782 1.0
73 747 1.0
74 211 1.0
75 434 1.0
75 684 1.0
76 761 1.0
76 282 1.0
76 347 1.0
76 963 1.0
77 642 1.0
77 851 1.0
77 394 1.0
77 762 1.0
77 923 1.0
77 451 1.0
78 544 1.0
78 883 1.0
78 516 1.0
78 167 1.0
78 640 1.0
78 255 1.0
79 728 1.0
79 339 1.0
79 764 1.0
79 501 1.0
80 352 1.0
80 760 1.0
80 885 1.0
80 710 1.0
80 104 1.0
80 953 1.0
80 670 1.0
81 989 1.0
81 359 1.0
82 88 1.0
82 577 1.0
82 106 1.0
82 374 1.0
83 465 1.0
83 812 1.0
83 390 1.0
84 672 1.0
84 696 1.0
84 940 1.0
84 728 1.0
85 881 1.0
85 582 1.0
85 245 1.0
85 422 1.0
86 801 1.0
87 750 1.0
87 606 1.0
88 228 1.0
88 805 1.0
88 342 1.0
88 711 1.0
88 903 1.0
88 413 1.0
89 897 1.0
90 353 1.0
90 547 1.0
90 533 1.0
91 881 1.0
91 491 1.0
92 688 1.0
92 789 1.0
92 470 1.0
93 856 1.0
93 681 1.0
93 145 1.0
94 414 1.0
94 189 1.0
94 606 1.0
94 349 1.0
95 756 1.0
95 571 1.0
95 364 1.0
96 488 1.0
96 250 1.0
96 844 1.0
96 679 1.0
97 249 1.0
97 821 1.0
98 377 1.0
98 818 1.0
98 439 1.0
99 160 1.0
99 784 1.0
99 466 1.0
99 878 1.0
100 177 1.0
100 279 1.0
100 375 1.0
101 488 1.0
101 660 1.0
101 994 1.0
101 572 1.0
101 815 1.0
102 475 1.0
102 196 1.0
102 749 1.0
102 575 1.0
103 486 1.0
104 555 1.0
104 739 1.0
105 666 1.0
105 179 1.0
105 953 1.0
106 140 1.0
106 314 1.0
106 262 1.0
106 821 1.0
107 512 1.0
107 865 1.0
107 915 1.0
107 804 1.0
107 183 1.0
107 988 1.0
108 633 1.0
108 154 1.0
108 626 1.0
108 597 1.0
109 516 1.0
110 656 1.0
110 705 1.0
110 282 1.0
110 631 1.0
111 601 1.0
112 200 1.0
112 660 1.0
112 174 1.0
112 743 1.0
113 188 1.0
113 809 1.0
113 667 1.0
113 668 1.0
113 181 1.0
114 377 1.0
115 771 1.0
115 909 1.0
115 990 1.0
115 727 1.0
116 876 1.0
116 732 1.0
116 729 1.0
117 248 1.0
117 352 1.0
117 867 1.0
117 708 1.0
117 557 1.0
118 832 1.0
118 547 1.0
118 323 1.0
118 212 1.0
118 680 1.0
118 233 1.0
119 834 1.0
119 539 1.0
119 340 1.0
119 581 1.0
119 407 1.0
120 592 1.0
120 514 1.0
120 691 1.0
120 638 1.0
121 808 1.0
121 447 1.0
122 384 1.0
122 262 1.0
122 822 1.0
122 473 1.0
122 566 1.0
122 421 1.0
123 479 1.0
124 643 1.0
124 517 1.0
124 582 1.0
124 554 1.0
124 763 1.0
125 879 1.0
125 742 1.0
125 623 1.0
126 251 1.0
126 711 1.0
126 879 1.0
127 795 1.0
127 455 1.0
127 1000 1.0
127 713 1.0
127 906 1.0
127 249 1.0
128 875 1.0
128 502 1.0
129 817 1.0
129 266 1.0
129 980 1.0
129 487 1.0
130 891 1.0
130 942 1.0
131 601 1.0
132 640 1.0
132 834 1.0
132 517 1.0
132 591 1.0
133 529 1.0
133 235 1.0
133 244 1.0
134 916 1.0
134 775 1.0
135 587 1.0
135 492 1.0
136 359 1.0
137 883 1.0
137 922 1.0
137 389 1.0
138 465 1.0
138 890 1.0
138 899 1.0
138 948 1.0
139 478 1.0
139 301 1.0
139 238 1.0
139 375 1.0
140 227 1.0
140 681 1.0
140 748 1.0
140 141 1.0
141 779 1.0
141 192 1.0
141 595 1.0
141 211 1.0
142 352 1.0
142 869 1.0
143 344 1.0
143 697 1.0
145 882 1.0
146 483 1.0
146 910 1.0
146 451 1.0
147 865 1.0
147 418 1.0
147 875 1.0
147 789 1.0
147 473 1.0
147 571 1.0
148 199 1.0
149 163 1.0
149 999 1.0
149 589 1.0
149 166 1.0
149 239 1.0
150 376 1.0
150 833 1.0
150 969 1.0
150 994 1.0
151 593 1.0
151 708 1.0
151 292 1.0
151 265 1.0
151 524 1.0
151 972 1.0
151 734 1.0
152 625 1.0
152 170 1.0
152 373 1.0
152 410 1.0
154 769 1.0
154 246 1.0
154 823 1.0
154 234 1.0
154 732 1.0
155 657 1.0
155 747 1.0
155 221 1.0
156 865 1.0
156 287 1.0
157 738 1.0
157 444 1.0
157 277 1.0
157 182 1.0
158 344 1.0
158 555 1.0
158 574 1.0
160 568 1.0
160 466 1.0
160 694 1.0
160 760 1.0
160 863 1.0
160 559 1.0
161 569 1.0
161 309 1.0
161 809 1.0
162 624 1.0
163 225 1.0
163 494 1.0
166 176 1.0
167 905 1.0
167 708 1.0
167 319 1.0
168 640 1.0
168 290 1.0
168 339 1.0
168 503 1.0
168 458 1.0
168 890 1.0
169 305 1.0
169 465 1.0
169 729 1.0
169 173 1.0
170 324 1.0
170 247 1.0
170 684 1.0
170 463 1.0
171 930 1.0
171 965 1.0
171 549 1.0
171 543 1.0
172 720 1.0
172 985 1.0
172 187 1.0
172 466 1.0
172 942 1.0
173 598 1.0
173 561 1.0
174 268 1.0
174 605 1.0
174 238 1.0
175 361 1.0
175 235 1.0
175 678 1.0
176 805 1.0
176 271 1.0
176 910 1.0
176 479 1.0
177 393 1.0
177 748 1.0
177 307 1.0
177 349 1.0
178 520 1.0
178 835 1.0
178 278 1.0
179 250 1.0
179 828 1.0
179 573 1.0
179 942 1.0
179 799 1.0
180 296 1.0
180 752 1.0
180 621 1.0
180 584 1.0
181 936 1.0
181 508 1.0
181 614 1.0
181 281 1.0
182 640 1.0
182 790 1.0
182 374 1.0
182 712 1.0
182 716 1.0
182 670 1.0
182 447 1.0
183 880 1.0
183 853 1.0
183 839 1.0
184 858 1.0
184 546 1.0
184 711 1.0
185 816 1.0
185 718 1.0
185 898 1.0
185 677 1.0
185 907 1.0
185 254 1.0
185 837 1.0
186 218 1.0
186 274 1.0
186 677 1.0
187 768 1.0
187 937 1.0
187 198 1.0
188 985 1.0
189 977 1.0
189 354 1.0
189 827 1.0
189 628 1.0
189 965 1.0
189 455 1.0
189 431 1.0
189 223 1.0
190 517 1.0
191 433 1.0
191 541 1.0
192 475 1.0
192 517 1.0
192 758 1.0
192 629 1.0
193 864 1.0
193 521 1.0
193 836 1.0
194 351 1.0
194 444 1.0
194 486 1.0
194 367 1.0
196 688 1.0
196 543 1.0
197 736 1.0
197 969 1.0
198 904 1.0
198 939 1.0
198 403 1.0
199 436 1.0
200 323 1.0
201 440 1.0
201 664 1.0
201 734 1.0
201 391 1.0
202 723 1.0
202 845 1.0
202 715 1.0
203 875 1.0
203 260 1.0
203 333 1.0
204 707 1.0
204 932 1.0
205 361 1.0
205 393 1.0
206 325 1.0
206 341 1.0
206 875 1.0
206 956 1.0
206 621 1.0
206 799 1.0
207 942 1.0
207 663 1.0
208 595 1.0
208 319 1.0
209 729 1.0
209 283 1.0
209 524 1.0
210 232 1.0
210 626 1.0
210 516 1.0
210 361 1.0
210 520 1.0
210 329 1.0
210 369 1.0
211 712 1.0
211 419 1.0
212 305 1.0
212 228 1.0
212 660 1.0
212 828 1.0
212 910 1.0
213 421 1.0
213 223 1.0
215 433 1.0
215 661 1.0
215 297 1.0
215 440 1.0
215 922 1.0
215 878 1.0
216 688 1.0
216 427 1.0
217 250 1.0
217 765 1.0
219 362 1.0
219 839 1.0
220 352 1.0
220 555 1.0
220 974 1.0
220 431 1.0
221 602 1.0
221 862 1.0
221 279 1.0
222 914 1.0
222 915 1.0
222 725 1.0
222 588 1.0
222 732 1.0
222 558 1.0
224 537 1.0
224 347 1.0
224 507 1.0
224 462 1.0
224 606 1.0
225 508 1.0
225 798 1.0
225 535 1.0
226 728 1.0
226 417 1.0
226 722 1.0
226 923 1.0
227 434 1.0
227 299 1.0
227 591 1.0
228 875 1.0
229 607 1.0
230 521 1.0
230 356 1.0
230 783 1.0
231 578 1.0
231 668 1.0
231 439 1.0
232 387 1.0
232 953 1.0
232 826 1.0
232 877 1.0
232 367 1.0
233 786 1.0
233 411 1.0
233 605 1.0
234 528 1.0
234 620 1.0
235 544 1.0
235 672 1.0
235 323 1.0
235 996 1.0
235 855 1.0
235 899 1.0
235 381 1.0
236 405 1.0
237 961 1.0
237 714 1.0
238 761 1.0
239 577 1.0
239 835 1.0
239 580 1.0
240 529 1.0
240 707 1.0
240 588 1.0
240 525 1.0
241 516 1.0
241 766 1.0
241 526 1.0
242 782 1.0
242 454 1.0
243 832 1.0
243 817 1.0
243 962 1.0
243 321 1.0
243 700 1.0
243 735 1.0
244 962 1.0
244 956 1.0
244 358 1.0
245 551 1.0
246 353 1.0
246 804 1.0
246 693 1.0
246 313 1.0
246 948 1.0
246 970 1.0
246 543 1.0
247 321 1.0
247 732 1.0
247 317 1.0
247 871 1.0
248 475 1.0
248 436 1.0
249 679 1.0
249 716 1.0
250 629 1.0
250 904 1.0
250 330 1.0
250 419 1.0
251 665 1.0
251 798 1.0
251 494 1.0
252 498 1.0
252 546 1.0
252 493 1.0
253 559 1.0
253 660 1.0
253 293 1.0
253 447 1.0
254 332 1.0
254 694 1.0
254 689 1.0
255 929 1.0
255 346 1.0
256 967 1.0
257 305 1.0
257 564 1.0
258 488 1.0
258 687 1.0
260 624 1.0
260 490 1.0
260 906 1.0
261 499 1.0
261 565 1.0
261 998 1.0
261 746 1.0
261 732 1.0
261 533 1.0
262 513 1.0
262 441 1.0
263 712 1.0
263 809 1.0
263 786 1.0
263 913 1.0
264 553 1.0
264 747 1.0
264 273 1.0
265 666 1.0
265 987 1.0
265 348 1.0
266 986 1.0
266 748 1.0
267 592 1.0
267 689 1.0
268 749 1.0
269 401 1.0
270 602 1.0
270 847 1.0
271 560 1.0
271 498 1.0
271 667 1.0
271 452 1.0
271 897 1.0
271 523 1.0
272 531 1.0
272 340 1.0
273 462 1.0
273 382 1.0
273 950 1.0
274 644 1.0
275 334 1.0
277 858 1.0
277 871 1.0
277 658 1.0
277 663 1.0
278 759 1.0
279 421 1.0
279 788 1.0
279 489 1.0
279 965 1.0
279 829 1.0
280 944 1.0
280 845 1.0
280 597 1.0
281 742 1.0
281 466 1.0
281 958 1.0
282 520 1.0
282 577 1.0
282 879 1.0
283 544 1.0
283 898 1.0
283 995 1.0
283 922 1.0
283 462 1.0
284 828 1.0
285 373 1.0
285 478 1.0
285 805 1.0
286 954 1.0
286 606 1.0
288 960 1.0
288 947 1.0
288 937 1.0
288 954 1.0
288 427 1.0
288 762 1.0
289 817 1.0
289 402 1.0
289 958 1.0
289 470 1.0
290 567 1.0
291 944 1.0
291 707 1.0
291 948 1.0
291 718 1.0
292 338 1.0
292 375 1.0
292 743 1.0
292 952 1.0
292 681 1.0
292 828 1.0
293 963 1.0
293 797 1.0
294 432 1.0
294 808 1.0
295 659 1.0
295 660 1.0
296 699 1.0
296 651 1.0
297 955 1.0
298 850 1.0
298 413 1.0
298 446 1.0
298 887 1.0
299 720 1.0
299 563 1.0
299 552 1.0
299 537 1.0
299 816 1.0
300 841 1.0
300 964 1.0
301 664 1.0
302 409 1.0
302 650 1.0
302 747 1.0
302 916 1.0
302 981 1.0
303 474 1.0
303 714 1.0
303 951 1.0
304 944 1.0
304 905 1.0
304 634 1.0
304 348 1.0
305 479 1.0
305 382 1.0
306 840 1.0
306 827 1.0
306 949 1.0
307 506 1.0
307 740 1.0
308 416 1.0
308 419 1.0
309 853 1.0
310 531 1.0
310 683 1.0
310 733 1.0
311 707 1.0
311 756 1.0
311 931 1.0
312 412 1.0
313 440 1.0
313 504 1.0
313 328 1.0
313 557 1.0
313 646 1.0
313 398 1.0
314 961 1.0
314 534 1.0
314 670 1.0
315 440 1.0
315 457 1.0
315 635 1.0
315 744 1.0
315 542 1.0
316 754 1.0
316 972 1.0
316 638 1.0
316 927 1.0
317 632 1.0
317 691 1.0
318 768 1.0
318 721 1.0
318 942 1.0
318 718 1.0
319 821 1.0
319 410 1.0
319 397 1.0
319 767 1.0
320 944 1.0
320 530 1.0
320 326 1.0
320 911 1.0
321 672 1.0
321 586 1.0
321 714 1.0
321 543 1.0
322 535 1.0
323 497 1.0
323 487 1.0
323 796 1.0
323 492 1.0
323 940 1.0
323 447 1.0
324 897 1.0
324 963 1.0
324 748 1.0
324 996 1.0
325 401 1.0
325 962 1.0
325 809 1.0
325 725 1.0
326 772 1.0
327 724 1.0
327 436 1.0
327 833 1.0
328 851 1.0
328 681 1.0
328 431 1.0
329 779 1.0
329 724 1.0
330 400 1.0
330 793 1.0
330 636 1.0
330 906 1.0
331 384 1.0
331 472 1.0
331 444 1.0
331 905 1.0
332 384 1.0
332 890 1.0
332 900 1.0
332 510 1.0
333 556 1.0
333 915 1.0
333 869 1.0
334 513 1.0
334 763 1.0
334 701 1.0
335 802 1.0
335 628 1.0
335 735 1.0
336 997 1.0
336 510 1.0
337 480 1.0
337 803 1.0
337 731 1.0
337 797 1.0
338 450 1.0
338 739 1.0
338 838 1.0
338 980 1.0
338 749 1.0
339 455 1.0
339 815 1.0
340 456 1.0
340 504 1.0
340 725 1.0
341 468 1.0
341 662 1.0
342 633 1.0
342 373 1.0
342 343 1.0
343 955 1.0
343 765 1.0
344 848 1.0
344 920 1.0
344 483 1.0
345 938 1.0
345 803 1.0
346 426 1.0
346 979 1.0
347 507 1.0
347 863 1.0
348 489 1.0
348 999 1.0
349 350 1.0
349 571 1.0
349 739 1.0
349 795 1.0
350 426 1.0
351 499 1.0
352 541 1.0
353 768 1.0
353 491 1.0
353 890 1.0
354 703 1.0
355 520 1.0
355 449 1.0
355 380 1.0
356 512 1.0
356 844 1.0
356 620 1.0
357 864 1.0
357 534 1.0
358 827 1.0
358 638 1.0
361 959 1.0
361 824 1.0
361 476 1.0
361 434 1.0
363 411 1.0
364 528 1.0
364 870 1.0
365 564 1.0
366 760 1.0
366 602 1.0
366 540 1.0
368 772 1.0
368 783 1.0
370 912 1.0
370 402 1.0
370 925 1.0
371 468 1.0
371 407 1.0
371 957 1.0
371 874 1.0
371 861 1.0
371 381 1.0
372 743 1.0
373 782 1.0
373 787 1.0
375 867 1.0
375 726 1.0
375 631 1.0
375 845 1.0
375 623 1.0
376 528 1.0
377 459 1.0
378 918 1.0
379 688 1.0
379 883 1.0
380 932 1.0
380 665 1.0
380 852 1.0
380 889 1.0
381 465 1.0
381 438 1.0
381 803 1.0
382 431 1.0
382 765 1.0
382 689 1.0
383 600 1.0
383 729 1.0
383 634 1.0
383 437 1.0
384 827 1.0
384 805 1.0
384 631 1.0
384 639 1.0
385 847 1.0
385 429 1.0
385 981 1.0
386 456 1.0
386 897 1.0
386 837 1.0
386 879 1.0
387 795 1.0
389 988 1.0
389 465 1.0
390 955 1.0
390 510 1.0
391 546 1.0
391 635 1.0
392 728 1.0
392 872 1.0
392 424 1.0
392 771 1.0
392 423 1.0
393 858 1.0
393 891 1.0
393 559 1.0
395 982 1.0
396 840 1.0
396 685 1.0
397 653 1.0
397 402 1.0
397 507 1.0
397 951 1.0
398 852 1.0
398 460 1.0
399 568 1.0
399 625 1.0
400 557 1.0
400 439 1.0
401 986 1.0
401 857 1.0
401 725 1.0
402 428 1.0
402 439 1.0
403 728 1.0
403 747 1.0
403 948 1.0
403 590 1.0
404 961 1.0
405 919 1.0
406 456 1.0
406 668 1.0
407 594 1.0
407 890 1.0
407 733 1.0
407 495 1.0
408 568 1.0
408 796 1.0
409 550 1.0
410 696 1.0
410 474 1.0
410 901 1.0
411 821 1.0
411 827 1.0
411 789 1.0
412 560 1.0
413 926 1.0
415 683 1.0
415 522 1.0
415 587 1.0
415 682 1.0
416 614 1.0
417 465 1.0
417 883 1.0
417 654 1.0
417 599 1.0
419 539 1.0
419 855 1.0
420 499 1.0
420 441 1.0
421 873 1.0
421 427 1.0
421 589 1.0
422 991 1.0
423 441 1.0
423 771 1.0
423 793 1.0
424 993 1.0
424 947 1.0
424 677 1.0
424 551 1.0
425 794 1.0
425 743 1.0
425 647 1.0
426 867 1.0
427 594 1.0
427 918 1.0
427 655 1.0
429 877 1.0
430 887 1.0
430 613 1.0
430 910 1.0
430 767 1.0
431 992 1.0
431 881 1.0
431 850 1.0
431 676 1.0
431 698 1.0
432 856 1.0
432 566 1.0
434 835 1.0
434 468 1.0
436 722 1.0
436 709 1.0
436 838 1.0
436 569 1.0
437 498 1.0
437 907 1.0
437 587 1.0
437 909 1.0
438 485 1.0
438 525 1.0
439 579 1.0
439 650 1.0
440 626 1.0
441 564 1.0
442 848 1.0
442 488 1.0
442 995 1.0
442 701 1.0
443 704 1.0
443 601 1.0
443 854 1.0
445 754 1.0
445 646 1.0
445 871 1.0
445 810 1.0
445 923 1.0
445 634 1.0
446 582 1.0
446 542 1.0
446 965 1.0
447 976 1.0
447 600 1.0
448 472 1.0
449 712 1.0
449 713 1.0
449 860 1.0
450 808 1.0
450 786 1.0
450 574 1.0
451 608 1.0
451 653 1.0
451 599 1.0
452 802 1.0
452 941 1.0
453 912 1.0
453 666 1.0
453 723 1.0
454 778 1.0
455 900 1.0
455 661 1.0
455 758 1.0
456 526 1.0
456 879 1.0
457 608 1.0
457 947 1.0
457 932 1.0
457 645 1.0
457 719 1.0
458 492 1.0
458 901 1.0
459 647 1.0
461 682 1.0
461 830 1.0
462 658 1.0
462 490 1.0
463 753 1.0
463 659 1.0
463 810 1.0
465 814 1.0
465 845 1.0
466 937 1.0
466 856 1.0
467 536 1.0
467 810 1.0
467 483 1.0
467 894 1.0
468 778 1.0
468 820 1.0
469 892 1.0
469 663 1.0
470 603 1.0
471 490 1.0
471 826 1.0
472 715 1.0
473 638 1.0
473 590 1.0
474 848 1.0
474 512 1.0
475 728 1.0
476 512 1.0
476 724 1.0
477 674 1.0
477 991 1.0
477 759 1.0
477 907 1.0
477 767 1.0
478 867 1.0
478 919 1.0
478 679 1.0
478 957 1.0
478 959 1.0
479 996 1.0
479 796 1.0
479 895 1.0
480 880 1.0
480 874 1.0
480 698 1.0
482 941 1.0
484 861 1.0
485 734 1.0
486 505 1.0
486 555 1.0
486 953 1.0
487 490 1.0
488 710 1.0
488 959 1.0
489 659 1.0
489 589 1.0
490 902 1.0
491 696 1.0
491 692 1.0
491 673 1.0
492 775 1.0
493 747 1.0
493 693 1.0
493 918 1.0
495 780 1.0
495 829 1.0
497 720 1.0
497 636 1.0
499 627 1.0
499 773 1.0
499 520 1.0
499 843 1.0
499 780 1.0
500 847 1.0
501 688 1.0
501 566 1.0
502 936 1.0
502 611 1.0
502 591 1.0
504 645 1.0
504 772 1.0
505 783 1.0
506 784 1.0
506 529 1.0
506 613 1.0
508 880 1.0
508 640 1.0
508 823 1.0
508 933 1.0
511 942 1.0
511 895 1.0
512 809 1.0
512 890 1.0
513 633 1.0
513 858 1.0
514 920 1.0
514 683 1.0
514 533 1.0
516 854 1.0
516 886 1.0
516 763 1.0
516 620 1.0
517 749 1.0
518 968 1.0
518 789 1.0
518 951 1.0
519 520 1.0
519 630 1.0
520 770 1.0
520 848 1.0
520 899 1.0
521 859 1.0
523 914 1.0
523 679 1.0
524 586 1.0
524 969 1.0
525 849 1.0
526 855 1.0
527 691 1.0
527 596 1.0
527 541 1.0
527 734 1.0
527 997 1.0
528 918 1.0
528 972 1.0
528 730 1.0
529 867 1.0
529 532 1.0
529 840 1.0
530 577 1.0
531 776 1.0
532 707 1.0
533 915 1.0
533 760 1.0
533 690 1.0
533 606 1.0
535 903 1.0
536 545 1.0
536 982 1.0
536 929 1.0
536 908 1.0
536 718 1.0
537 930 1.0
537 747 1.0
537 695 1.0
538 754 1.0
539 711 1.0
540 738 1.0
540 917 1.0
541 891 1.0
541 773 1.0
542 804 1.0
543 912 1.0
543 675 1.0
543 984 1.0
543 926 1.0
544 913 1.0
544 596 1.0
544 686 1.0
544 575 1.0
545 793 1.0
545 938 1.0
545 787 1.0
545 910 1.0
546 923 1.0
546 950 1.0
547 627 1.0
547 773 1.0
547 607 1.0
548 720 1.0
548 747 1.0
549 892 1.0
549 940 1.0
550 921 1.0
551 585 1.0
551 587 1.0
551 940 1.0
552 641 1.0
552 555 1.0
552 977 1.0
553 664 1.0
554 740 1.0
554 711 1.0
555 656 1.0
555 677 1.0
555 841 1.0
556 580 1.0
556 638 1.0
557 561 1.0
557 900 1.0
557 982 1.0
557 743 1.0
558 745 1.0
558 905 1.0
559 862 1.0
560 992 1.0
561 798 1.0
561 906 1.0
561 958 1.0
562 934 1.0
563 971 1.0
563 639 1.0
564 851 1.0
564 653 1.0
565 826 1.0
566 835 1.0
566 910 1.0
567 929 1.0
567 935 1.0
568 968 1.0
568 915 1.0
568 906 1.0
568 887 1.0
569 885 1.0
569 753 1.0
569 777 1.0
569 749 1.0
570 581 1.0
571 897 1.0
572 736 1.0
572 929 1.0
572 894 1.0
573 868 1.0
573 988 1.0
573 966 1.0
574 952 1.0
575 870 1.0
575 631 1.0
575 783 1.0
576 922 1.0
576 870 1.0
577 815 1.0
578 853 1.0
580 857 1.0
581 711 1.0
581 898 1.0
582 906 1.0
583 905 1.0
583 999 1.0
583 759 1.0
584 985 1.0
585 745 1.0
585 851 1.0
585 986 1.0
586 967 1.0
587 771 1.0
587 922 1.0
588 690 1.0
588 772 1.0
588 902 1.0
588 780 1.0
588 850 1.0
588 749 1.0
589 763 1.0
589 710 1.0
590 874 1.0
591 832 1.0
591 764 1.0
591 995 1.0
592 915 1.0
593 656 1.0
593 785 1.0
593 910 1.0
594 651 1.0
594 971 1.0
594 926 1.0
595 888 1.0
596 755 1.0
596 806 1.0
597 835 1.0
597 853 1.0
598 948 1.0
601 939 1.0
603 607 1.0
604 709 1.0
604 695 1.0
605 983 1.0
606 931 1.0
607 690 1.0
608 950 1.0
609 802 1.0
609 651 1.0
612 981 1.0
612 903 1.0
612 709 1.0
612 711 1.0
613 977 1.0
613 967 1.0
613 764 1.0
613 639 1.0
614 835 1.0
616 842 1.0
620 766 1.0
621 882 1.0
621 989 1.0
622 631 1.0
622 771 1.0
622 831 1.0
623 717 1.0
623 765 1.0
624 666 1.0
625 744 1.0
626 641 1.0
627 830 1.0
628 795 1.0
628 821 1.0
629 875 1.0
631 756 1.0
633 668 1.0
634 864 1.0
634 1000 1.0
634 922 1.0
634 971 1.0
635 640 1.0
635 771 1.0
635 869 1.0
635 678 1.0
637 649 1.0
637 698 1.0
637 785 1.0
638 868 1.0
638 655 1.0
639 817 1.0
640 718 1.0
640 702 1.0
641 910 1.0
644 898 1.0
644 934 1.0
644 929 1.0
645 712 1.0
645 754 1.0
645 915 1.0
645 965 1.0
645 873 1.0
647 930 1.0
648 902 1.0
650 955 1.0
651 773 1.0
651 910 1.0
651 783 1.0
652 860 1.0
653 812 1.0
654 730 1.0
655 779 1.0
656 693 1.0
656 664 1.0
656 777 1.0
657 958 1.0
658 690 1.0
659 876 1.0
659 662 1.0
660 734 1.0
661 917 1.0
661 936 1.0
663 901 1.0
663 860 1.0
663 989 1.0
667 800 1.0
667 981 1.0
667 856 1.0
669 924 1.0
670 696 1.0
670 675 1.0
671 756 1.0
671 677 1.0
672 977 1.0
673 963 1.0
673 751 1.0
675 739 1.0
675 877 1.0
676 942 1.0
677 897 1.0
677 965 1.0
677 753 1.0
677 767 1.0
678 741 1.0
680 716 1.0
681 920 1.0
682 973 1.0
682 716 1.0
682 847 1.0
684 728 1.0
684 947 1.0
684 725 1.0
686 702 1.0
687 890 1.0
688 744 1.0
692 714 1.0
692 972 1.0
694 788 1.0
697 811 1.0
698 957 1.0
700 980 1.0
703 978 1.0
703 794 1.0
703 887 1.0
704 867 1.0
704 758 1.0
705 927 1.0
706 926 1.0
706 793 1.0
708 735 1.0
710 980 1.0
712 889 1.0
712 959 1.0
715 786 1.0
715 997 1.0
716 954 1.0
717 737 1.0
717 726 1.0
718 942 1.0
720 798 1.0
724 895 1.0
725 880 1.0
725 788 1.0
725 941 1.0
726 806 1.0
726 825 1.0
726 957 1.0
727 801 1.0
727 947 1.0
728 863 1.0
730 912 1.0
730 836 1.0
733 747 1.0
733 874 1.0
735 817 1.0
735 805 1.0
735 966 1.0
735 765 1.0
736 998 1.0
739 821 1.0
739 891 1.0
742 805 1.0
743 949 1.0
744 960 1.0
744 903 1.0
745 948 1.0
746 779 1.0
747 810 1.0
749 905 1.0
749 785 1.0
749 825 1.0
749 893 1.0
750 954 1.0
751 931 1.0
753 838 1.0
755 924 1.0
755 834 1.0
757 771 1.0
757 843 1.0
757 917 1.0
757 831 1.0
759 901 1.0
759 761 1.0
761 792 1.0
764 920 1.0
765 810 1.0
765 967 1.0
765 938 1.0
766 890 1.0
768 805 1.0
768 780 1.0
769 825 1.0
769 834 1.0
770 913 1.0
771 984 1.0
774 815 1.0
776 904 1.0
776 781 1.0
777 878 1.0
777 848 1.0
778 989 1.0
779 792 1.0
779 911 1.0
780 959 1.0
781 891 1.0
782 907 1.0
782 828 1.0
784 820 1.0
785 856 1.0
787 930 1.0
790 861 1.0
791 901 1.0
795 886 1.0
795 847 1.0
798 905 1.0
799 924 1.0
800 996 1.0
801 828 1.0
802 976 1.0
802 981 1.0
804 930 1.0
807 999 1.0
808 855 1.0
809 942 1.0
810 960 1.0
810 817 1.0
811 977 1.0
812 829 1.0
813 965 1.0
814 914 1.0
814 819 1.0
814 933 1.0
814 966 1.0
815 836 1.0
815 950 1.0
815 893 1.0
815 869 1.0
817 904 1.0
817 917 1.0
817 872 1.0
818 954 1.0
818 956 1.0
818 925 1.0
824 867 1.0
824 828 1.0
830 860 1.0
831 997 1.0
832 843 1.0
834 866 1.0
834 838 1.0
835 880 1.0
835 978 1.0
835 866 1.0
836 916 1.0
836 878 1.0
838 920 1.0
840 979 1.0
841 969 1.0
852 973 1.0
854 961 1.0
856 914 1.0
859 976 1.0
859 897 1.0
861 894 1.0
865 981 1.0
870 956 1.0
872 883 1.0
872 893 1.0
872 959 1.0
873 924 1.0
875 960 1.0
876 917 1.0
878 895 1.0
880 893 1.0
882 936 1.0
882 998 1.0
888 903 1.0
890 975 1.0
890 893 1.0
895 961 1.0
896 998 1.0
897 905 1.0
898 916 1.0
902 958 1.0
904 913 1.0
906 953 1.0
909 995 1.0
912 938 1.0
913 938 1.0
916 929 1.0
918 973 1.0
920 931 1.0
925 972 1.0
927 993 1.0
929 973 1.0
932 976 1.0
936 953 1.0
943 960 1.0
948 958 1.0
949 969 1.0
962 979 1.0
978 985 1.0
994 998 1.0
