*vertices 200
1 1 0.0 0.0 ellipse
2 2 0.0 0.0 ellipse
3 3 0.0 0.0 ellipse
4 4 0.0 0.0 ellipse
5 5 0.0 0.0 ellipse
6 6 0.0 0.0 ellipse
7 7 0.0 0.0 ellipse
8 8 0.0 0.0 ellipse
9 9 0.0 0.0 ellipse
10 10 0.0 0.0 ellipse
11 11 0.0 0.0 ellipse
12 12 0.0 0.0 ellipse
13 13 0.0 0.0 ellipse
14 14 0.0 0.0 ellipse
15 15 0.0 0.0 ellipse
16 16 0.0 0.0 ellipse
17 17 0.0 0.0 ellipse
18 18 0.0 0.0 ellipse
19 19 0.0 0.0 ellipse
20 20 0.0 0.0 ellipse
21 21 0.0 0.0 ellipse
22 22 0.0 0.0 ellipse
23 23 0.0 0.0 ellipse
24 24 0.0 0.0 ellipse
25 25 0.0 0.0 ellipse
26 26 0.0 0.0 ellipse
27 27 0.0 0.0 ellipse
28 28 0.0 0.0 ellipse
29 29 0.0 0.0 ellipse
30 30 0.0 0.0 ellipse
31 31 0.0 0.0 ellipse
32 32 0.0 0.0 ellipse
33 33 0.0 0.0 ellipse
34 34 0.0 0.0 ellipse
35 35 0.0 0.0 ellipse
36 36 0.0 0.0 ellipse
37 37 0.0 0.0 ellipse
38 38 0.0 0.0 ellipse
39 39 0.0 0.0 ellipse
40 40 0.0 0.0 ellipse
41 41 0.0 0.0 ellipse
42 42 0.0 0.0 ellipse
43 43 0.0 0.0 ellipse
44 44 0.0 0.0 ellipse
45 45 0.0 0.0 ellipse
46 46 0.0 0.0 ellipse
47 47 0.0 0.0 ellipse
48 48 0.0 0.0 ellipse
49 49 0.0 0.0 ellipse
50 50 0.0 0.0 ellipse
51 51 0.0 0.0 ellipse
52 52 0.0 0.0 ellipse
53 53 0.0 0.0 ellipse
54 54 0.0 0.0 ellipse
55 55 0.0 0.0 ellipse
56 56 0.0 0.0 ellipse
57 57 0.0 0.0 ellipse
58 58 0.0 0.0 ellipse
59 59 0.0 0.0 ellipse
60 60 0.0 0.0 ellipse
61 61 0.0 0.0 ellipse
62 62 0.0 0.0 ellipse
63 63 0.0 0.0 ellipse
64 64 0.0 0.0 ellipse
65 65 0.0 0.0 ellipse
66 66 0.0 0.0 ellipse
67 67 0.0 0.0 ellipse
68 68 0.0 0.0 ellipse
69 69 0.0 0.0 ellipse
70 70 0.0 0.0 ellipse
71 71 0.0 0.0 ellipse
72 72 0.0 0.0 ellipse
73 73 0.0 0.0 ellipse
74 74 0.0 0.0 ellipse
75 75 0.0 0.0 ellipse
76 76 0.0 0.0 ellipse
77 77 0.0 0.0 ellipse
78 78 0.0 0.0 ellipse
79 79 0.0 0.0 ellipse
80 80 0.0 0.0 ellipse
81 81 0.0 0.0 ellipse
82 82 0.0 0.0 ellipse
83 83 0.0 0.0 ellipse
84 84 0.0 0.0 ellipse
85 85 0.0 0.0 ellipse
86 86 0.0 0.0 ellipse
87 87 0.0 0.0 ellipse
88 88 0.0 0.0 ellipse
89 89 0.0 0.0 ellipse
90 90 0.0 0.0 ellipse
91 91 0.0 0.0 ellipse
92 92 0.0 0.0 ellipse
93 93 0.0 0.0 ellipse
94 94 0.0 0.0 ellipse
95 95 0.0 0.0 ellipse
96 96 0.0 0.0 ellipse
97 97 0.0 0.0 ellipse
98 98 0.0 0.0 ellipse
99 99 0.0 0.0 ellipse
100 100 0.0 0.0 ellipse
101 101 0.0 0.0 ellipse
102 102 0.0 0.0 ellipse
103 103 0.0 0.0 ellipse
104 104 0.0 0.0 ellipse
105 105 0.0 0.0 ellipse
106 106 0.0 0.0 ellipse
107 107 0.0 0.0 ellipse
108 108 0.0 0.0 ellipse
109 109 0.0 0.0 ellipse
110 110 0.0 0.0 ellipse
111 111 0.0 0.0 ellipse
112 112 0.0 0.0 ellipse
113 113 0.0 0.0 ellipse
114 114 0.0 0.0 ellipse
115 115 0.0 0.0 ellipse
116 116 0.0 0.0 ellipse
117 117 0.0 0.0 ellipse
118 118 0.0 0.0 ellipse
119 119 0.0 0.0 ellipse
120 120 0.0 0.0 ellipse
121 121 0.0 0.0 ellipse
122 122 0.0 0.0 ellipse
123 123 0.0 0.0 ellipse
124 124 0.0 0.0 ellipse
125 125 0.0 0.0 ellipse
126 126 0.0 0.0 ellipse
127 127 0.0 0.0 ellipse
128 128 0.0 0.0 ellipse
129 129 0.0 0.0 ellipse
130 130 0.0 0.0 ellipse
131 131 0.0 0.0 ellipse
132 132 0.0 0.0 ellipse
133 133 0.0 0.0 ellipse
134 134 0.0 0.0 ellipse
135 135 0.0 0.0 ellipse
136 136 0.0 0.0 ellipse
137 137 0.0 0.0 ellipse
138 138 0.0 0.0 ellipse
139 139 0.0 0.0 ellipse
140 140 0.0 0.0 ellipse
141 141 0.0 0.0 ellipse
142 142 0.0 0.0 ellipse
143 143 0.0 0.0 ellipse
144 144 0.0 0.0 ellipse
145 145 0.0 0.0 ellipse
146 146 0.0 0.0 ellipse
147 147 0.0 0.0 ellipse
148 148 0.0 0.0 ellipse
149 149 0.0 0.0 ellipse
150 150 0.0 0.0 ellipse
151 151 0.0 0.0 ellipse
152 152 0.0 0.0 ellipse
153 153 0.0 0.0 ellipse
154 154 0.0 0.0 ellipse
155 155 0.0 0.0 ellipse
156 156 0.0 0.0 ellipse
157 157 0.0 0.0 ellipse
158 158 0.0 0.0 ellipse
159 159 0.0 0.0 ellipse
160 160 0.0 0.0 ellipse
161 161 0.0 0.0 ellipse
162 162 0.0 0.0 ellipse
163 163 0.0 0.0 ellipse
164 164 0.0 0.0 ellipse
165 165 0.0 0.0 ellipse
166 166 0.0 0.0 ellipse
167 167 0.0 0.0 ellipse
168 168 0.0 0.0 ellipse
169 169 0.0 0.0 ellipse
170 170 0.0 0.0 ellipse
171 171 0.0 0.0 ellipse
172 172 0.0 0.0 ellipse
173 173 0.0 0.0 ellipse
174 174 0.0 0.0 ellipse
175 175 0.0 0.0 ellipse
176 176 0.0 0.0 ellipse
177 177 0.0 0.0 ellipse
178 178 0.0 0.0 ellipse
179 179 0.0 0.0 ellipse
180 180 0.0 0.0 ellipse
181 181 0.0 0.0 ellipse
182 182 0.0 0.0 ellipse
183 183 0.0 0.0 ellipse
184 184 0.0 0.0 ellipse
185 185 0.0 0.0 ellipse
186 186 0.0 0.0 ellipse
187 187 0.0 0.0 ellipse
188 188 0.0 0.0 ellipse
189 189 0.0 0.0 ellipse
190 190 0.0 0.0 ellipse
191 191 0.0 0.0 ellipse
192 192 0.0 0.0 ellipse
193 193 0.0 0.0 ellipse
194 194 0.0 0.0 ellipse
195 195 0.0 0.0 ellipse
196 196 0.0 0.0 ellipse
197 197 0.0 0.0 ellipse
198 198 0.0 0.0 ellipse
199 199 0.0 0.0 ellipse
200 200 0.0 0.0 ellipse
*edges
1 66 1.0
1 3 1.0
1 7 1.0
1 103 1.0
1 29 1.0
1 146 1.0
1 184 1.0
1 121 1.0
1 90 1.0
1 155 1.0
1 92 1.0
1 58 1.0
2 96 1.0
2 51 1.0
2 34 1.0
2 99 1.0
2 100 1.0
2 165 1.0
2 199 1.0
2 42 1.0
2 43 1.0
2 50 1.0
2 19 1.0
2 148 1.0
2 151 1.0
2 153 1.0
2 57 1.0
2 127 1.0
2 191 1.0
3 192 1.0
3 135 1.0
3 104 1.0
3 170 1.0
3 107 1.0
3 93 1.0
3 47 1.0
3 16 1.0
3 128 1.0
3 116 1.0
3 138 1.0
3 88 1.0
3 122 1.0
3 155 1.0
3 156 1.0
3 61 1.0
3 158 1.0
4 64 1.0
4 67 1.0
4 36 1.0
4 195 1.0
4 87 1.0
4 184 1.0
4 156 1.0
4 44 1.0
4 61 1.0
4 111 1.0
5 193 1.0
5 114 1.0
5 70 1.0
5 167 1.0
5 44 1.0
5 141 1.0
5 13 1.0
5 48 1.0
5 18 1.0
5 186 1.0
5 27 1.0
5 28 1.0
5 30 1.0
5 63 1.0
6 64 1.0
6 34 1.0
6 171 1.0
6 70 1.0
6 91 1.0
6 73 1.0
6 170 1.0
6 75 1.0
6 108 1.0
6 82 1.0
6 99 1.0
6 149 1.0
6 56 1.0
6 187 1.0
6 30 1.0
7 34 1.0
7 132 1.0
7 39 1.0
7 73 1.0
7 13 1.0
7 146 1.0
7 19 1.0
7 21 1.0
7 22 1.0
7 120 1.0
7 26 1.0
7 92 1.0
7 29 1.0
7 190 1.0
7 95 1.0
8 96 1.0
8 161 1.0
8 195 1.0
8 196 1.0
8 69 1.0
8 167 1.0
8 145 1.0
8 19 1.0
8 181 1.0
8 86 1.0
8 154 1.0
8 29 1.0
9 176 1.0
9 34 1.0
9 67 1.0
9 166 1.0
9 170 1.0
9 76 1.0
9 142 1.0
9 111 1.0
9 144 1.0
9 152 1.0
9 20 1.0
9 14 1.0
9 182 1.0
9 151 1.0
9 88 1.0
9 148 1.0
9 92 1.0
9 29 1.0
9 159 1.0
10 96 1.0
10 65 1.0
10 163 1.0
10 196 1.0
10 22 1.0
10 73 1.0
10 106 1.0
10 172 1.0
10 141 1.0
10 110 1.0
10 80 1.0
10 35 1.0
10 52 1.0
10 21 1.0
10 150 1.0
10 23 1.0
10 121 1.0
10 125 1.0
10 127 1.0
11 66 1.0
11 70 1.0
11 134 1.0
11 48 1.0
11 18 1.0
11 115 1.0
11 148 1.0
11 149 1.0
11 183 1.0
11 24 1.0
11 89 1.0
11 61 1.0
11 190 1.0
11 191 1.0
12 64 1.0
12 160 1.0
12 66 1.0
12 71 1.0
12 177 1.0
12 103 1.0
12 108 1.0
12 112 1.0
12 113 1.0
12 18 1.0
12 158 1.0
12 119 1.0
12 88 1.0
12 26 1.0
12 94 1.0
12 31 1.0
13 96 1.0
13 66 1.0
13 132 1.0
13 134 1.0
13 136 1.0
13 137 1.0
13 138 1.0
13 77 1.0
13 194 1.0
13 144 1.0
13 180 1.0
13 183 1.0
13 57 1.0
13 186 1.0
13 62 1.0
13 133 1.0
14 128 1.0
14 197 1.0
14 198 1.0
14 145 1.0
14 42 1.0
14 171 1.0
14 140 1.0
14 109 1.0
14 174 1.0
14 113 1.0
14 148 1.0
14 185 1.0
14 186 1.0
14 91 1.0
14 124 1.0
15 75 1.0
15 132 1.0
15 37 1.0
15 198 1.0
15 39 1.0
15 136 1.0
15 105 1.0
15 43 1.0
15 140 1.0
15 141 1.0
15 176 1.0
15 104 1.0
15 114 1.0
15 185 1.0
15 58 1.0
15 63 1.0
15 156 1.0
15 127 1.0
16 102 1.0
16 138 1.0
16 171 1.0
16 174 1.0
16 59 1.0
16 177 1.0
16 50 1.0
16 84 1.0
16 118 1.0
16 183 1.0
16 20 1.0
16 123 1.0
16 189 1.0
17 68 1.0
17 118 1.0
17 151 1.0
17 110 1.0
17 80 1.0
17 113 1.0
17 86 1.0
17 25 1.0
17 120 1.0
17 57 1.0
17 123 1.0
17 28 1.0
17 62 1.0
17 95 1.0
18 97 1.0
18 181 1.0
18 33 1.0
18 140 1.0
18 45 1.0
18 112 1.0
18 149 1.0
18 186 1.0
18 156 1.0
18 93 1.0
18 31 1.0
19 163 1.0
19 164 1.0
19 169 1.0
19 139 1.0
19 73 1.0
19 45 1.0
19 79 1.0
19 145 1.0
19 178 1.0
19 20 1.0
19 94 1.0
19 43 1.0
19 41 1.0
19 91 1.0
19 183 1.0
19 190 1.0
19 63 1.0
20 48 1.0
20 164 1.0
20 39 1.0
20 73 1.0
20 78 1.0
20 114 1.0
20 158 1.0
20 118 1.0
20 41 1.0
20 154 1.0
20 126 1.0
20 191 1.0
21 24 1.0
21 164 1.0
21 56 1.0
21 166 1.0
21 88 1.0
21 148 1.0
21 103 1.0
21 42 1.0
21 127 1.0
22 192 1.0
22 35 1.0
22 115 1.0
22 116 1.0
22 136 1.0
22 84 1.0
22 103 1.0
22 108 1.0
22 167 1.0
23 51 1.0
23 83 1.0
23 193 1.0
23 104 1.0
23 43 1.0
23 74 1.0
23 126 1.0
24 97 1.0
24 66 1.0
24 115 1.0
24 68 1.0
24 108 1.0
24 173 1.0
24 175 1.0
24 146 1.0
24 83 1.0
24 52 1.0
24 132 1.0
24 36 1.0
24 62 1.0
25 99 1.0
25 69 1.0
25 166 1.0
25 113 1.0
25 73 1.0
25 75 1.0
25 186 1.0
25 117 1.0
25 151 1.0
25 58 1.0
25 59 1.0
25 28 1.0
25 29 1.0
26 160 1.0
26 128 1.0
26 98 1.0
26 64 1.0
26 137 1.0
26 193 1.0
26 44 1.0
26 177 1.0
26 178 1.0
26 179 1.0
26 187 1.0
27 192 1.0
27 193 1.0
27 133 1.0
27 70 1.0
27 40 1.0
27 124 1.0
27 200 1.0
27 174 1.0
27 49 1.0
27 116 1.0
27 86 1.0
27 52 1.0
27 60 1.0
27 37 1.0
28 65 1.0
28 194 1.0
28 136 1.0
28 83 1.0
28 89 1.0
28 87 1.0
28 168 1.0
28 190 1.0
28 159 1.0
29 164 1.0
29 72 1.0
29 199 1.0
29 110 1.0
29 47 1.0
29 144 1.0
29 82 1.0
29 118 1.0
29 120 1.0
30 64 1.0
30 65 1.0
30 130 1.0
30 35 1.0
30 82 1.0
30 168 1.0
30 137 1.0
30 106 1.0
30 66 1.0
30 109 1.0
30 50 1.0
30 147 1.0
30 52 1.0
30 119 1.0
30 132 1.0
30 155 1.0
31 132 1.0
31 134 1.0
31 75 1.0
31 142 1.0
31 80 1.0
31 147 1.0
31 78 1.0
31 57 1.0
31 90 1.0
31 186 1.0
31 100 1.0
31 38 1.0
31 41 1.0
31 111 1.0
31 52 1.0
31 118 1.0
31 121 1.0
31 122 1.0
31 151 1.0
31 85 1.0
32 64 1.0
32 123 1.0
32 132 1.0
32 134 1.0
32 71 1.0
32 200 1.0
32 108 1.0
32 43 1.0
32 76 1.0
32 191 1.0
32 137 1.0
32 184 1.0
32 196 1.0
32 187 1.0
32 126 1.0
32 63 1.0
33 67 1.0
33 134 1.0
33 108 1.0
33 142 1.0
33 176 1.0
33 163 1.0
33 116 1.0
33 54 1.0
33 55 1.0
33 180 1.0
33 60 1.0
33 157 1.0
34 176 1.0
34 163 1.0
34 69 1.0
34 138 1.0
34 140 1.0
34 45 1.0
34 77 1.0
34 99 1.0
34 49 1.0
34 178 1.0
34 51 1.0
34 153 1.0
34 60 1.0
34 102 1.0
34 126 1.0
35 64 1.0
35 49 1.0
35 144 1.0
35 180 1.0
35 87 1.0
35 168 1.0
36 96 1.0
36 128 1.0
36 37 1.0
36 105 1.0
36 76 1.0
36 79 1.0
36 146 1.0
36 51 1.0
36 181 1.0
36 123 1.0
36 53 1.0
37 96 1.0
37 97 1.0
37 107 1.0
37 103 1.0
37 137 1.0
37 39 1.0
37 173 1.0
37 174 1.0
37 93 1.0
37 181 1.0
37 196 1.0
37 186 1.0
37 90 1.0
38 166 1.0
38 135 1.0
38 170 1.0
38 103 1.0
38 77 1.0
38 152 1.0
38 182 1.0
38 56 1.0
38 186 1.0
38 92 1.0
38 93 1.0
38 199 1.0
38 191 1.0
39 65 1.0
39 99 1.0
39 132 1.0
39 104 1.0
39 41 1.0
39 199 1.0
39 118 1.0
39 119 1.0
39 122 1.0
39 187 1.0
39 60 1.0
40 192 1.0
40 160 1.0
40 67 1.0
40 164 1.0
40 165 1.0
40 103 1.0
40 104 1.0
40 95 1.0
40 87 1.0
40 176 1.0
40 49 1.0
40 171 1.0
40 118 1.0
40 151 1.0
40 154 1.0
40 191 1.0
41 129 1.0
41 197 1.0
41 196 1.0
41 182 1.0
41 71 1.0
41 50 1.0
41 115 1.0
41 118 1.0
41 184 1.0
41 158 1.0
42 100 1.0
42 138 1.0
42 151 1.0
42 76 1.0
42 162 1.0
42 109 1.0
42 116 1.0
42 119 1.0
42 148 1.0
42 58 1.0
42 93 1.0
42 158 1.0
42 159 1.0
43 67 1.0
43 130 1.0
43 111 1.0
43 98 1.0
43 93 1.0
43 173 1.0
43 116 1.0
43 171 1.0
43 90 1.0
43 188 1.0
43 157 1.0
44 192 1.0
44 200 1.0
44 51 1.0
44 148 1.0
44 137 1.0
44 56 1.0
45 195 1.0
45 164 1.0
45 165 1.0
45 102 1.0
45 103 1.0
45 136 1.0
45 175 1.0
45 189 1.0
45 82 1.0
45 93 1.0
45 109 1.0
45 81 1.0
45 180 1.0
45 86 1.0
45 79 1.0
45 61 1.0
45 191 1.0
46 104 1.0
46 100 1.0
46 182 1.0
46 71 1.0
46 152 1.0
46 74 1.0
46 91 1.0
46 140 1.0
46 109 1.0
46 126 1.0
47 161 1.0
47 130 1.0
47 164 1.0
47 70 1.0
47 73 1.0
47 143 1.0
47 177 1.0
47 146 1.0
47 52 1.0
47 85 1.0
47 153 1.0
47 91 1.0
47 190 1.0
47 95 1.0
48 130 1.0
48 100 1.0
48 166 1.0
48 106 1.0
48 140 1.0
48 177 1.0
48 179 1.0
48 85 1.0
48 119 1.0
48 181 1.0
49 128 1.0
49 116 1.0
49 146 1.0
49 174 1.0
49 144 1.0
49 113 1.0
49 82 1.0
49 83 1.0
49 84 1.0
49 78 1.0
49 59 1.0
49 183 1.0
49 57 1.0
49 159 1.0
50 80 1.0
50 132 1.0
50 72 1.0
50 106 1.0
50 78 1.0
50 62 1.0
50 119 1.0
50 125 1.0
50 149 1.0
51 64 1.0
51 171 1.0
51 136 1.0
51 60 1.0
51 98 1.0
51 111 1.0
51 178 1.0
51 152 1.0
51 186 1.0
51 92 1.0
51 157 1.0
52 99 1.0
52 164 1.0
52 167 1.0
52 184 1.0
52 71 1.0
52 173 1.0
52 174 1.0
52 152 1.0
52 75 1.0
52 63 1.0
53 81 1.0
53 194 1.0
53 85 1.0
53 113 1.0
53 103 1.0
53 172 1.0
54 66 1.0
54 147 1.0
54 117 1.0
54 161 1.0
54 184 1.0
54 139 1.0
54 124 1.0
54 189 1.0
54 126 1.0
54 79 1.0
55 130 1.0
55 171 1.0
55 187 1.0
55 118 1.0
55 87 1.0
55 183 1.0
55 74 1.0
55 103 1.0
55 77 1.0
56 193 1.0
56 181 1.0
56 194 1.0
56 75 1.0
56 109 1.0
57 131 1.0
57 72 1.0
57 139 1.0
57 79 1.0
57 80 1.0
57 146 1.0
57 195 1.0
57 89 1.0
57 188 1.0
57 61 1.0
58 198 1.0
58 66 1.0
58 133 1.0
58 70 1.0
58 109 1.0
58 174 1.0
58 190 1.0
58 183 1.0
58 91 1.0
58 134 1.0
58 165 1.0
59 97 1.0
59 99 1.0
59 196 1.0
59 145 1.0
59 168 1.0
59 169 1.0
59 183 1.0
59 78 1.0
59 152 1.0
59 89 1.0
59 154 1.0
59 159 1.0
60 128 1.0
60 99 1.0
60 131 1.0
60 165 1.0
60 198 1.0
60 104 1.0
60 98 1.0
60 132 1.0
61 142 1.0
61 107 1.0
61 172 1.0
61 174 1.0
61 176 1.0
61 147 1.0
61 117 1.0
61 185 1.0
61 120 1.0
61 157 1.0
61 94 1.0
61 95 1.0
62 134 1.0
62 199 1.0
62 137 1.0
62 152 1.0
62 76 1.0
62 173 1.0
63 65 1.0
63 66 1.0
63 103 1.0
63 73 1.0
63 112 1.0
63 144 1.0
63 118 1.0
63 84 1.0
63 189 1.0
64 160 1.0
64 163 1.0
64 103 1.0
64 167 1.0
64 109 1.0
64 144 1.0
64 116 1.0
64 158 1.0
64 150 1.0
64 185 1.0
65 161 1.0
65 132 1.0
65 144 1.0
65 179 1.0
65 150 1.0
65 184 1.0
65 90 1.0
65 190 1.0
65 95 1.0
66 163 1.0
66 68 1.0
66 133 1.0
66 104 1.0
66 140 1.0
66 78 1.0
66 155 1.0
66 145 1.0
66 84 1.0
66 191 1.0
66 93 1.0
67 167 1.0
67 175 1.0
67 144 1.0
67 136 1.0
67 84 1.0
67 120 1.0
67 186 1.0
67 158 1.0
68 193 1.0
68 164 1.0
68 200 1.0
68 140 1.0
68 172 1.0
68 116 1.0
68 86 1.0
68 189 1.0
68 95 1.0
69 96 1.0
69 192 1.0
69 195 1.0
69 132 1.0
69 170 1.0
69 108 1.0
69 98 1.0
69 109 1.0
69 176 1.0
69 118 1.0
69 89 1.0
69 155 1.0
69 156 1.0
70 168 1.0
70 78 1.0
70 112 1.0
70 82 1.0
70 174 1.0
70 157 1.0
70 126 1.0
70 159 1.0
71 131 1.0
71 133 1.0
71 175 1.0
71 172 1.0
71 182 1.0
71 89 1.0
71 143 1.0
71 93 1.0
71 94 1.0
71 159 1.0
72 99 1.0
72 100 1.0
72 197 1.0
72 134 1.0
72 135 1.0
72 136 1.0
72 73 1.0
72 119 1.0
72 172 1.0
72 118 1.0
72 196 1.0
72 187 1.0
72 124 1.0
72 185 1.0
73 131 1.0
73 144 1.0
73 85 1.0
73 118 1.0
73 157 1.0
74 96 1.0
74 177 1.0
74 178 1.0
74 150 1.0
74 87 1.0
74 103 1.0
74 159 1.0
75 160 1.0
75 130 1.0
75 195 1.0
75 101 1.0
75 199 1.0
75 78 1.0
75 112 1.0
75 184 1.0
75 186 1.0
75 124 1.0
75 125 1.0
75 94 1.0
76 142 1.0
76 189 1.0
76 115 1.0
76 180 1.0
76 187 1.0
76 124 1.0
76 138 1.0
77 128 1.0
77 103 1.0
77 170 1.0
77 148 1.0
77 182 1.0
77 119 1.0
77 120 1.0
77 187 1.0
77 158 1.0
78 161 1.0
78 99 1.0
78 132 1.0
78 197 1.0
78 113 1.0
78 82 1.0
78 178 1.0
78 183 1.0
78 127 1.0
78 87 1.0
78 181 1.0
78 157 1.0
78 94 1.0
79 129 1.0
79 194 1.0
79 196 1.0
79 197 1.0
79 193 1.0
79 139 1.0
79 140 1.0
79 141 1.0
79 109 1.0
79 173 1.0
79 150 1.0
79 89 1.0
79 91 1.0
79 157 1.0
79 94 1.0
79 167 1.0
79 105 1.0
79 111 1.0
79 113 1.0
79 114 1.0
79 83 1.0
79 181 1.0
79 117 1.0
80 97 1.0
80 164 1.0
80 133 1.0
80 161 1.0
80 172 1.0
80 175 1.0
80 86 1.0
80 120 1.0
80 92 1.0
80 189 1.0
81 193 1.0
81 132 1.0
81 182 1.0
81 161 1.0
81 200 1.0
81 172 1.0
81 109 1.0
81 112 1.0
81 82 1.0
81 118 1.0
81 90 1.0
82 164 1.0
82 104 1.0
82 145 1.0
82 139 1.0
82 108 1.0
82 189 1.0
82 83 1.0
82 122 1.0
82 154 1.0
82 181 1.0
83 131 1.0
83 103 1.0
83 87 1.0
83 151 1.0
83 186 1.0
83 95 1.0
83 199 1.0
83 191 1.0
84 132 1.0
84 197 1.0
84 135 1.0
84 171 1.0
84 142 1.0
84 99 1.0
84 184 1.0
84 153 1.0
84 126 1.0
85 134 1.0
85 166 1.0
85 174 1.0
85 177 1.0
85 115 1.0
85 101 1.0
85 190 1.0
86 160 1.0
86 161 1.0
86 167 1.0
86 143 1.0
86 116 1.0
86 119 1.0
86 153 1.0
86 90 1.0
86 123 1.0
86 154 1.0
87 133 1.0
87 198 1.0
87 119 1.0
87 108 1.0
87 124 1.0
87 181 1.0
87 154 1.0
87 92 1.0
87 106 1.0
88 112 1.0
88 114 1.0
88 132 1.0
88 151 1.0
88 186 1.0
88 95 1.0
88 159 1.0
89 96 1.0
89 133 1.0
89 198 1.0
89 95 1.0
89 108 1.0
89 144 1.0
89 116 1.0
89 120 1.0
90 99 1.0
90 132 1.0
90 102 1.0
90 140 1.0
90 123 1.0
90 101 1.0
91 131 1.0
91 133 1.0
91 146 1.0
91 147 1.0
91 154 1.0
91 111 1.0
91 160 1.0
91 162 1.0
91 107 1.0
91 109 1.0
91 175 1.0
91 177 1.0
91 114 1.0
91 115 1.0
91 117 1.0
92 130 1.0
92 99 1.0
92 165 1.0
92 172 1.0
92 142 1.0
92 115 1.0
92 117 1.0
92 150 1.0
92 191 1.0
93 193 1.0
93 147 1.0
93 141 1.0
93 145 1.0
93 107 1.0
93 152 1.0
93 154 1.0
93 188 1.0
93 106 1.0
94 98 1.0
94 198 1.0
94 167 1.0
94 107 1.0
94 175 1.0
94 157 1.0
94 125 1.0
94 123 1.0
94 156 1.0
94 127 1.0
95 194 1.0
95 138 1.0
95 149 1.0
95 157 1.0
95 160 1.0
95 101 1.0
95 113 1.0
95 174 1.0
95 112 1.0
95 168 1.0
95 117 1.0
95 123 1.0
96 109 1.0
96 110 1.0
96 176 1.0
96 196 1.0
96 186 1.0
96 154 1.0
96 191 1.0
97 160 1.0
97 165 1.0
97 98 1.0
97 196 1.0
97 177 1.0
97 171 1.0
97 120 1.0
97 153 1.0
97 154 1.0
97 124 1.0
97 125 1.0
97 101 1.0
98 160 1.0
98 166 1.0
98 193 1.0
98 104 1.0
98 192 1.0
98 126 1.0
98 198 1.0
99 128 1.0
99 116 1.0
99 197 1.0
99 138 1.0
99 171 1.0
99 156 1.0
99 191 1.0
100 166 1.0
100 137 1.0
100 143 1.0
100 117 1.0
100 170 1.0
100 122 1.0
100 157 1.0
101 188 1.0
101 106 1.0
101 154 1.0
101 186 1.0
101 120 1.0
101 187 1.0
101 156 1.0
101 170 1.0
102 193 1.0
102 120 1.0
103 197 1.0
103 157 1.0
103 164 1.0
103 169 1.0
103 170 1.0
103 125 1.0
103 190 1.0
104 160 1.0
104 114 1.0
104 141 1.0
104 177 1.0
104 131 1.0
104 142 1.0
104 154 1.0
104 122 1.0
105 161 1.0
105 197 1.0
105 111 1.0
105 142 1.0
105 113 1.0
105 126 1.0
105 122 1.0
105 157 1.0
105 158 1.0
105 181 1.0
106 161 1.0
106 193 1.0
106 139 1.0
106 109 1.0
106 149 1.0
107 162 1.0
107 135 1.0
107 168 1.0
107 120 1.0
107 178 1.0
107 152 1.0
108 167 1.0
108 169 1.0
108 171 1.0
108 109 1.0
108 173 1.0
108 120 1.0
108 190 1.0
108 197 1.0
109 196 1.0
109 176 1.0
109 111 1.0
109 112 1.0
109 179 1.0
109 117 1.0
109 186 1.0
109 124 1.0
110 148 1.0
110 139 1.0
110 158 1.0
111 115 1.0
111 119 1.0
111 170 1.0
111 143 1.0
111 174 1.0
111 200 1.0
112 145 1.0
112 200 1.0
112 186 1.0
113 133 1.0
113 167 1.0
113 147 1.0
113 117 1.0
114 161 1.0
114 131 1.0
114 195 1.0
114 137 1.0
114 147 1.0
114 187 1.0
114 119 1.0
114 185 1.0
115 128 1.0
115 192 1.0
115 134 1.0
115 143 1.0
115 116 1.0
115 169 1.0
115 183 1.0
116 187 1.0
116 135 1.0
116 149 1.0
116 119 1.0
117 194 1.0
117 200 1.0
117 140 1.0
117 144 1.0
117 164 1.0
117 158 1.0
117 160 1.0
117 123 1.0
117 174 1.0
117 186 1.0
117 187 1.0
117 191 1.0
118 195 1.0
118 184 1.0
118 145 1.0
118 175 1.0
118 178 1.0
118 180 1.0
118 151 1.0
119 175 1.0
119 195 1.0
119 196 1.0
119 158 1.0
119 152 1.0
119 186 1.0
119 190 1.0
119 170 1.0
120 192 1.0
120 145 1.0
120 179 1.0
120 176 1.0
120 168 1.0
120 165 1.0
121 175 1.0
121 196 1.0
121 139 1.0
121 159 1.0
121 141 1.0
122 160 1.0
122 129 1.0
122 194 1.0
122 170 1.0
122 195 1.0
122 152 1.0
123 176 1.0
123 150 1.0
123 124 1.0
123 164 1.0
123 156 1.0
124 192 1.0
124 164 1.0
124 193 1.0
124 172 1.0
124 157 1.0
124 168 1.0
124 146 1.0
124 139 1.0
124 154 1.0
124 125 1.0
124 126 1.0
125 148 1.0
125 199 1.0
125 184 1.0
125 194 1.0
126 193 1.0
126 134 1.0
126 143 1.0
126 173 1.0
127 128 1.0
127 158 1.0
127 156 1.0
127 146 1.0
128 193 1.0
128 130 1.0
128 135 1.0
128 168 1.0
128 140 1.0
128 175 1.0
128 153 1.0
129 162 1.0
129 163 1.0
129 165 1.0
129 198 1.0
129 136 1.0
129 173 1.0
129 143 1.0
129 177 1.0
129 188 1.0
129 150 1.0
129 137 1.0
129 156 1.0
129 186 1.0
129 159 1.0
130 193 1.0
130 171 1.0
130 150 1.0
130 134 1.0
130 161 1.0
130 136 1.0
130 138 1.0
130 145 1.0
130 158 1.0
130 175 1.0
130 157 1.0
131 144 1.0
131 136 1.0
131 167 1.0
132 198 1.0
132 144 1.0
132 157 1.0
132 162 1.0
132 171 1.0
132 190 1.0
133 173 1.0
133 195 1.0
134 147 1.0
134 166 1.0
134 138 1.0
134 180 1.0
134 150 1.0
134 191 1.0
134 186 1.0
135 166 1.0
135 171 1.0
135 176 1.0
135 163 1.0
135 183 1.0
135 179 1.0
135 195 1.0
136 165 1.0
136 199 1.0
136 140 1.0
136 141 1.0
136 178 1.0
136 152 1.0
136 179 1.0
136 189 1.0
136 158 1.0
137 182 1.0
137 187 1.0
137 156 1.0
137 191 1.0
138 147 1.0
138 179 1.0
138 145 1.0
138 157 1.0
139 168 1.0
139 188 1.0
139 174 1.0
139 158 1.0
140 149 1.0
140 152 1.0
140 163 1.0
140 164 1.0
140 168 1.0
140 172 1.0
140 177 1.0
140 182 1.0
140 183 1.0
140 184 1.0
141 163 1.0
141 198 1.0
141 168 1.0
141 179 1.0
141 189 1.0
142 188 1.0
142 198 1.0
143 192 1.0
143 158 1.0
143 148 1.0
144 181 1.0
144 192 1.0
144 164 1.0
144 180 1.0
144 185 1.0
145 176 1.0
145 199 1.0
145 170 1.0
146 155 1.0
146 161 1.0
146 170 1.0
146 196 1.0
146 181 1.0
147 193 1.0
147 187 1.0
147 198 1.0
147 171 1.0
147 178 1.0
147 184 1.0
148 167 1.0
148 174 1.0
148 153 1.0
148 155 1.0
149 177 1.0
149 195 1.0
149 199 1.0
150 194 1.0
150 185 1.0
151 161 1.0
151 171 1.0
152 187 1.0
152 180 1.0
153 196 1.0
154 164 1.0
154 161 1.0
154 169 1.0
154 176 1.0
155 182 1.0
155 184 1.0
155 164 1.0
155 175 1.0
156 161 1.0
156 176 1.0
156 163 1.0
156 184 1.0
156 185 1.0
156 186 1.0
157 164 1.0
157 170 1.0
157 196 1.0
158 180 1.0
159 164 1.0
159 171 1.0
159 175 1.0
159 170 1.0
160 193 1.0
160 191 1.0
160 180 1.0
160 185 1.0
161 163 1.0
161 164 1.0
162 197 1.0
163 194 1.0
164 199 1.0
164 175 1.0
164 174 1.0
165 200 1.0
165 188 1.0
166 192 1.0
167 191 1.0
168 179 1.0
168 171 1.0
168 183 1.0
169 176 1.0
169 188 1.0
170 193 1.0
170 199 1.0
170 184 1.0
170 190 1.0
171 191 1.0
171 189 1.0
172 199 1.0
172 200 1.0
173 192 1.0
174 176 1.0
174 195 1.0
174 200 1.0
175 194 1.0
176 184 1.0
176 183 1.0
177 199 1.0
177 189 1.0
177 190 1.0
178 198 1.0
179 184 1.0
180 193 1.0
181 189 1.0
181 197 1.0
182 183 1.0
182 186 1.0
183 199 1.0
184 198 1.0
184 196 1.0
185 197 1.0
186 191 1.0
187 194 1.0
187 199 1.0
189 199 1.0
190 195 1.0
192 193 1.0
194 196 1.0
194 198 1.0
194 199 1.0
194 200 1.0
194 195 1.0
198 199 1.0
198 200 1.0
