*vertices 1000
1 0 0.0 0.0 ellipse
2 1 0.0 0.0 ellipse
3 2 0.0 0.0 ellipse
4 3 0.0 0.0 ellipse
5 4 0.0 0.0 ellipse
6 5 0.0 0.0 ellipse
7 6 0.0 0.0 ellipse
8 7 0.0 0.0 ellipse
9 8 0.0 0.0 ellipse
10 9 0.0 0.0 ellipse
11 10 0.0 0.0 ellipse
12 11 0.0 0.0 ellipse
13 12 0.0 0.0 ellipse
14 13 0.0 0.0 ellipse
15 14 0.0 0.0 ellipse
16 15 0.0 0.0 ellipse
17 16 0.0 0.0 ellipse
18 17 0.0 0.0 ellipse
19 18 0.0 0.0 ellipse
20 19 0.0 0.0 ellipse
21 20 0.0 0.0 ellipse
22 21 0.0 0.0 ellipse
23 22 0.0 0.0 ellipse
24 23 0.0 0.0 ellipse
25 24 0.0 0.0 ellipse
26 25 0.0 0.0 ellipse
27 26 0.0 0.0 ellipse
28 27 0.0 0.0 ellipse
29 28 0.0 0.0 ellipse
30 29 0.0 0.0 ellipse
31 30 0.0 0.0 ellipse
32 31 0.0 0.0 ellipse
33 32 0.0 0.0 ellipse
34 33 0.0 0.0 ellipse
35 34 0.0 0.0 ellipse
36 35 0.0 0.0 ellipse
37 36 0.0 0.0 ellipse
38 37 0.0 0.0 ellipse
39 38 0.0 0.0 ellipse
40 39 0.0 0.0 ellipse
41 40 0.0 0.0 ellipse
42 41 0.0 0.0 ellipse
43 42 0.0 0.0 ellipse
44 43 0.0 0.0 ellipse
45 44 0.0 0.0 ellipse
46 45 0.0 0.0 ellipse
47 46 0.0 0.0 ellipse
48 47 0.0 0.0 ellipse
49 48 0.0 0.0 ellipse
50 49 0.0 0.0 ellipse
51 50 0.0 0.0 ellipse
52 51 0.0 0.0 ellipse
53 52 0.0 0.0 ellipse
54 53 0.0 0.0 ellipse
55 54 0.0 0.0 ellipse
56 55 0.0 0.0 ellipse
57 56 0.0 0.0 ellipse
58 57 0.0 0.0 ellipse
59 58 0.0 0.0 ellipse
60 59 0.0 0.0 ellipse
61 60 0.0 0.0 ellipse
62 61 0.0 0.0 ellipse
63 62 0.0 0.0 ellipse
64 63 0.0 0.0 ellipse
65 64 0.0 0.0 ellipse
66 65 0.0 0.0 ellipse
67 66 0.0 0.0 ellipse
68 67 0.0 0.0 ellipse
69 68 0.0 0.0 ellipse
70 69 0.0 0.0 ellipse
71 70 0.0 0.0 ellipse
72 71 0.0 0.0 ellipse
73 72 0.0 0.0 ellipse
74 73 0.0 0.0 ellipse
75 74 0.0 0.0 ellipse
76 75 0.0 0.0 ellipse
77 76 0.0 0.0 ellipse
78 77 0.0 0.0 ellipse
79 78 0.0 0.0 ellipse
80 79 0.0 0.0 ellipse
81 80 0.0 0.0 ellipse
82 81 0.0 0.0 ellipse
83 82 0.0 0.0 ellipse
84 83 0.0 0.0 ellipse
85 84 0.0 0.0 ellipse
86 85 0.0 0.0 ellipse
87 86 0.0 0.0 ellipse
88 87 0.0 0.0 ellipse
89 88 0.0 0.0 ellipse
90 89 0.0 0.0 ellipse
91 90 0.0 0.0 ellipse
92 91 0.0 0.0 ellipse
93 92 0.0 0.0 ellipse
94 93 0.0 0.0 ellipse
95 94 0.0 0.0 ellipse
96 95 0.0 0.0 ellipse
97 96 0.0 0.0 ellipse
98 97 0.0 0.0 ellipse
99 98 0.0 0.0 ellipse
100 99 0.0 0.0 ellipse
101 100 0.0 0.0 ellipse
102 101 0.0 0.0 ellipse
103 102 0.0 0.0 ellipse
104 103 0.0 0.0 ellipse
105 104 0.0 0.0 ellipse
106 105 0.0 0.0 ellipse
107 106 0.0 0.0 ellipse
108 107 0.0 0.0 ellipse
109 108 0.0 0.0 ellipse
110 109 0.0 0.0 ellipse
111 110 0.0 0.0 ellipse
112 111 0.0 0.0 ellipse
113 112 0.0 0.0 ellipse
114 113 0.0 0.0 ellipse
115 114 0.0 0.0 ellipse
116 115 0.0 0.0 ellipse
117 116 0.0 0.0 ellipse
118 117 0.0 0.0 ellipse
119 118 0.0 0.0 ellipse
120 119 0.0 0.0 ellipse
121 120 0.0 0.0 ellipse
122 121 0.0 0.0 ellipse
123 122 0.0 0.0 ellipse
124 123 0.0 0.0 ellipse
125 124 0.0 0.0 ellipse
126 125 0.0 0.0 ellipse
127 126 0.0 0.0 ellipse
128 127 0.0 0.0 ellipse
129 128 0.0 0.0 ellipse
130 129 0.0 0.0 ellipse
131 130 0.0 0.0 ellipse
132 131 0.0 0.0 ellipse
133 132 0.0 0.0 ellipse
134 133 0.0 0.0 ellipse
135 134 0.0 0.0 ellipse
136 135 0.0 0.0 ellipse
137 136 0.0 0.0 ellipse
138 137 0.0 0.0 ellipse
139 138 0.0 0.0 ellipse
140 139 0.0 0.0 ellipse
141 140 0.0 0.0 ellipse
142 141 0.0 0.0 ellipse
143 142 0.0 0.0 ellipse
144 143 0.0 0.0 ellipse
145 144 0.0 0.0 ellipse
146 145 0.0 0.0 ellipse
147 146 0.0 0.0 ellipse
148 147 0.0 0.0 ellipse
149 148 0.0 0.0 ellipse
150 149 0.0 0.0 ellipse
151 150 0.0 0.0 ellipse
152 151 0.0 0.0 ellipse
153 152 0.0 0.0 ellipse
154 153 0.0 0.0 ellipse
155 154 0.0 0.0 ellipse
156 155 0.0 0.0 ellipse
157 156 0.0 0.0 ellipse
158 157 0.0 0.0 ellipse
159 158 0.0 0.0 ellipse
160 159 0.0 0.0 ellipse
161 160 0.0 0.0 ellipse
162 161 0.0 0.0 ellipse
163 162 0.0 0.0 ellipse
164 163 0.0 0.0 ellipse
165 164 0.0 0.0 ellipse
166 165 0.0 0.0 ellipse
167 166 0.0 0.0 ellipse
168 167 0.0 0.0 ellipse
169 168 0.0 0.0 ellipse
170 169 0.0 0.0 ellipse
171 170 0.0 0.0 ellipse
172 171 0.0 0.0 ellipse
173 172 0.0 0.0 ellipse
174 173 0.0 0.0 ellipse
175 174 0.0 0.0 ellipse
176 175 0.0 0.0 ellipse
177 176 0.0 0.0 ellipse
178 177 0.0 0.0 ellipse
179 178 0.0 0.0 ellipse
180 179 0.0 0.0 ellipse
181 180 0.0 0.0 ellipse
182 181 0.0 0.0 ellipse
183 182 0.0 0.0 ellipse
184 183 0.0 0.0 ellipse
185 184 0.0 0.0 ellipse
186 185 0.0 0.0 ellipse
187 186 0.0 0.0 ellipse
188 187 0.0 0.0 ellipse
189 188 0.0 0.0 ellipse
190 189 0.0 0.0 ellipse
191 190 0.0 0.0 ellipse
192 191 0.0 0.0 ellipse
193 192 0.0 0.0 ellipse
194 193 0.0 0.0 ellipse
195 194 0.0 0.0 ellipse
196 195 0.0 0.0 ellipse
197 196 0.0 0.0 ellipse
198 197 0.0 0.0 ellipse
199 198 0.0 0.0 ellipse
200 199 0.0 0.0 ellipse
201 200 0.0 0.0 ellipse
202 201 0.0 0.0 ellipse
203 202 0.0 0.0 ellipse
204 203 0.0 0.0 ellipse
205 204 0.0 0.0 ellipse
206 205 0.0 0.0 ellipse
207 206 0.0 0.0 ellipse
208 207 0.0 0.0 ellipse
209 208 0.0 0.0 ellipse
210 209 0.0 0.0 ellipse
211 210 0.0 0.0 ellipse
212 211 0.0 0.0 ellipse
213 212 0.0 0.0 ellipse
214 213 0.0 0.0 ellipse
215 214 0.0 0.0 ellipse
216 215 0.0 0.0 ellipse
217 216 0.0 0.0 ellipse
218 217 0.0 0.0 ellipse
219 218 0.0 0.0 ellipse
220 219 0.0 0.0 ellipse
221 220 0.0 0.0 ellipse
222 221 0.0 0.0 ellipse
223 222 0.0 0.0 ellipse
224 223 0.0 0.0 ellipse
225 224 0.0 0.0 ellipse
226 225 0.0 0.0 ellipse
227 226 0.0 0.0 ellipse
228 227 0.0 0.0 ellipse
229 228 0.0 0.0 ellipse
230 229 0.0 0.0 ellipse
231 230 0.0 0.0 ellipse
232 231 0.0 0.0 ellipse
233 232 0.0 0.0 ellipse
234 233 0.0 0.0 ellipse
235 234 0.0 0.0 ellipse
236 235 0.0 0.0 ellipse
237 236 0.0 0.0 ellipse
238 237 0.0 0.0 ellipse
239 238 0.0 0.0 ellipse
240 239 0.0 0.0 ellipse
241 240 0.0 0.0 ellipse
242 241 0.0 0.0 ellipse
243 242 0.0 0.0 ellipse
244 243 0.0 0.0 ellipse
245 244 0.0 0.0 ellipse
246 245 0.0 0.0 ellipse
247 246 0.0 0.0 ellipse
248 247 0.0 0.0 ellipse
249 248 0.0 0.0 ellipse
250 249 0.0 0.0 ellipse
251 250 0.0 0.0 ellipse
252 251 0.0 0.0 ellipse
253 252 0.0 0.0 ellipse
254 253 0.0 0.0 ellipse
255 254 0.0 0.0 ellipse
256 255 0.0 0.0 ellipse
257 256 0.0 0.0 ellipse
258 257 0.0 0.0 ellipse
259 258 0.0 0.0 ellipse
260 259 0.0 0.0 ellipse
261 260 0.0 0.0 ellipse
262 261 0.0 0.0 ellipse
263 262 0.0 0.0 ellipse
264 263 0.0 0.0 ellipse
265 264 0.0 0.0 ellipse
266 265 0.0 0.0 ellipse
267 266 0.0 0.0 ellipse
268 267 0.0 0.0 ellipse
269 268 0.0 0.0 ellipse
270 269 0.0 0.0 ellipse
271 270 0.0 0.0 ellipse
272 271 0.0 0.0 ellipse
273 272 0.0 0.0 ellipse
274 273 0.0 0.0 ellipse
275 274 0.0 0.0 ellipse
276 275 0.0 0.0 ellipse
277 276 0.0 0.0 ellipse
278 277 0.0 0.0 ellipse
279 278 0.0 0.0 ellipse
280 279 0.0 0.0 ellipse
281 280 0.0 0.0 ellipse
282 281 0.0 0.0 ellipse
283 282 0.0 0.0 ellipse
284 283 0.0 0.0 ellipse
285 284 0.0 0.0 ellipse
286 285 0.0 0.0 ellipse
287 286 0.0 0.0 ellipse
288 287 0.0 0.0 ellipse
289 288 0.0 0.0 ellipse
290 289 0.0 0.0 ellipse
291 290 0.0 0.0 ellipse
292 291 0.0 0.0 ellipse
293 292 0.0 0.0 ellipse
294 293 0.0 0.0 ellipse
295 294 0.0 0.0 ellipse
296 295 0.0 0.0 ellipse
297 296 0.0 0.0 ellipse
298 297 0.0 0.0 ellipse
299 298 0.0 0.0 ellipse
300 299 0.0 0.0 ellipse
301 300 0.0 0.0 ellipse
302 301 0.0 0.0 ellipse
303 302 0.0 0.0 ellipse
304 303 0.0 0.0 ellipse
305 304 0.0 0.0 ellipse
306 305 0.0 0.0 ellipse
307 306 0.0 0.0 ellipse
308 307 0.0 0.0 ellipse
309 308 0.0 0.0 ellipse
310 309 0.0 0.0 ellipse
311 310 0.0 0.0 ellipse
312 311 0.0 0.0 ellipse
313 312 0.0 0.0 ellipse
314 313 0.0 0.0 ellipse
315 314 0.0 0.0 ellipse
316 315 0.0 0.0 ellipse
317 316 0.0 0.0 ellipse
318 317 0.0 0.0 ellipse
319 318 0.0 0.0 ellipse
320 319 0.0 0.0 ellipse
321 320 0.0 0.0 ellipse
322 321 0.0 0.0 ellipse
323 322 0.0 0.0 ellipse
324 323 0.0 0.0 ellipse
325 324 0.0 0.0 ellipse
326 325 0.0 0.0 ellipse
327 326 0.0 0.0 ellipse
328 327 0.0 0.0 ellipse
329 328 0.0 0.0 ellipse
330 329 0.0 0.0 ellipse
331 330 0.0 0.0 ellipse
332 331 0.0 0.0 ellipse
333 332 0.0 0.0 ellipse
334 333 0.0 0.0 ellipse
335 334 0.0 0.0 ellipse
336 335 0.0 0.0 ellipse
337 336 0.0 0.0 ellipse
338 337 0.0 0.0 ellipse
339 338 0.0 0.0 ellipse
340 339 0.0 0.0 ellipse
341 340 0.0 0.0 ellipse
342 341 0.0 0.0 ellipse
343 342 0.0 0.0 ellipse
344 343 0.0 0.0 ellipse
345 344 0.0 0.0 ellipse
346 345 0.0 0.0 ellipse
347 346 0.0 0.0 ellipse
348 347 0.0 0.0 ellipse
349 348 0.0 0.0 ellipse
350 349 0.0 0.0 ellipse
351 350 0.0 0.0 ellipse
352 351 0.0 0.0 ellipse
353 352 0.0 0.0 ellipse
354 353 0.0 0.0 ellipse
355 354 0.0 0.0 ellipse
356 355 0.0 0.0 ellipse
357 356 0.0 0.0 ellipse
358 357 0.0 0.0 ellipse
359 358 0.0 0.0 ellipse
360 359 0.0 0.0 ellipse
361 360 0.0 0.0 ellipse
362 361 0.0 0.0 ellipse
363 362 0.0 0.0 ellipse
364 363 0.0 0.0 ellipse
365 364 0.0 0.0 ellipse
366 365 0.0 0.0 ellipse
367 366 0.0 0.0 ellipse
368 367 0.0 0.0 ellipse
369 368 0.0 0.0 ellipse
370 369 0.0 0.0 ellipse
371 370 0.0 0.0 ellipse
372 371 0.0 0.0 ellipse
373 372 0.0 0.0 ellipse
374 373 0.0 0.0 ellipse
375 374 0.0 0.0 ellipse
376 375 0.0 0.0 ellipse
377 376 0.0 0.0 ellipse
378 377 0.0 0.0 ellipse
379 378 0.0 0.0 ellipse
380 379 0.0 0.0 ellipse
381 380 0.0 0.0 ellipse
382 381 0.0 0.0 ellipse
383 382 0.0 0.0 ellipse
384 383 0.0 0.0 ellipse
385 384 0.0 0.0 ellipse
386 385 0.0 0.0 ellipse
387 386 0.0 0.0 ellipse
388 387 0.0 0.0 ellipse
389 388 0.0 0.0 ellipse
390 389 0.0 0.0 ellipse
391 390 0.0 0.0 ellipse
392 391 0.0 0.0 ellipse
393 392 0.0 0.0 ellipse
394 393 0.0 0.0 ellipse
395 394 0.0 0.0 ellipse
396 395 0.0 0.0 ellipse
397 396 0.0 0.0 ellipse
398 397 0.0 0.0 ellipse
399 398 0.0 0.0 ellipse
400 399 0.0 0.0 ellipse
401 400 0.0 0.0 ellipse
402 401 0.0 0.0 ellipse
403 402 0.0 0.0 ellipse
404 403 0.0 0.0 ellipse
405 404 0.0 0.0 ellipse
406 405 0.0 0.0 ellipse
407 406 0.0 0.0 ellipse
408 407 0.0 0.0 ellipse
409 408 0.0 0.0 ellipse
410 409 0.0 0.0 ellipse
411 410 0.0 0.0 ellipse
412 411 0.0 0.0 ellipse
413 412 0.0 0.0 ellipse
414 413 0.0 0.0 ellipse
415 414 0.0 0.0 ellipse
416 415 0.0 0.0 ellipse
417 416 0.0 0.0 ellipse
418 417 0.0 0.0 ellipse
419 418 0.0 0.0 ellipse
420 419 0.0 0.0 ellipse
421 420 0.0 0.0 ellipse
422 421 0.0 0.0 ellipse
423 422 0.0 0.0 ellipse
424 423 0.0 0.0 ellipse
425 424 0.0 0.0 ellipse
426 425 0.0 0.0 ellipse
427 426 0.0 0.0 ellipse
428 427 0.0 0.0 ellipse
429 428 0.0 0.0 ellipse
430 429 0.0 0.0 ellipse
431 430 0.0 0.0 ellipse
432 431 0.0 0.0 ellipse
433 432 0.0 0.0 ellipse
434 433 0.0 0.0 ellipse
435 434 0.0 0.0 ellipse
436 435 0.0 0.0 ellipse
437 436 0.0 0.0 ellipse
438 437 0.0 0.0 ellipse
439 438 0.0 0.0 ellipse
440 439 0.0 0.0 ellipse
441 440 0.0 0.0 ellipse
442 441 0.0 0.0 ellipse
443 442 0.0 0.0 ellipse
444 443 0.0 0.0 ellipse
445 444 0.0 0.0 ellipse
446 445 0.0 0.0 ellipse
447 446 0.0 0.0 ellipse
448 447 0.0 0.0 ellipse
449 448 0.0 0.0 ellipse
450 449 0.0 0.0 ellipse
451 450 0.0 0.0 ellipse
452 451 0.0 0.0 ellipse
453 452 0.0 0.0 ellipse
454 453 0.0 0.0 ellipse
455 454 0.0 0.0 ellipse
456 455 0.0 0.0 ellipse
457 456 0.0 0.0 ellipse
458 457 0.0 0.0 ellipse
459 458 0.0 0.0 ellipse
460 459 0.0 0.0 ellipse
461 460 0.0 0.0 ellipse
462 461 0.0 0.0 ellipse
463 462 0.0 0.0 ellipse
464 463 0.0 0.0 ellipse
465 464 0.0 0.0 ellipse
466 465 0.0 0.0 ellipse
467 466 0.0 0.0 ellipse
468 467 0.0 0.0 ellipse
469 468 0.0 0.0 ellipse
470 469 0.0 0.0 ellipse
471 470 0.0 0.0 ellipse
472 471 0.0 0.0 ellipse
473 472 0.0 0.0 ellipse
474 473 0.0 0.0 ellipse
475 474 0.0 0.0 ellipse
476 475 0.0 0.0 ellipse
477 476 0.0 0.0 ellipse
478 477 0.0 0.0 ellipse
479 478 0.0 0.0 ellipse
480 479 0.0 0.0 ellipse
481 480 0.0 0.0 ellipse
482 481 0.0 0.0 ellipse
483 482 0.0 0.0 ellipse
484 483 0.0 0.0 ellipse
485 484 0.0 0.0 ellipse
486 485 0.0 0.0 ellipse
487 486 0.0 0.0 ellipse
488 487 0.0 0.0 ellipse
489 488 0.0 0.0 ellipse
490 489 0.0 0.0 ellipse
491 490 0.0 0.0 ellipse
492 491 0.0 0.0 ellipse
493 492 0.0 0.0 ellipse
494 493 0.0 0.0 ellipse
495 494 0.0 0.0 ellipse
496 495 0.0 0.0 ellipse
497 496 0.0 0.0 ellipse
498 497 0.0 0.0 ellipse
499 498 0.0 0.0 ellipse
500 499 0.0 0.0 ellipse
501 500 0.0 0.0 ellipse
502 501 0.0 0.0 ellipse
503 502 0.0 0.0 ellipse
504 503 0.0 0.0 ellipse
505 504 0.0 0.0 ellipse
506 505 0.0 0.0 ellipse
507 506 0.0 0.0 ellipse
508 507 0.0 0.0 ellipse
509 508 0.0 0.0 ellipse
510 509 0.0 0.0 ellipse
511 510 0.0 0.0 ellipse
512 511 0.0 0.0 ellipse
513 512 0.0 0.0 ellipse
514 513 0.0 0.0 ellipse
515 514 0.0 0.0 ellipse
516 515 0.0 0.0 ellipse
517 516 0.0 0.0 ellipse
518 517 0.0 0.0 ellipse
519 518 0.0 0.0 ellipse
520 519 0.0 0.0 ellipse
521 520 0.0 0.0 ellipse
522 521 0.0 0.0 ellipse
523 522 0.0 0.0 ellipse
524 523 0.0 0.0 ellipse
525 524 0.0 0.0 ellipse
526 525 0.0 0.0 ellipse
527 526 0.0 0.0 ellipse
528 527 0.0 0.0 ellipse
529 528 0.0 0.0 ellipse
530 529 0.0 0.0 ellipse
531 530 0.0 0.0 ellipse
532 531 0.0 0.0 ellipse
533 532 0.0 0.0 ellipse
534 533 0.0 0.0 ellipse
535 534 0.0 0.0 ellipse
536 535 0.0 0.0 ellipse
537 536 0.0 0.0 ellipse
538 537 0.0 0.0 ellipse
539 538 0.0 0.0 ellipse
540 539 0.0 0.0 ellipse
541 540 0.0 0.0 ellipse
542 541 0.0 0.0 ellipse
543 542 0.0 0.0 ellipse
544 543 0.0 0.0 ellipse
545 544 0.0 0.0 ellipse
546 545 0.0 0.0 ellipse
547 546 0.0 0.0 ellipse
548 547 0.0 0.0 ellipse
549 548 0.0 0.0 ellipse
550 549 0.0 0.0 ellipse
551 550 0.0 0.0 ellipse
552 551 0.0 0.0 ellipse
553 552 0.0 0.0 ellipse
554 553 0.0 0.0 ellipse
555 554 0.0 0.0 ellipse
556 555 0.0 0.0 ellipse
557 556 0.0 0.0 ellipse
558 557 0.0 0.0 ellipse
559 558 0.0 0.0 ellipse
560 559 0.0 0.0 ellipse
561 560 0.0 0.0 ellipse
562 561 0.0 0.0 ellipse
563 562 0.0 0.0 ellipse
564 563 0.0 0.0 ellipse
565 564 0.0 0.0 ellipse
566 565 0.0 0.0 ellipse
567 566 0.0 0.0 ellipse
568 567 0.0 0.0 ellipse
569 568 0.0 0.0 ellipse
570 569 0.0 0.0 ellipse
571 570 0.0 0.0 ellipse
572 571 0.0 0.0 ellipse
573 572 0.0 0.0 ellipse
574 573 0.0 0.0 ellipse
575 574 0.0 0.0 ellipse
576 575 0.0 0.0 ellipse
577 576 0.0 0.0 ellipse
578 577 0.0 0.0 ellipse
579 578 0.0 0.0 ellipse
580 579 0.0 0.0 ellipse
581 580 0.0 0.0 ellipse
582 581 0.0 0.0 ellipse
583 582 0.0 0.0 ellipse
584 583 0.0 0.0 ellipse
585 584 0.0 0.0 ellipse
586 585 0.0 0.0 ellipse
587 586 0.0 0.0 ellipse
588 587 0.0 0.0 ellipse
589 588 0.0 0.0 ellipse
590 589 0.0 0.0 ellipse
591 590 0.0 0.0 ellipse
592 591 0.0 0.0 ellipse
593 592 0.0 0.0 ellipse
594 593 0.0 0.0 ellipse
595 594 0.0 0.0 ellipse
596 595 0.0 0.0 ellipse
597 596 0.0 0.0 ellipse
598 597 0.0 0.0 ellipse
599 598 0.0 0.0 ellipse
600 599 0.0 0.0 ellipse
601 600 0.0 0.0 ellipse
602 601 0.0 0.0 ellipse
603 602 0.0 0.0 ellipse
604 603 0.0 0.0 ellipse
605 604 0.0 0.0 ellipse
606 605 0.0 0.0 ellipse
607 606 0.0 0.0 ellipse
608 607 0.0 0.0 ellipse
609 608 0.0 0.0 ellipse
610 609 0.0 0.0 ellipse
611 610 0.0 0.0 ellipse
612 611 0.0 0.0 ellipse
613 612 0.0 0.0 ellipse
614 613 0.0 0.0 ellipse
615 614 0.0 0.0 ellipse
616 615 0.0 0.0 ellipse
617 616 0.0 0.0 ellipse
618 617 0.0 0.0 ellipse
619 618 0.0 0.0 ellipse
620 619 0.0 0.0 ellipse
621 620 0.0 0.0 ellipse
622 621 0.0 0.0 ellipse
623 622 0.0 0.0 ellipse
624 623 0.0 0.0 ellipse
625 624 0.0 0.0 ellipse
626 625 0.0 0.0 ellipse
627 626 0.0 0.0 ellipse
628 627 0.0 0.0 ellipse
629 628 0.0 0.0 ellipse
630 629 0.0 0.0 ellipse
631 630 0.0 0.0 ellipse
632 631 0.0 0.0 ellipse
633 632 0.0 0.0 ellipse
634 633 0.0 0.0 ellipse
635 634 0.0 0.0 ellipse
636 635 0.0 0.0 ellipse
637 636 0.0 0.0 ellipse
638 637 0.0 0.0 ellipse
639 638 0.0 0.0 ellipse
640 639 0.0 0.0 ellipse
641 640 0.0 0.0 ellipse
642 641 0.0 0.0 ellipse
643 642 0.0 0.0 ellipse
644 643 0.0 0.0 ellipse
645 644 0.0 0.0 ellipse
646 645 0.0 0.0 ellipse
647 646 0.0 0.0 ellipse
648 647 0.0 0.0 ellipse
649 648 0.0 0.0 ellipse
650 649 0.0 0.0 ellipse
651 650 0.0 0.0 ellipse
652 651 0.0 0.0 ellipse
653 652 0.0 0.0 ellipse
654 653 0.0 0.0 ellipse
655 654 0.0 0.0 ellipse
656 655 0.0 0.0 ellipse
657 656 0.0 0.0 ellipse
658 657 0.0 0.0 ellipse
659 658 0.0 0.0 ellipse
660 659 0.0 0.0 ellipse
661 660 0.0 0.0 ellipse
662 661 0.0 0.0 ellipse
663 662 0.0 0.0 ellipse
664 663 0.0 0.0 ellipse
665 664 0.0 0.0 ellipse
666 665 0.0 0.0 ellipse
667 666 0.0 0.0 ellipse
668 667 0.0 0.0 ellipse
669 668 0.0 0.0 ellipse
670 669 0.0 0.0 ellipse
671 670 0.0 0.0 ellipse
672 671 0.0 0.0 ellipse
673 672 0.0 0.0 ellipse
674 673 0.0 0.0 ellipse
675 674 0.0 0.0 ellipse
676 675 0.0 0.0 ellipse
677 676 0.0 0.0 ellipse
678 677 0.0 0.0 ellipse
679 678 0.0 0.0 ellipse
680 679 0.0 0.0 ellipse
681 680 0.0 0.0 ellipse
682 681 0.0 0.0 ellipse
683 682 0.0 0.0 ellipse
684 683 0.0 0.0 ellipse
685 684 0.0 0.0 ellipse
686 685 0.0 0.0 ellipse
687 686 0.0 0.0 ellipse
688 687 0.0 0.0 ellipse
689 688 0.0 0.0 ellipse
690 689 0.0 0.0 ellipse
691 690 0.0 0.0 ellipse
692 691 0.0 0.0 ellipse
693 692 0.0 0.0 ellipse
694 693 0.0 0.0 ellipse
695 694 0.0 0.0 ellipse
696 695 0.0 0.0 ellipse
697 696 0.0 0.0 ellipse
698 697 0.0 0.0 ellipse
699 698 0.0 0.0 ellipse
700 699 0.0 0.0 ellipse
701 700 0.0 0.0 ellipse
702 701 0.0 0.0 ellipse
703 702 0.0 0.0 ellipse
704 703 0.0 0.0 ellipse
705 704 0.0 0.0 ellipse
706 705 0.0 0.0 ellipse
707 706 0.0 0.0 ellipse
708 707 0.0 0.0 ellipse
709 708 0.0 0.0 ellipse
710 709 0.0 0.0 ellipse
711 710 0.0 0.0 ellipse
712 711 0.0 0.0 ellipse
713 712 0.0 0.0 ellipse
714 713 0.0 0.0 ellipse
715 714 0.0 0.0 ellipse
716 715 0.0 0.0 ellipse
717 716 0.0 0.0 ellipse
718 717 0.0 0.0 ellipse
719 718 0.0 0.0 ellipse
720 719 0.0 0.0 ellipse
721 720 0.0 0.0 ellipse
722 721 0.0 0.0 ellipse
723 722 0.0 0.0 ellipse
724 723 0.0 0.0 ellipse
725 724 0.0 0.0 ellipse
726 725 0.0 0.0 ellipse
727 726 0.0 0.0 ellipse
728 727 0.0 0.0 ellipse
729 728 0.0 0.0 ellipse
730 729 0.0 0.0 ellipse
731 730 0.0 0.0 ellipse
732 731 0.0 0.0 ellipse
733 732 0.0 0.0 ellipse
734 733 0.0 0.0 ellipse
735 734 0.0 0.0 ellipse
736 735 0.0 0.0 ellipse
737 736 0.0 0.0 ellipse
738 737 0.0 0.0 ellipse
739 738 0.0 0.0 ellipse
740 739 0.0 0.0 ellipse
741 740 0.0 0.0 ellipse
742 741 0.0 0.0 ellipse
743 742 0.0 0.0 ellipse
744 743 0.0 0.0 ellipse
745 744 0.0 0.0 ellipse
746 745 0.0 0.0 ellipse
747 746 0.0 0.0 ellipse
748 747 0.0 0.0 ellipse
749 748 0.0 0.0 ellipse
750 749 0.0 0.0 ellipse
751 750 0.0 0.0 ellipse
752 751 0.0 0.0 ellipse
753 752 0.0 0.0 ellipse
754 753 0.0 0.0 ellipse
755 754 0.0 0.0 ellipse
756 755 0.0 0.0 ellipse
757 756 0.0 0.0 ellipse
758 757 0.0 0.0 ellipse
759 758 0.0 0.0 ellipse
760 759 0.0 0.0 ellipse
761 760 0.0 0.0 ellipse
762 761 0.0 0.0 ellipse
763 762 0.0 0.0 ellipse
764 763 0.0 0.0 ellipse
765 764 0.0 0.0 ellipse
766 765 0.0 0.0 ellipse
767 766 0.0 0.0 ellipse
768 767 0.0 0.0 ellipse
769 768 0.0 0.0 ellipse
770 769 0.0 0.0 ellipse
771 770 0.0 0.0 ellipse
772 771 0.0 0.0 ellipse
773 772 0.0 0.0 ellipse
774 773 0.0 0.0 ellipse
775 774 0.0 0.0 ellipse
776 775 0.0 0.0 ellipse
777 776 0.0 0.0 ellipse
778 777 0.0 0.0 ellipse
779 778 0.0 0.0 ellipse
780 779 0.0 0.0 ellipse
781 780 0.0 0.0 ellipse
782 781 0.0 0.0 ellipse
783 782 0.0 0.0 ellipse
784 783 0.0 0.0 ellipse
785 784 0.0 0.0 ellipse
786 785 0.0 0.0 ellipse
787 786 0.0 0.0 ellipse
788 787 0.0 0.0 ellipse
789 788 0.0 0.0 ellipse
790 789 0.0 0.0 ellipse
791 790 0.0 0.0 ellipse
792 791 0.0 0.0 ellipse
793 792 0.0 0.0 ellipse
794 793 0.0 0.0 ellipse
795 794 0.0 0.0 ellipse
796 795 0.0 0.0 ellipse
797 796 0.0 0.0 ellipse
798 797 0.0 0.0 ellipse
799 798 0.0 0.0 ellipse
800 799 0.0 0.0 ellipse
801 800 0.0 0.0 ellipse
802 801 0.0 0.0 ellipse
803 802 0.0 0.0 ellipse
804 803 0.0 0.0 ellipse
805 804 0.0 0.0 ellipse
806 805 0.0 0.0 ellipse
807 806 0.0 0.0 ellipse
808 807 0.0 0.0 ellipse
809 808 0.0 0.0 ellipse
810 809 0.0 0.0 ellipse
811 810 0.0 0.0 ellipse
812 811 0.0 0.0 ellipse
813 812 0.0 0.0 ellipse
814 813 0.0 0.0 ellipse
815 814 0.0 0.0 ellipse
816 815 0.0 0.0 ellipse
817 816 0.0 0.0 ellipse
818 817 0.0 0.0 ellipse
819 818 0.0 0.0 ellipse
820 819 0.0 0.0 ellipse
821 820 0.0 0.0 ellipse
822 821 0.0 0.0 ellipse
823 822 0.0 0.0 ellipse
824 823 0.0 0.0 ellipse
825 824 0.0 0.0 ellipse
826 825 0.0 0.0 ellipse
827 826 0.0 0.0 ellipse
828 827 0.0 0.0 ellipse
829 828 0.0 0.0 ellipse
830 829 0.0 0.0 ellipse
831 830 0.0 0.0 ellipse
832 831 0.0 0.0 ellipse
833 832 0.0 0.0 ellipse
834 833 0.0 0.0 ellipse
835 834 0.0 0.0 ellipse
836 835 0.0 0.0 ellipse
837 836 0.0 0.0 ellipse
838 837 0.0 0.0 ellipse
839 838 0.0 0.0 ellipse
840 839 0.0 0.0 ellipse
841 840 0.0 0.0 ellipse
842 841 0.0 0.0 ellipse
843 842 0.0 0.0 ellipse
844 843 0.0 0.0 ellipse
845 844 0.0 0.0 ellipse
846 845 0.0 0.0 ellipse
847 846 0.0 0.0 ellipse
848 847 0.0 0.0 ellipse
849 848 0.0 0.0 ellipse
850 849 0.0 0.0 ellipse
851 850 0.0 0.0 ellipse
852 851 0.0 0.0 ellipse
853 852 0.0 0.0 ellipse
854 853 0.0 0.0 ellipse
855 854 0.0 0.0 ellipse
856 855 0.0 0.0 ellipse
857 856 0.0 0.0 ellipse
858 857 0.0 0.0 ellipse
859 858 0.0 0.0 ellipse
860 859 0.0 0.0 ellipse
861 860 0.0 0.0 ellipse
862 861 0.0 0.0 ellipse
863 862 0.0 0.0 ellipse
864 863 0.0 0.0 ellipse
865 864 0.0 0.0 ellipse
866 865 0.0 0.0 ellipse
867 866 0.0 0.0 ellipse
868 867 0.0 0.0 ellipse
869 868 0.0 0.0 ellipse
870 869 0.0 0.0 ellipse
871 870 0.0 0.0 ellipse
872 871 0.0 0.0 ellipse
873 872 0.0 0.0 ellipse
874 873 0.0 0.0 ellipse
875 874 0.0 0.0 ellipse
876 875 0.0 0.0 ellipse
877 876 0.0 0.0 ellipse
878 877 0.0 0.0 ellipse
879 878 0.0 0.0 ellipse
880 879 0.0 0.0 ellipse
881 880 0.0 0.0 ellipse
882 881 0.0 0.0 ellipse
883 882 0.0 0.0 ellipse
884 883 0.0 0.0 ellipse
885 884 0.0 0.0 ellipse
886 885 0.0 0.0 ellipse
887 886 0.0 0.0 ellipse
888 887 0.0 0.0 ellipse
889 888 0.0 0.0 ellipse
890 889 0.0 0.0 ellipse
891 890 0.0 0.0 ellipse
892 891 0.0 0.0 ellipse
893 892 0.0 0.0 ellipse
894 893 0.0 0.0 ellipse
895 894 0.0 0.0 ellipse
896 895 0.0 0.0 ellipse
897 896 0.0 0.0 ellipse
898 897 0.0 0.0 ellipse
899 898 0.0 0.0 ellipse
900 899 0.0 0.0 ellipse
901 900 0.0 0.0 ellipse
902 901 0.0 0.0 ellipse
903 902 0.0 0.0 ellipse
904 903 0.0 0.0 ellipse
905 904 0.0 0.0 ellipse
906 905 0.0 0.0 ellipse
907 906 0.0 0.0 ellipse
908 907 0.0 0.0 ellipse
909 908 0.0 0.0 ellipse
910 909 0.0 0.0 ellipse
911 910 0.0 0.0 ellipse
912 911 0.0 0.0 ellipse
913 912 0.0 0.0 ellipse
914 913 0.0 0.0 ellipse
915 914 0.0 0.0 ellipse
916 915 0.0 0.0 ellipse
917 916 0.0 0.0 ellipse
918 917 0.0 0.0 ellipse
919 918 0.0 0.0 ellipse
920 919 0.0 0.0 ellipse
921 920 0.0 0.0 ellipse
922 921 0.0 0.0 ellipse
923 922 0.0 0.0 ellipse
924 923 0.0 0.0 ellipse
925 924 0.0 0.0 ellipse
926 925 0.0 0.0 ellipse
927 926 0.0 0.0 ellipse
928 927 0.0 0.0 ellipse
929 928 0.0 0.0 ellipse
930 929 0.0 0.0 ellipse
931 930 0.0 0.0 ellipse
932 931 0.0 0.0 ellipse
933 932 0.0 0.0 ellipse
934 933 0.0 0.0 ellipse
935 934 0.0 0.0 ellipse
936 935 0.0 0.0 ellipse
937 936 0.0 0.0 ellipse
938 937 0.0 0.0 ellipse
939 938 0.0 0.0 ellipse
940 939 0.0 0.0 ellipse
941 940 0.0 0.0 ellipse
942 941 0.0 0.0 ellipse
943 942 0.0 0.0 ellipse
944 943 0.0 0.0 ellipse
945 944 0.0 0.0 ellipse
946 945 0.0 0.0 ellipse
947 946 0.0 0.0 ellipse
948 947 0.0 0.0 ellipse
949 948 0.0 0.0 ellipse
950 949 0.0 0.0 ellipse
951 950 0.0 0.0 ellipse
952 951 0.0 0.0 ellipse
953 952 0.0 0.0 ellipse
954 953 0.0 0.0 ellipse
955 954 0.0 0.0 ellipse
956 955 0.0 0.0 ellipse
957 956 0.0 0.0 ellipse
958 957 0.0 0.0 ellipse
959 958 0.0 0.0 ellipse
960 959 0.0 0.0 ellipse
961 960 0.0 0.0 ellipse
962 961 0.0 0.0 ellipse
963 962 0.0 0.0 ellipse
964 963 0.0 0.0 ellipse
965 964 0.0 0.0 ellipse
966 965 0.0 0.0 ellipse
967 966 0.0 0.0 ellipse
968 967 0.0 0.0 ellipse
969 968 0.0 0.0 ellipse
970 969 0.0 0.0 ellipse
971 970 0.0 0.0 ellipse
972 971 0.0 0.0 ellipse
973 972 0.0 0.0 ellipse
974 973 0.0 0.0 ellipse
975 974 0.0 0.0 ellipse
976 975 0.0 0.0 ellipse
977 976 0.0 0.0 ellipse
978 977 0.0 0.0 ellipse
979 978 0.0 0.0 ellipse
980 979 0.0 0.0 ellipse
981 980 0.0 0.0 ellipse
982 981 0.0 0.0 ellipse
983 982 0.0 0.0 ellipse
984 983 0.0 0.0 ellipse
985 984 0.0 0.0 ellipse
986 985 0.0 0.0 ellipse
987 986 0.0 0.0 ellipse
988 987 0.0 0.0 ellipse
989 988 0.0 0.0 ellipse
990 989 0.0 0.0 ellipse
991 990 0.0 0.0 ellipse
992 991 0.0 0.0 ellipse
993 992 0.0 0.0 ellipse
994 993 0.0 0.0 ellipse
995 994 0.0 0.0 ellipse
996 995 0.0 0.0 ellipse
997 996 0.0 0.0 ellipse
998 997 0.0 0.0 ellipse
999 998 0.0 0.0 ellipse
1000 999 0.0 0.0 ellipse
*edges
1 169 1.0
2 378 1.0
2 172 1.0
2 341 1.0
3 929 1.0
3 388 1.0
3 999 1.0
3 840 1.0
3 315 1.0
3 46 1.0
4 75 1.0
5 458 1.0
6 983 1.0
7 826 1.0
7 172 1.0
8 155 1.0
9 973 1.0
10 315 1.0
10 677 1.0
11 357 1.0
12 280 1.0
12 773 1.0
12 663 1.0
12 75 1.0
12 408 1.0
12 720 1.0
12 825 1.0
12 212 1.0
12 983 1.0
12 344 1.0
12 605 1.0
12 929 1.0
12 700 1.0
12 677 1.0
12 999 1.0
12 626 1.0
12 105 1.0
12 750 1.0
12 240 1.0
12 169 1.0
12 565 1.0
12 310 1.0
12 504 1.0
12 24 1.0
12 636 1.0
12 189 1.0
12 191 1.0
13 929 1.0
14 338 1.0
14 987 1.0
14 480 1.0
14 576 1.0
14 816 1.0
15 625 1.0
16 408 1.0
17 241 1.0
17 129 1.0
17 646 1.0
17 617 1.0
17 458 1.0
17 91 1.0
17 941 1.0
18 719 1.0
19 148 1.0
20 717 1.0
20 351 1.0
21 402 1.0
21 370 1.0
21 75 1.0
21 308 1.0
21 24 1.0
22 451 1.0
23 49 1.0
23 578 1.0
23 84 1.0
23 169 1.0
23 810 1.0
23 639 1.0
23 608 1.0
24 901 1.0
24 904 1.0
24 394 1.0
24 195 1.0
24 408 1.0
24 537 1.0
24 26 1.0
24 284 1.0
24 929 1.0
24 803 1.0
24 548 1.0
24 294 1.0
24 296 1.0
24 172 1.0
24 948 1.0
24 566 1.0
24 138 1.0
24 96 1.0
24 702 1.0
24 707 1.0
24 199 1.0
24 200 1.0
24 73 1.0
24 202 1.0
24 971 1.0
24 205 1.0
24 78 1.0
24 594 1.0
24 723 1.0
24 341 1.0
24 854 1.0
24 983 1.0
24 474 1.0
24 480 1.0
24 956 1.0
24 743 1.0
24 491 1.0
24 648 1.0
24 112 1.0
24 882 1.0
24 504 1.0
24 981 1.0
24 382 1.0
25 851 1.0
25 157 1.0
26 579 1.0
26 324 1.0
26 197 1.0
26 199 1.0
26 619 1.0
26 952 1.0
26 717 1.0
26 654 1.0
26 612 1.0
26 693 1.0
26 341 1.0
26 900 1.0
26 971 1.0
26 768 1.0
27 172 1.0
27 325 1.0
28 684 1.0
29 400 1.0
30 164 1.0
30 196 1.0
31 271 1.0
32 865 1.0
32 341 1.0
32 717 1.0
32 862 1.0
32 616 1.0
33 70 1.0
33 200 1.0
34 717 1.0
35 573 1.0
35 717 1.0
36 623 1.0
37 46 1.0
37 119 1.0
38 754 1.0
38 267 1.0
39 923 1.0
39 591 1.0
40 754 1.0
41 451 1.0
41 85 1.0
42 409 1.0
42 172 1.0
43 812 1.0
43 740 1.0
44 324 1.0
44 92 1.0
44 676 1.0
44 408 1.0
45 414 1.0
46 130 1.0
46 684 1.0
46 901 1.0
46 262 1.0
46 904 1.0
46 137 1.0
46 140 1.0
46 654 1.0
46 143 1.0
46 533 1.0
46 792 1.0
46 922 1.0
46 667 1.0
46 413 1.0
46 931 1.0
46 548 1.0
46 677 1.0
46 172 1.0
46 429 1.0
46 51 1.0
46 309 1.0
46 824 1.0
46 827 1.0
46 956 1.0
46 587 1.0
46 869 1.0
46 325 1.0
46 70 1.0
46 73 1.0
46 458 1.0
46 971 1.0
46 848 1.0
46 676 1.0
46 341 1.0
46 344 1.0
46 221 1.0
46 480 1.0
46 481 1.0
46 101 1.0
46 360 1.0
46 234 1.0
46 748 1.0
46 243 1.0
46 248 1.0
46 123 1.0
47 850 1.0
47 611 1.0
47 172 1.0
47 341 1.0
47 680 1.0
47 693 1.0
47 363 1.0
47 133 1.0
47 959 1.0
48 157 1.0
48 451 1.0
48 371 1.0
48 75 1.0
48 187 1.0
49 360 1.0
49 320 1.0
50 68 1.0
50 324 1.0
52 172 1.0
52 157 1.0
53 717 1.0
53 944 1.0
54 172 1.0
55 929 1.0
56 417 1.0
56 769 1.0
56 924 1.0
57 157 1.0
57 451 1.0
57 717 1.0
58 240 1.0
59 458 1.0
60 116 1.0
60 324 1.0
61 953 1.0
62 172 1.0
62 94 1.0
63 784 1.0
63 755 1.0
63 998 1.0
63 967 1.0
63 616 1.0
63 783 1.0
63 717 1.0
63 408 1.0
63 493 1.0
63 239 1.0
63 102 1.0
64 929 1.0
64 784 1.0
65 156 1.0
65 421 1.0
66 717 1.0
66 904 1.0
67 953 1.0
67 75 1.0
67 70 1.0
67 752 1.0
68 929 1.0
68 963 1.0
68 932 1.0
68 320 1.0
69 827 1.0
69 172 1.0
70 172 1.0
70 645 1.0
70 199 1.0
70 73 1.0
70 458 1.0
70 75 1.0
70 79 1.0
70 977 1.0
70 723 1.0
70 468 1.0
70 90 1.0
70 325 1.0
70 603 1.0
70 157 1.0
70 605 1.0
70 998 1.0
70 263 1.0
70 615 1.0
70 541 1.0
70 812 1.0
70 112 1.0
70 440 1.0
70 160 1.0
71 506 1.0
71 340 1.0
71 133 1.0
71 765 1.0
72 566 1.0
73 300 1.0
73 775 1.0
73 904 1.0
73 458 1.0
73 172 1.0
73 752 1.0
73 753 1.0
73 307 1.0
73 341 1.0
73 150 1.0
73 408 1.0
73 826 1.0
73 240 1.0
73 320 1.0
74 172 1.0
74 904 1.0
74 750 1.0
74 111 1.0
74 574 1.0
75 385 1.0
75 130 1.0
75 387 1.0
75 517 1.0
75 262 1.0
75 904 1.0
75 651 1.0
75 771 1.0
75 271 1.0
75 912 1.0
75 855 1.0
75 537 1.0
75 483 1.0
75 99 1.0
75 496 1.0
75 665 1.0
75 538 1.0
75 641 1.0
75 816 1.0
75 539 1.0
75 929 1.0
75 735 1.0
75 676 1.0
75 293 1.0
75 684 1.0
75 946 1.0
75 731 1.0
75 172 1.0
75 813 1.0
75 688 1.0
75 561 1.0
75 818 1.0
75 574 1.0
75 343 1.0
75 951 1.0
75 696 1.0
75 133 1.0
75 139 1.0
75 832 1.0
75 449 1.0
75 962 1.0
75 708 1.0
75 199 1.0
75 200 1.0
75 713 1.0
75 458 1.0
75 971 1.0
75 176 1.0
75 717 1.0
75 78 1.0
75 463 1.0
75 654 1.0
75 451 1.0
75 82 1.0
75 341 1.0
75 982 1.0
75 87 1.0
75 344 1.0
75 549 1.0
75 603 1.0
75 784 1.0
75 281 1.0
75 96 1.0
75 209 1.0
75 409 1.0
75 999 1.0
75 616 1.0
75 234 1.0
75 360 1.0
75 153 1.0
75 752 1.0
75 158 1.0
75 190 1.0
75 746 1.0
75 85 1.0
75 738 1.0
75 637 1.0
75 511 1.0
76 929 1.0
76 234 1.0
76 955 1.0
77 929 1.0
77 754 1.0
77 616 1.0
77 651 1.0
77 780 1.0
77 654 1.0
78 226 1.0
78 453 1.0
78 711 1.0
78 169 1.0
78 682 1.0
78 172 1.0
78 242 1.0
78 692 1.0
78 341 1.0
78 344 1.0
78 827 1.0
78 862 1.0
80 361 1.0
80 130 1.0
80 739 1.0
81 288 1.0
82 459 1.0
82 504 1.0
83 408 1.0
84 756 1.0
85 865 1.0
85 609 1.0
85 341 1.0
85 408 1.0
85 734 1.0
85 480 1.0
86 578 1.0
87 977 1.0
87 169 1.0
87 848 1.0
87 430 1.0
87 622 1.0
88 771 1.0
88 756 1.0
88 133 1.0
88 472 1.0
88 938 1.0
88 157 1.0
88 893 1.0
88 980 1.0
88 320 1.0
89 971 1.0
91 831 1.0
91 136 1.0
92 978 1.0
93 848 1.0
94 579 1.0
94 804 1.0
94 152 1.0
95 703 1.0
97 172 1.0
97 783 1.0
98 187 1.0
98 526 1.0
98 182 1.0
99 527 1.0
100 693 1.0
101 994 1.0
101 213 1.0
101 341 1.0
102 663 1.0
103 174 1.0
104 579 1.0
106 593 1.0
106 674 1.0
106 972 1.0
106 529 1.0
106 424 1.0
107 657 1.0
108 458 1.0
108 149 1.0
108 717 1.0
109 684 1.0
110 520 1.0
111 451 1.0
112 929 1.0
112 388 1.0
112 853 1.0
112 752 1.0
112 534 1.0
112 927 1.0
112 838 1.0
113 178 1.0
114 667 1.0
115 929 1.0
115 172 1.0
117 619 1.0
118 929 1.0
118 754 1.0
119 848 1.0
120 150 1.0
120 752 1.0
121 379 1.0
121 717 1.0
122 929 1.0
122 469 1.0
123 904 1.0
124 984 1.0
125 284 1.0
126 754 1.0
126 765 1.0
127 633 1.0
127 451 1.0
128 659 1.0
128 341 1.0
129 983 1.0
130 771 1.0
130 388 1.0
130 133 1.0
130 756 1.0
130 650 1.0
130 459 1.0
130 846 1.0
130 558 1.0
130 338 1.0
130 955 1.0
130 341 1.0
130 150 1.0
130 408 1.0
130 848 1.0
130 861 1.0
130 990 1.0
130 614 1.0
130 686 1.0
130 932 1.0
130 678 1.0
130 999 1.0
130 552 1.0
130 172 1.0
130 684 1.0
130 429 1.0
130 816 1.0
130 754 1.0
130 318 1.0
130 823 1.0
130 506 1.0
130 251 1.0
130 971 1.0
131 341 1.0
132 172 1.0
133 194 1.0
133 451 1.0
133 172 1.0
133 325 1.0
133 845 1.0
133 333 1.0
133 771 1.0
133 151 1.0
133 408 1.0
133 538 1.0
133 187 1.0
133 677 1.0
133 199 1.0
133 360 1.0
133 169 1.0
133 573 1.0
133 904 1.0
133 877 1.0
133 688 1.0
133 434 1.0
133 756 1.0
133 507 1.0
133 765 1.0
133 523 1.0
134 504 1.0
135 929 1.0
136 550 1.0
137 633 1.0
137 956 1.0
138 937 1.0
138 172 1.0
138 408 1.0
141 344 1.0
141 408 1.0
142 971 1.0
144 778 1.0
144 172 1.0
144 1000 1.0
144 200 1.0
144 456 1.0
145 482 1.0
146 757 1.0
146 655 1.0
147 717 1.0
147 510 1.0
150 193 1.0
150 172 1.0
150 408 1.0
150 711 1.0
150 458 1.0
150 971 1.0
150 728 1.0
150 654 1.0
150 848 1.0
150 449 1.0
150 982 1.0
150 664 1.0
150 730 1.0
150 987 1.0
150 157 1.0
150 865 1.0
150 994 1.0
150 892 1.0
150 616 1.0
150 873 1.0
150 684 1.0
150 303 1.0
150 240 1.0
150 169 1.0
150 307 1.0
150 505 1.0
150 341 1.0
150 828 1.0
151 841 1.0
151 778 1.0
152 616 1.0
153 649 1.0
153 408 1.0
153 752 1.0
154 832 1.0
155 282 1.0
155 364 1.0
155 408 1.0
155 684 1.0
156 180 1.0
156 565 1.0
156 460 1.0
157 193 1.0
157 993 1.0
157 261 1.0
157 269 1.0
157 717 1.0
157 848 1.0
157 228 1.0
157 474 1.0
157 284 1.0
157 605 1.0
157 736 1.0
157 929 1.0
157 548 1.0
157 613 1.0
157 616 1.0
157 873 1.0
157 684 1.0
157 174 1.0
157 757 1.0
157 508 1.0
157 982 1.0
158 240 1.0
159 855 1.0
160 616 1.0
160 684 1.0
160 510 1.0
161 989 1.0
162 778 1.0
162 956 1.0
162 837 1.0
162 338 1.0
163 431 1.0
163 543 1.0
165 172 1.0
165 992 1.0
166 617 1.0
167 320 1.0
168 830 1.0
168 654 1.0
169 451 1.0
169 388 1.0
169 904 1.0
169 331 1.0
169 717 1.0
169 911 1.0
169 782 1.0
169 852 1.0
169 341 1.0
169 344 1.0
169 473 1.0
169 666 1.0
169 987 1.0
169 912 1.0
169 480 1.0
169 929 1.0
169 172 1.0
169 741 1.0
169 679 1.0
169 1000 1.0
169 197 1.0
169 200 1.0
169 240 1.0
169 693 1.0
169 374 1.0
169 763 1.0
169 893 1.0
169 664 1.0
170 970 1.0
170 987 1.0
170 644 1.0
170 458 1.0
171 885 1.0
172 772 1.0
172 773 1.0
172 524 1.0
172 269 1.0
172 784 1.0
172 717 1.0
172 278 1.0
172 535 1.0
172 280 1.0
172 793 1.0
172 538 1.0
172 797 1.0
172 288 1.0
172 433 1.0
172 804 1.0
172 550 1.0
172 295 1.0
172 808 1.0
172 557 1.0
172 817 1.0
172 563 1.0
172 565 1.0
172 906 1.0
172 569 1.0
172 827 1.0
172 318 1.0
172 822 1.0
172 580 1.0
172 583 1.0
172 333 1.0
172 335 1.0
172 848 1.0
172 337 1.0
172 850 1.0
172 339 1.0
172 996 1.0
172 341 1.0
172 342 1.0
172 344 1.0
172 858 1.0
172 859 1.0
172 656 1.0
172 605 1.0
172 864 1.0
172 865 1.0
172 354 1.0
172 357 1.0
172 360 1.0
172 873 1.0
172 619 1.0
172 879 1.0
172 625 1.0
172 882 1.0
172 372 1.0
172 886 1.0
172 633 1.0
172 320 1.0
172 893 1.0
172 383 1.0
172 702 1.0
172 392 1.0
172 905 1.0
172 651 1.0
172 397 1.0
172 654 1.0
172 917 1.0
172 408 1.0
172 409 1.0
172 410 1.0
172 240 1.0
172 670 1.0
172 416 1.0
172 673 1.0
172 711 1.0
172 754 1.0
172 285 1.0
172 429 1.0
172 944 1.0
172 945 1.0
172 693 1.0
172 694 1.0
172 183 1.0
172 441 1.0
172 187 1.0
172 672 1.0
172 958 1.0
172 950 1.0
172 193 1.0
172 929 1.0
172 195 1.0
172 199 1.0
172 200 1.0
172 458 1.0
172 971 1.0
172 664 1.0
172 975 1.0
172 451 1.0
172 210 1.0
172 775 1.0
172 548 1.0
172 472 1.0
172 987 1.0
172 361 1.0
172 480 1.0
172 465 1.0
172 228 1.0
172 997 1.0
172 637 1.0
172 492 1.0
172 723 1.0
172 496 1.0
172 753 1.0
172 498 1.0
172 499 1.0
172 756 1.0
172 426 1.0
172 973 1.0
172 509 1.0
172 938 1.0
173 904 1.0
173 360 1.0
174 361 1.0
174 352 1.0
175 341 1.0
177 971 1.0
179 955 1.0
179 979 1.0
179 807 1.0
180 550 1.0
181 729 1.0
181 498 1.0
181 359 1.0
182 798 1.0
183 698 1.0
183 848 1.0
184 665 1.0
184 726 1.0
185 778 1.0
185 243 1.0
185 724 1.0
186 341 1.0
187 259 1.0
187 936 1.0
187 458 1.0
187 971 1.0
187 232 1.0
187 654 1.0
187 627 1.0
187 565 1.0
187 398 1.0
187 773 1.0
187 917 1.0
187 272 1.0
187 829 1.0
187 987 1.0
187 508 1.0
188 668 1.0
189 526 1.0
190 756 1.0
190 459 1.0
191 451 1.0
191 263 1.0
191 761 1.0
191 971 1.0
191 990 1.0
192 451 1.0
193 757 1.0
193 606 1.0
194 621 1.0
194 290 1.0
195 322 1.0
195 518 1.0
196 235 1.0
197 758 1.0
197 282 1.0
197 987 1.0
197 267 1.0
198 929 1.0
199 451 1.0
199 677 1.0
199 341 1.0
199 684 1.0
199 429 1.0
199 771 1.0
199 689 1.0
199 247 1.0
199 955 1.0
199 364 1.0
200 360 1.0
200 746 1.0
200 748 1.0
200 429 1.0
200 953 1.0
200 408 1.0
200 240 1.0
200 648 1.0
201 341 1.0
201 279 1.0
202 929 1.0
203 481 1.0
203 848 1.0
204 273 1.0
204 989 1.0
204 247 1.0
206 971 1.0
207 987 1.0
207 408 1.0
208 408 1.0
209 458 1.0
209 573 1.0
210 338 1.0
210 596 1.0
211 320 1.0
213 929 1.0
214 434 1.0
214 836 1.0
215 274 1.0
216 717 1.0
216 451 1.0
216 341 1.0
217 301 1.0
218 366 1.0
218 408 1.0
219 240 1.0
220 344 1.0
221 480 1.0
221 590 1.0
222 543 1.0
223 892 1.0
224 320 1.0
225 604 1.0
225 341 1.0
227 602 1.0
227 408 1.0
228 403 1.0
228 551 1.0
228 320 1.0
229 902 1.0
230 929 1.0
230 684 1.0
231 408 1.0
232 744 1.0
233 778 1.0
233 723 1.0
233 725 1.0
234 451 1.0
234 691 1.0
234 745 1.0
234 522 1.0
234 588 1.0
234 323 1.0
234 509 1.0
234 939 1.0
235 754 1.0
236 649 1.0
236 826 1.0
236 341 1.0
236 344 1.0
237 867 1.0
238 540 1.0
238 245 1.0
238 440 1.0
239 651 1.0
240 578 1.0
240 264 1.0
240 717 1.0
240 890 1.0
240 341 1.0
240 727 1.0
240 408 1.0
240 538 1.0
240 315 1.0
240 543 1.0
240 806 1.0
240 616 1.0
240 687 1.0
240 751 1.0
240 955 1.0
240 320 1.0
240 377 1.0
240 443 1.0
240 508 1.0
240 317 1.0
240 832 1.0
241 356 1.0
241 904 1.0
241 896 1.0
243 905 1.0
243 745 1.0
243 855 1.0
243 408 1.0
243 270 1.0
244 983 1.0
246 408 1.0
247 777 1.0
247 332 1.0
247 451 1.0
248 572 1.0
249 905 1.0
249 746 1.0
250 717 1.0
250 349 1.0
250 408 1.0
251 451 1.0
251 548 1.0
251 583 1.0
251 439 1.0
251 776 1.0
251 848 1.0
252 934 1.0
252 408 1.0
253 677 1.0
254 929 1.0
254 616 1.0
254 820 1.0
254 288 1.0
255 418 1.0
255 276 1.0
255 341 1.0
255 850 1.0
255 505 1.0
255 459 1.0
255 651 1.0
256 454 1.0
256 360 1.0
257 897 1.0
258 364 1.0
259 570 1.0
259 770 1.0
260 717 1.0
261 993 1.0
261 361 1.0
262 677 1.0
263 771 1.0
263 341 1.0
263 670 1.0
264 654 1.0
265 752 1.0
266 345 1.0
266 987 1.0
266 661 1.0
268 714 1.0
269 929 1.0
269 848 1.0
269 408 1.0
271 754 1.0
271 483 1.0
271 519 1.0
271 570 1.0
274 341 1.0
275 684 1.0
275 326 1.0
276 458 1.0
276 904 1.0
277 771 1.0
280 881 1.0
280 338 1.0
280 567 1.0
281 762 1.0
282 388 1.0
282 918 1.0
282 987 1.0
282 510 1.0
283 614 1.0
284 929 1.0
284 738 1.0
284 451 1.0
284 436 1.0
284 538 1.0
284 999 1.0
284 459 1.0
285 929 1.0
286 455 1.0
287 892 1.0
287 717 1.0
287 616 1.0
288 581 1.0
288 550 1.0
288 711 1.0
288 634 1.0
288 717 1.0
288 654 1.0
288 306 1.0
288 341 1.0
288 408 1.0
288 442 1.0
288 987 1.0
288 614 1.0
289 574 1.0
290 341 1.0
290 338 1.0
290 458 1.0
291 465 1.0
291 848 1.0
292 929 1.0
293 827 1.0
293 512 1.0
295 458 1.0
297 913 1.0
298 337 1.0
298 708 1.0
298 406 1.0
298 887 1.0
298 605 1.0
298 543 1.0
299 677 1.0
300 848 1.0
300 408 1.0
301 717 1.0
302 676 1.0
303 507 1.0
303 711 1.0
304 971 1.0
304 752 1.0
305 929 1.0
305 548 1.0
307 965 1.0
309 408 1.0
310 916 1.0
310 344 1.0
311 850 1.0
311 757 1.0
312 614 1.0
312 904 1.0
313 754 1.0
313 458 1.0
314 451 1.0
314 654 1.0
314 504 1.0
315 929 1.0
315 918 1.0
315 408 1.0
315 336 1.0
315 684 1.0
315 766 1.0
316 498 1.0
316 408 1.0
317 956 1.0
319 451 1.0
320 451 1.0
320 458 1.0
320 971 1.0
320 848 1.0
320 900 1.0
320 341 1.0
320 984 1.0
320 987 1.0
320 991 1.0
320 929 1.0
320 626 1.0
320 575 1.0
321 850 1.0
321 991 1.0
322 915 1.0
323 373 1.0
324 717 1.0
325 594 1.0
325 908 1.0
325 717 1.0
326 426 1.0
326 451 1.0
326 343 1.0
326 344 1.0
327 929 1.0
327 637 1.0
328 510 1.0
329 610 1.0
330 361 1.0
331 848 1.0
332 571 1.0
332 654 1.0
334 739 1.0
335 692 1.0
337 929 1.0
337 451 1.0
337 740 1.0
337 710 1.0
337 811 1.0
337 995 1.0
337 338 1.0
337 468 1.0
337 341 1.0
337 406 1.0
337 824 1.0
337 760 1.0
337 348 1.0
337 884 1.0
338 451 1.0
338 408 1.0
338 684 1.0
338 848 1.0
338 788 1.0
338 469 1.0
338 344 1.0
338 616 1.0
338 341 1.0
338 795 1.0
338 573 1.0
338 958 1.0
340 723 1.0
340 988 1.0
340 776 1.0
341 771 1.0
341 516 1.0
341 775 1.0
341 778 1.0
341 528 1.0
341 529 1.0
341 787 1.0
341 789 1.0
341 559 1.0
341 538 1.0
341 798 1.0
341 807 1.0
341 808 1.0
341 560 1.0
341 570 1.0
341 573 1.0
341 830 1.0
341 833 1.0
341 737 1.0
341 839 1.0
341 848 1.0
341 851 1.0
341 399 1.0
341 344 1.0
341 605 1.0
341 444 1.0
341 616 1.0
341 625 1.0
341 374 1.0
341 637 1.0
341 645 1.0
341 904 1.0
341 536 1.0
341 654 1.0
341 911 1.0
341 658 1.0
341 408 1.0
341 667 1.0
341 929 1.0
341 676 1.0
341 583 1.0
341 440 1.0
341 684 1.0
341 544 1.0
341 706 1.0
341 708 1.0
341 458 1.0
341 717 1.0
341 720 1.0
341 978 1.0
341 711 1.0
341 987 1.0
341 482 1.0
341 999 1.0
341 749 1.0
341 698 1.0
341 752 1.0
341 754 1.0
341 756 1.0
341 761 1.0
342 481 1.0
342 754 1.0
342 929 1.0
342 455 1.0
342 740 1.0
342 868 1.0
342 637 1.0
342 671 1.0
342 353 1.0
343 929 1.0
343 898 1.0
343 675 1.0
343 778 1.0
343 780 1.0
343 971 1.0
344 929 1.0
344 589 1.0
344 399 1.0
344 918 1.0
344 987 1.0
344 797 1.0
344 479 1.0
344 865 1.0
344 818 1.0
344 553 1.0
344 501 1.0
344 889 1.0
344 843 1.0
346 801 1.0
346 784 1.0
347 817 1.0
347 717 1.0
347 587 1.0
347 821 1.0
348 684 1.0
348 614 1.0
348 663 1.0
349 864 1.0
350 458 1.0
351 690 1.0
353 779 1.0
353 574 1.0
354 605 1.0
354 408 1.0
355 717 1.0
355 766 1.0
356 997 1.0
356 727 1.0
357 932 1.0
358 804 1.0
358 725 1.0
358 791 1.0
359 971 1.0
360 561 1.0
360 579 1.0
360 676 1.0
360 647 1.0
360 969 1.0
360 429 1.0
360 848 1.0
360 377 1.0
360 700 1.0
361 595 1.0
361 677 1.0
361 366 1.0
361 904 1.0
361 512 1.0
362 929 1.0
363 971 1.0
363 496 1.0
364 804 1.0
364 870 1.0
364 985 1.0
364 605 1.0
364 971 1.0
364 955 1.0
365 899 1.0
367 575 1.0
368 408 1.0
369 627 1.0
370 569 1.0
371 408 1.0
375 497 1.0
376 971 1.0
376 847 1.0
379 482 1.0
380 849 1.0
380 427 1.0
381 434 1.0
381 616 1.0
384 929 1.0
385 388 1.0
386 809 1.0
388 840 1.0
388 973 1.0
388 499 1.0
389 517 1.0
390 716 1.0
391 458 1.0
391 892 1.0
392 920 1.0
393 481 1.0
393 877 1.0
394 654 1.0
395 929 1.0
395 955 1.0
395 548 1.0
396 848 1.0
397 790 1.0
399 409 1.0
401 830 1.0
402 865 1.0
402 933 1.0
402 408 1.0
402 458 1.0
402 955 1.0
402 766 1.0
402 510 1.0
403 538 1.0
403 717 1.0
404 408 1.0
405 756 1.0
407 684 1.0
407 965 1.0
408 771 1.0
408 556 1.0
408 752 1.0
408 538 1.0
408 797 1.0
408 545 1.0
408 804 1.0
408 684 1.0
408 554 1.0
408 819 1.0
408 564 1.0
408 566 1.0
408 581 1.0
408 591 1.0
408 592 1.0
408 599 1.0
408 784 1.0
408 605 1.0
408 443 1.0
408 848 1.0
408 875 1.0
408 879 1.0
408 916 1.0
408 496 1.0
408 632 1.0
408 633 1.0
408 904 1.0
408 651 1.0
408 909 1.0
408 654 1.0
408 919 1.0
408 668 1.0
408 925 1.0
408 928 1.0
408 929 1.0
408 419 1.0
408 676 1.0
408 677 1.0
408 681 1.0
408 428 1.0
408 695 1.0
408 955 1.0
408 702 1.0
408 451 1.0
408 709 1.0
408 966 1.0
408 458 1.0
408 717 1.0
408 462 1.0
408 978 1.0
408 932 1.0
408 982 1.0
408 987 1.0
408 976 1.0
408 733 1.0
408 737 1.0
408 748 1.0
408 510 1.0
408 511 1.0
409 654 1.0
409 752 1.0
411 677 1.0
412 929 1.0
412 573 1.0
413 578 1.0
415 577 1.0
417 868 1.0
420 451 1.0
420 904 1.0
421 457 1.0
422 461 1.0
423 576 1.0
425 613 1.0
427 497 1.0
427 785 1.0
427 984 1.0
428 625 1.0
428 458 1.0
428 942 1.0
429 804 1.0
429 812 1.0
429 717 1.0
429 981 1.0
429 661 1.0
429 958 1.0
429 640 1.0
431 984 1.0
432 929 1.0
432 469 1.0
434 929 1.0
434 664 1.0
434 955 1.0
434 904 1.0
434 918 1.0
435 451 1.0
435 983 1.0
436 809 1.0
437 451 1.0
438 754 1.0
438 717 1.0
442 768 1.0
442 597 1.0
444 929 1.0
444 658 1.0
444 991 1.0
445 836 1.0
446 469 1.0
447 549 1.0
448 459 1.0
450 562 1.0
451 876 1.0
451 933 1.0
451 458 1.0
451 723 1.0
451 815 1.0
451 697 1.0
451 677 1.0
451 480 1.0
451 929 1.0
451 546 1.0
451 741 1.0
451 488 1.0
451 538 1.0
451 599 1.0
451 702 1.0
452 890 1.0
453 482 1.0
453 778 1.0
453 825 1.0
453 842 1.0
453 459 1.0
453 744 1.0
453 717 1.0
455 929 1.0
455 675 1.0
455 679 1.0
455 616 1.0
455 717 1.0
455 879 1.0
455 990 1.0
457 932 1.0
457 848 1.0
458 513 1.0
458 906 1.0
458 651 1.0
458 654 1.0
458 921 1.0
458 752 1.0
458 929 1.0
458 930 1.0
458 932 1.0
458 550 1.0
458 778 1.0
458 948 1.0
458 821 1.0
458 714 1.0
458 580 1.0
458 975 1.0
458 848 1.0
458 979 1.0
458 989 1.0
458 481 1.0
458 892 1.0
458 615 1.0
458 487 1.0
458 955 1.0
458 625 1.0
458 882 1.0
458 629 1.0
458 504 1.0
458 469 1.0
458 508 1.0
459 625 1.0
459 947 1.0
459 878 1.0
459 618 1.0
460 542 1.0
461 832 1.0
462 848 1.0
464 521 1.0
464 754 1.0
466 958 1.0
467 754 1.0
468 754 1.0
468 771 1.0
468 616 1.0
468 973 1.0
468 976 1.0
469 943 1.0
470 515 1.0
471 677 1.0
474 899 1.0
475 955 1.0
476 605 1.0
477 881 1.0
478 795 1.0
478 964 1.0
478 848 1.0
480 929 1.0
480 550 1.0
480 783 1.0
480 759 1.0
480 987 1.0
480 848 1.0
481 642 1.0
481 488 1.0
481 717 1.0
482 940 1.0
482 525 1.0
484 929 1.0
484 926 1.0
485 738 1.0
485 999 1.0
486 818 1.0
486 987 1.0
488 917 1.0
488 566 1.0
488 864 1.0
489 769 1.0
490 850 1.0
491 929 1.0
492 655 1.0
494 654 1.0
495 987 1.0
495 693 1.0
496 684 1.0
496 950 1.0
496 955 1.0
499 510 1.0
499 640 1.0
500 848 1.0
502 929 1.0
503 630 1.0
504 752 1.0
506 929 1.0
508 797 1.0
510 929 1.0
510 654 1.0
511 993 1.0
512 597 1.0
513 722 1.0
514 961 1.0
516 771 1.0
519 780 1.0
520 608 1.0
521 929 1.0
521 754 1.0
521 641 1.0
521 717 1.0
521 910 1.0
522 602 1.0
524 834 1.0
525 714 1.0
527 849 1.0
528 971 1.0
530 717 1.0
531 761 1.0
532 762 1.0
534 754 1.0
535 545 1.0
535 742 1.0
536 607 1.0
538 804 1.0
538 711 1.0
538 883 1.0
538 975 1.0
538 919 1.0
538 555 1.0
539 929 1.0
542 752 1.0
544 641 1.0
547 865 1.0
548 929 1.0
548 968 1.0
548 669 1.0
548 704 1.0
549 717 1.0
550 717 1.0
550 831 1.0
550 605 1.0
550 990 1.0
550 943 1.0
554 861 1.0
557 987 1.0
557 598 1.0
559 757 1.0
559 832 1.0
561 929 1.0
561 772 1.0
561 637 1.0
563 854 1.0
565 676 1.0
565 717 1.0
565 958 1.0
565 832 1.0
567 929 1.0
568 692 1.0
570 929 1.0
570 891 1.0
570 848 1.0
573 929 1.0
573 717 1.0
573 979 1.0
573 958 1.0
575 848 1.0
575 616 1.0
579 802 1.0
579 808 1.0
581 771 1.0
582 677 1.0
583 647 1.0
584 904 1.0
585 754 1.0
585 800 1.0
586 742 1.0
588 830 1.0
591 892 1.0
594 717 1.0
596 897 1.0
596 901 1.0
597 605 1.0
600 754 1.0
601 786 1.0
602 684 1.0
605 717 1.0
605 858 1.0
605 848 1.0
605 978 1.0
605 991 1.0
606 987 1.0
606 752 1.0
608 611 1.0
610 660 1.0
611 819 1.0
614 732 1.0
614 668 1.0
615 917 1.0
616 705 1.0
616 967 1.0
616 904 1.0
616 975 1.0
616 754 1.0
616 826 1.0
616 704 1.0
618 983 1.0
619 754 1.0
620 856 1.0
623 971 1.0
624 848 1.0
625 754 1.0
625 941 1.0
625 827 1.0
626 928 1.0
628 920 1.0
629 954 1.0
630 947 1.0
631 966 1.0
635 772 1.0
637 664 1.0
637 747 1.0
638 920 1.0
642 663 1.0
643 929 1.0
643 984 1.0
647 929 1.0
651 910 1.0
651 654 1.0
651 848 1.0
651 949 1.0
651 971 1.0
652 977 1.0
653 702 1.0
654 929 1.0
654 684 1.0
654 717 1.0
654 711 1.0
654 786 1.0
654 663 1.0
654 987 1.0
654 752 1.0
654 797 1.0
654 993 1.0
654 743 1.0
654 873 1.0
654 973 1.0
654 756 1.0
655 771 1.0
656 827 1.0
659 771 1.0
659 845 1.0
661 929 1.0
661 987 1.0
662 796 1.0
663 743 1.0
664 929 1.0
664 817 1.0
664 735 1.0
664 848 1.0
666 717 1.0
667 743 1.0
667 747 1.0
667 752 1.0
668 969 1.0
675 715 1.0
676 772 1.0
677 970 1.0
680 929 1.0
683 808 1.0
684 836 1.0
684 983 1.0
684 717 1.0
684 814 1.0
684 737 1.0
684 929 1.0
684 935 1.0
684 923 1.0
684 993 1.0
684 987 1.0
684 820 1.0
684 971 1.0
685 999 1.0
693 867 1.0
693 717 1.0
693 784 1.0
699 916 1.0
701 999 1.0
703 848 1.0
708 754 1.0
710 865 1.0
711 728 1.0
711 912 1.0
711 845 1.0
712 908 1.0
715 746 1.0
716 754 1.0
716 717 1.0
717 904 1.0
717 794 1.0
717 859 1.0
717 929 1.0
717 804 1.0
717 945 1.0
717 960 1.0
717 848 1.0
717 983 1.0
717 874 1.0
717 989 1.0
717 879 1.0
717 754 1.0
717 895 1.0
717 767 1.0
718 754 1.0
718 746 1.0
721 986 1.0
721 987 1.0
723 858 1.0
726 845 1.0
727 821 1.0
728 839 1.0
730 929 1.0
731 964 1.0
732 861 1.0
733 953 1.0
737 756 1.0
737 774 1.0
738 808 1.0
739 907 1.0
740 929 1.0
740 987 1.0
742 848 1.0
743 871 1.0
743 999 1.0
743 984 1.0
743 799 1.0
743 784 1.0
746 987 1.0
747 828 1.0
750 975 1.0
752 801 1.0
752 955 1.0
752 982 1.0
752 968 1.0
754 771 1.0
754 904 1.0
754 985 1.0
754 860 1.0
754 911 1.0
754 929 1.0
754 822 1.0
754 803 1.0
754 816 1.0
754 819 1.0
754 756 1.0
754 955 1.0
756 956 1.0
756 929 1.0
756 844 1.0
756 857 1.0
756 949 1.0
759 938 1.0
759 797 1.0
764 879 1.0
765 851 1.0
765 904 1.0
766 929 1.0
766 967 1.0
766 848 1.0
771 810 1.0
778 929 1.0
778 964 1.0
778 904 1.0
778 918 1.0
780 804 1.0
780 879 1.0
780 848 1.0
781 971 1.0
783 804 1.0
784 859 1.0
791 929 1.0
795 808 1.0
796 960 1.0
797 903 1.0
799 865 1.0
804 929 1.0
805 952 1.0
807 929 1.0
808 929 1.0
808 959 1.0
811 836 1.0
812 830 1.0
816 929 1.0
819 979 1.0
827 833 1.0
827 917 1.0
829 894 1.0
832 958 1.0
835 848 1.0
836 866 1.0
836 981 1.0
844 929 1.0
848 901 1.0
848 929 1.0
848 858 1.0
848 987 1.0
848 872 1.0
848 895 1.0
856 970 1.0
860 892 1.0
861 868 1.0
863 967 1.0
865 968 1.0
866 971 1.0
875 993 1.0
878 1000 1.0
880 975 1.0
880 936 1.0
885 918 1.0
888 990 1.0
889 929 1.0
901 985 1.0
902 971 1.0
904 912 1.0
904 982 1.0
904 955 1.0
904 948 1.0
904 907 1.0
909 993 1.0
914 922 1.0
916 993 1.0
916 955 1.0
918 929 1.0
926 956 1.0
929 968 1.0
929 971 1.0
929 987 1.0
957 974 1.0
971 987 1.0
