*vertices 200
1 0 0.0 0.0 ellipse
2 1 0.0 0.0 ellipse
3 2 0.0 0.0 ellipse
4 3 0.0 0.0 ellipse
5 4 0.0 0.0 ellipse
6 5 0.0 0.0 ellipse
7 6 0.0 0.0 ellipse
8 7 0.0 0.0 ellipse
9 8 0.0 0.0 ellipse
10 9 0.0 0.0 ellipse
11 10 0.0 0.0 ellipse
12 11 0.0 0.0 ellipse
13 12 0.0 0.0 ellipse
14 13 0.0 0.0 ellipse
15 14 0.0 0.0 ellipse
16 15 0.0 0.0 ellipse
17 16 0.0 0.0 ellipse
18 17 0.0 0.0 ellipse
19 18 0.0 0.0 ellipse
20 19 0.0 0.0 ellipse
21 20 0.0 0.0 ellipse
22 21 0.0 0.0 ellipse
23 22 0.0 0.0 ellipse
24 23 0.0 0.0 ellipse
25 24 0.0 0.0 ellipse
26 25 0.0 0.0 ellipse
27 26 0.0 0.0 ellipse
28 27 0.0 0.0 ellipse
29 28 0.0 0.0 ellipse
30 29 0.0 0.0 ellipse
31 30 0.0 0.0 ellipse
32 31 0.0 0.0 ellipse
33 32 0.0 0.0 ellipse
34 33 0.0 0.0 ellipse
35 34 0.0 0.0 ellipse
36 35 0.0 0.0 ellipse
37 36 0.0 0.0 ellipse
38 37 0.0 0.0 ellipse
39 38 0.0 0.0 ellipse
40 39 0.0 0.0 ellipse
41 40 0.0 0.0 ellipse
42 41 0.0 0.0 ellipse
43 42 0.0 0.0 ellipse
44 43 0.0 0.0 ellipse
45 44 0.0 0.0 ellipse
46 45 0.0 0.0 ellipse
47 46 0.0 0.0 ellipse
48 47 0.0 0.0 ellipse
49 48 0.0 0.0 ellipse
50 49 0.0 0.0 ellipse
51 50 0.0 0.0 ellipse
52 51 0.0 0.0 ellipse
53 52 0.0 0.0 ellipse
54 53 0.0 0.0 ellipse
55 54 0.0 0.0 ellipse
56 55 0.0 0.0 ellipse
57 56 0.0 0.0 ellipse
58 57 0.0 0.0 ellipse
59 58 0.0 0.0 ellipse
60 59 0.0 0.0 ellipse
61 60 0.0 0.0 ellipse
62 61 0.0 0.0 ellipse
63 62 0.0 0.0 ellipse
64 63 0.0 0.0 ellipse
65 64 0.0 0.0 ellipse
66 65 0.0 0.0 ellipse
67 66 0.0 0.0 ellipse
68 67 0.0 0.0 ellipse
69 68 0.0 0.0 ellipse
70 69 0.0 0.0 ellipse
71 70 0.0 0.0 ellipse
72 71 0.0 0.0 ellipse
73 72 0.0 0.0 ellipse
74 73 0.0 0.0 ellipse
75 74 0.0 0.0 ellipse
76 75 0.0 0.0 ellipse
77 76 0.0 0.0 ellipse
78 77 0.0 0.0 ellipse
79 78 0.0 0.0 ellipse
80 79 0.0 0.0 ellipse
81 80 0.0 0.0 ellipse
82 81 0.0 0.0 ellipse
83 82 0.0 0.0 ellipse
84 83 0.0 0.0 ellipse
85 84 0.0 0.0 ellipse
86 85 0.0 0.0 ellipse
87 86 0.0 0.0 ellipse
88 87 0.0 0.0 ellipse
89 88 0.0 0.0 ellipse
90 89 0.0 0.0 ellipse
91 90 0.0 0.0 ellipse
92 91 0.0 0.0 ellipse
93 92 0.0 0.0 ellipse
94 93 0.0 0.0 ellipse
95 94 0.0 0.0 ellipse
96 95 0.0 0.0 ellipse
97 96 0.0 0.0 ellipse
98 97 0.0 0.0 ellipse
99 98 0.0 0.0 ellipse
100 99 0.0 0.0 ellipse
101 100 0.0 0.0 ellipse
102 101 0.0 0.0 ellipse
103 102 0.0 0.0 ellipse
104 103 0.0 0.0 ellipse
105 104 0.0 0.0 ellipse
106 105 0.0 0.0 ellipse
107 106 0.0 0.0 ellipse
108 107 0.0 0.0 ellipse
109 108 0.0 0.0 ellipse
110 109 0.0 0.0 ellipse
111 110 0.0 0.0 ellipse
112 111 0.0 0.0 ellipse
113 112 0.0 0.0 ellipse
114 113 0.0 0.0 ellipse
115 114 0.0 0.0 ellipse
116 115 0.0 0.0 ellipse
117 116 0.0 0.0 ellipse
118 117 0.0 0.0 ellipse
119 118 0.0 0.0 ellipse
120 119 0.0 0.0 ellipse
121 120 0.0 0.0 ellipse
122 121 0.0 0.0 ellipse
123 122 0.0 0.0 ellipse
124 123 0.0 0.0 ellipse
125 124 0.0 0.0 ellipse
126 125 0.0 0.0 ellipse
127 126 0.0 0.0 ellipse
128 127 0.0 0.0 ellipse
129 128 0.0 0.0 ellipse
130 129 0.0 0.0 ellipse
131 130 0.0 0.0 ellipse
132 131 0.0 0.0 ellipse
133 132 0.0 0.0 ellipse
134 133 0.0 0.0 ellipse
135 134 0.0 0.0 ellipse
136 135 0.0 0.0 ellipse
137 136 0.0 0.0 ellipse
138 137 0.0 0.0 ellipse
139 138 0.0 0.0 ellipse
140 139 0.0 0.0 ellipse
141 140 0.0 0.0 ellipse
142 141 0.0 0.0 ellipse
143 142 0.0 0.0 ellipse
144 143 0.0 0.0 ellipse
145 144 0.0 0.0 ellipse
146 145 0.0 0.0 ellipse
147 146 0.0 0.0 ellipse
148 147 0.0 0.0 ellipse
149 148 0.0 0.0 ellipse
150 149 0.0 0.0 ellipse
151 150 0.0 0.0 ellipse
152 151 0.0 0.0 ellipse
153 152 0.0 0.0 ellipse
154 153 0.0 0.0 ellipse
155 154 0.0 0.0 ellipse
156 155 0.0 0.0 ellipse
157 156 0.0 0.0 ellipse
158 157 0.0 0.0 ellipse
159 158 0.0 0.0 ellipse
160 159 0.0 0.0 ellipse
161 160 0.0 0.0 ellipse
162 161 0.0 0.0 ellipse
163 162 0.0 0.0 ellipse
164 163 0.0 0.0 ellipse
165 164 0.0 0.0 ellipse
166 165 0.0 0.0 ellipse
167 166 0.0 0.0 ellipse
168 167 0.0 0.0 ellipse
169 168 0.0 0.0 ellipse
170 169 0.0 0.0 ellipse
171 170 0.0 0.0 ellipse
172 171 0.0 0.0 ellipse
173 172 0.0 0.0 ellipse
174 173 0.0 0.0 ellipse
175 174 0.0 0.0 ellipse
176 175 0.0 0.0 ellipse
177 176 0.0 0.0 ellipse
178 177 0.0 0.0 ellipse
179 178 0.0 0.0 ellipse
180 179 0.0 0.0 ellipse
181 180 0.0 0.0 ellipse
182 181 0.0 0.0 ellipse
183 182 0.0 0.0 ellipse
184 183 0.0 0.0 ellipse
185 184 0.0 0.0 ellipse
186 185 0.0 0.0 ellipse
187 186 0.0 0.0 ellipse
188 187 0.0 0.0 ellipse
189 188 0.0 0.0 ellipse
190 189 0.0 0.0 ellipse
191 190 0.0 0.0 ellipse
192 191 0.0 0.0 ellipse
193 192 0.0 0.0 ellipse
194 193 0.0 0.0 ellipse
195 194 0.0 0.0 ellipse
196 195 0.0 0.0 ellipse
197 196 0.0 0.0 ellipse
198 197 0.0 0.0 ellipse
199 198 0.0 0.0 ellipse
200 199 0.0 0.0 ellipse
*edges
1 106 1.0
2 194 1.0
2 4 1.0
2 96 1.0
3 198 1.0
3 127 1.0
4 100 1.0
4 181 1.0
4 22 1.0
4 178 1.0
4 78 1.0
5 166 1.0
5 102 1.0
6 181 1.0
7 50 1.0
8 181 1.0
8 95 1.0
8 143 1.0
8 45 1.0
8 124 1.0
8 61 1.0
8 191 1.0
8 53 1.0
9 71 1.0
10 193 1.0
11 181 1.0
11 198 1.0
12 16 1.0
12 198 1.0
12 62 1.0
13 66 1.0
13 156 1.0
13 103 1.0
14 130 1.0
14 100 1.0
14 181 1.0
14 54 1.0
14 25 1.0
14 91 1.0
14 191 1.0
15 101 1.0
16 147 1.0
16 181 1.0
16 191 1.0
16 152 1.0
17 181 1.0
17 176 1.0
18 113 1.0
18 156 1.0
18 181 1.0
18 70 1.0
18 119 1.0
18 200 1.0
18 149 1.0
18 91 1.0
18 104 1.0
18 63 1.0
18 166 1.0
19 60 1.0
20 147 1.0
20 91 1.0
21 50 1.0
21 176 1.0
22 198 1.0
22 77 1.0
22 50 1.0
22 100 1.0
22 181 1.0
22 182 1.0
22 87 1.0
22 58 1.0
22 123 1.0
22 102 1.0
22 155 1.0
22 38 1.0
23 82 1.0
24 119 1.0
25 181 1.0
26 181 1.0
26 79 1.0
27 38 1.0
27 87 1.0
27 184 1.0
28 124 1.0
28 36 1.0
28 143 1.0
29 77 1.0
29 181 1.0
30 185 1.0
30 166 1.0
31 78 1.0
32 50 1.0
32 176 1.0
33 121 1.0
33 181 1.0
33 78 1.0
33 176 1.0
34 161 1.0
34 124 1.0
34 150 1.0
34 191 1.0
35 88 1.0
36 121 1.0
37 181 1.0
37 143 1.0
38 53 1.0
38 72 1.0
38 191 1.0
38 176 1.0
39 92 1.0
39 181 1.0
40 181 1.0
41 67 1.0
41 100 1.0
41 176 1.0
42 181 1.0
42 166 1.0
43 166 1.0
43 136 1.0
44 159 1.0
45 176 1.0
45 77 1.0
46 80 1.0
47 158 1.0
47 78 1.0
47 128 1.0
48 181 1.0
49 68 1.0
50 100 1.0
50 169 1.0
50 75 1.0
50 109 1.0
50 78 1.0
50 155 1.0
50 55 1.0
50 90 1.0
50 91 1.0
50 124 1.0
50 126 1.0
50 191 1.0
51 181 1.0
51 198 1.0
52 176 1.0
52 140 1.0
52 166 1.0
52 120 1.0
52 76 1.0
52 168 1.0
52 198 1.0
54 80 1.0
55 77 1.0
55 181 1.0
55 79 1.0
55 143 1.0
56 124 1.0
56 181 1.0
56 78 1.0
56 159 1.0
57 181 1.0
59 90 1.0
59 80 1.0
59 168 1.0
61 181 1.0
61 198 1.0
61 106 1.0
61 124 1.0
61 78 1.0
61 166 1.0
63 81 1.0
63 76 1.0
63 98 1.0
63 90 1.0
63 92 1.0
63 142 1.0
63 143 1.0
64 191 1.0
64 192 1.0
65 189 1.0
65 176 1.0
66 124 1.0
67 162 1.0
67 176 1.0
68 82 1.0
68 84 1.0
68 181 1.0
68 166 1.0
68 93 1.0
68 126 1.0
69 80 1.0
70 181 1.0
70 162 1.0
70 188 1.0
70 189 1.0
70 144 1.0
70 191 1.0
70 176 1.0
71 198 1.0
72 181 1.0
72 191 1.0
73 80 1.0
73 83 1.0
73 172 1.0
73 181 1.0
73 176 1.0
74 170 1.0
74 181 1.0
76 100 1.0
76 166 1.0
77 181 1.0
77 169 1.0
77 176 1.0
77 86 1.0
78 121 1.0
78 176 1.0
78 181 1.0
78 149 1.0
78 191 1.0
78 153 1.0
78 154 1.0
78 157 1.0
78 192 1.0
79 181 1.0
79 171 1.0
79 142 1.0
79 190 1.0
80 97 1.0
80 117 1.0
80 139 1.0
80 181 1.0
80 173 1.0
80 176 1.0
83 145 1.0
85 148 1.0
85 151 1.0
85 176 1.0
86 107 1.0
87 181 1.0
88 143 1.0
89 193 1.0
90 181 1.0
90 124 1.0
90 190 1.0
91 100 1.0
91 181 1.0
91 136 1.0
91 125 1.0
93 166 1.0
94 181 1.0
94 191 1.0
95 193 1.0
95 122 1.0
96 138 1.0
96 181 1.0
96 168 1.0
99 128 1.0
100 161 1.0
100 198 1.0
100 143 1.0
100 176 1.0
100 115 1.0
100 181 1.0
100 174 1.0
103 181 1.0
104 198 1.0
104 178 1.0
105 181 1.0
105 133 1.0
105 198 1.0
106 165 1.0
106 119 1.0
106 152 1.0
106 154 1.0
106 181 1.0
106 191 1.0
108 114 1.0
109 139 1.0
109 112 1.0
110 169 1.0
110 179 1.0
110 192 1.0
111 181 1.0
112 181 1.0
115 181 1.0
115 166 1.0
115 151 1.0
116 187 1.0
116 181 1.0
117 181 1.0
118 162 1.0
118 166 1.0
121 191 1.0
122 181 1.0
122 143 1.0
124 145 1.0
124 181 1.0
124 143 1.0
125 191 1.0
127 178 1.0
128 140 1.0
128 181 1.0
129 132 1.0
130 190 1.0
131 181 1.0
132 141 1.0
134 181 1.0
135 146 1.0
135 164 1.0
137 181 1.0
140 198 1.0
142 167 1.0
143 193 1.0
143 145 1.0
143 163 1.0
143 198 1.0
143 200 1.0
143 176 1.0
143 168 1.0
143 181 1.0
143 186 1.0
143 184 1.0
148 198 1.0
148 183 1.0
153 166 1.0
156 181 1.0
160 173 1.0
162 181 1.0
162 182 1.0
162 191 1.0
165 196 1.0
166 174 1.0
166 181 1.0
166 190 1.0
166 176 1.0
166 191 1.0
167 190 1.0
173 176 1.0
173 198 1.0
175 181 1.0
176 198 1.0
176 195 1.0
176 181 1.0
177 193 1.0
178 188 1.0
180 181 1.0
181 198 1.0
181 191 1.0
181 192 1.0
181 193 1.0
181 197 1.0
183 199 1.0
190 191 1.0
191 194 1.0
