*vertices 1000
1 0 0.0 0.0 ellipse
2 1 0.0 0.0 ellipse
3 2 0.0 0.0 ellipse
4 3 0.0 0.0 ellipse
5 4 0.0 0.0 ellipse
6 5 0.0 0.0 ellipse
7 6 0.0 0.0 ellipse
8 7 0.0 0.0 ellipse
9 8 0.0 0.0 ellipse
10 9 0.0 0.0 ellipse
11 10 0.0 0.0 ellipse
12 11 0.0 0.0 ellipse
13 12 0.0 0.0 ellipse
14 13 0.0 0.0 ellipse
15 14 0.0 0.0 ellipse
16 15 0.0 0.0 ellipse
17 16 0.0 0.0 ellipse
18 17 0.0 0.0 ellipse
19 18 0.0 0.0 ellipse
20 19 0.0 0.0 ellipse
21 20 0.0 0.0 ellipse
22 21 0.0 0.0 ellipse
23 22 0.0 0.0 ellipse
24 23 0.0 0.0 ellipse
25 24 0.0 0.0 ellipse
26 25 0.0 0.0 ellipse
27 26 0.0 0.0 ellipse
28 27 0.0 0.0 ellipse
29 28 0.0 0.0 ellipse
30 29 0.0 0.0 ellipse
31 30 0.0 0.0 ellipse
32 31 0.0 0.0 ellipse
33 32 0.0 0.0 ellipse
34 33 0.0 0.0 ellipse
35 34 0.0 0.0 ellipse
36 35 0.0 0.0 ellipse
37 36 0.0 0.0 ellipse
38 37 0.0 0.0 ellipse
39 38 0.0 0.0 ellipse
40 39 0.0 0.0 ellipse
41 40 0.0 0.0 ellipse
42 41 0.0 0.0 ellipse
43 42 0.0 0.0 ellipse
44 43 0.0 0.0 ellipse
45 44 0.0 0.0 ellipse
46 45 0.0 0.0 ellipse
47 46 0.0 0.0 ellipse
48 47 0.0 0.0 ellipse
49 48 0.0 0.0 ellipse
50 49 0.0 0.0 ellipse
51 50 0.0 0.0 ellipse
52 51 0.0 0.0 ellipse
53 52 0.0 0.0 ellipse
54 53 0.0 0.0 ellipse
55 54 0.0 0.0 ellipse
56 55 0.0 0.0 ellipse
57 56 0.0 0.0 ellipse
58 57 0.0 0.0 ellipse
59 58 0.0 0.0 ellipse
60 59 0.0 0.0 ellipse
61 60 0.0 0.0 ellipse
62 61 0.0 0.0 ellipse
63 62 0.0 0.0 ellipse
64 63 0.0 0.0 ellipse
65 64 0.0 0.0 ellipse
66 65 0.0 0.0 ellipse
67 66 0.0 0.0 ellipse
68 67 0.0 0.0 ellipse
69 68 0.0 0.0 ellipse
70 69 0.0 0.0 ellipse
71 70 0.0 0.0 ellipse
72 71 0.0 0.0 ellipse
73 72 0.0 0.0 ellipse
74 73 0.0 0.0 ellipse
75 74 0.0 0.0 ellipse
76 75 0.0 0.0 ellipse
77 76 0.0 0.0 ellipse
78 77 0.0 0.0 ellipse
79 78 0.0 0.0 ellipse
80 79 0.0 0.0 ellipse
81 80 0.0 0.0 ellipse
82 81 0.0 0.0 ellipse
83 82 0.0 0.0 ellipse
84 83 0.0 0.0 ellipse
85 84 0.0 0.0 ellipse
86 85 0.0 0.0 ellipse
87 86 0.0 0.0 ellipse
88 87 0.0 0.0 ellipse
89 88 0.0 0.0 ellipse
90 89 0.0 0.0 ellipse
91 90 0.0 0.0 ellipse
92 91 0.0 0.0 ellipse
93 92 0.0 0.0 ellipse
94 93 0.0 0.0 ellipse
95 94 0.0 0.0 ellipse
96 95 0.0 0.0 ellipse
97 96 0.0 0.0 ellipse
98 97 0.0 0.0 ellipse
99 98 0.0 0.0 ellipse
100 99 0.0 0.0 ellipse
101 100 0.0 0.0 ellipse
102 101 0.0 0.0 ellipse
103 102 0.0 0.0 ellipse
104 103 0.0 0.0 ellipse
105 104 0.0 0.0 ellipse
106 105 0.0 0.0 ellipse
107 106 0.0 0.0 ellipse
108 107 0.0 0.0 ellipse
109 108 0.0 0.0 ellipse
110 109 0.0 0.0 ellipse
111 110 0.0 0.0 ellipse
112 111 0.0 0.0 ellipse
113 112 0.0 0.0 ellipse
114 113 0.0 0.0 ellipse
115 114 0.0 0.0 ellipse
116 115 0.0 0.0 ellipse
117 116 0.0 0.0 ellipse
118 117 0.0 0.0 ellipse
119 118 0.0 0.0 ellipse
120 119 0.0 0.0 ellipse
121 120 0.0 0.0 ellipse
122 121 0.0 0.0 ellipse
123 122 0.0 0.0 ellipse
124 123 0.0 0.0 ellipse
125 124 0.0 0.0 ellipse
126 125 0.0 0.0 ellipse
127 126 0.0 0.0 ellipse
128 127 0.0 0.0 ellipse
129 128 0.0 0.0 ellipse
130 129 0.0 0.0 ellipse
131 130 0.0 0.0 ellipse
132 131 0.0 0.0 ellipse
133 132 0.0 0.0 ellipse
134 133 0.0 0.0 ellipse
135 134 0.0 0.0 ellipse
136 135 0.0 0.0 ellipse
137 136 0.0 0.0 ellipse
138 137 0.0 0.0 ellipse
139 138 0.0 0.0 ellipse
140 139 0.0 0.0 ellipse
141 140 0.0 0.0 ellipse
142 141 0.0 0.0 ellipse
143 142 0.0 0.0 ellipse
144 143 0.0 0.0 ellipse
145 144 0.0 0.0 ellipse
146 145 0.0 0.0 ellipse
147 146 0.0 0.0 ellipse
148 147 0.0 0.0 ellipse
149 148 0.0 0.0 ellipse
150 149 0.0 0.0 ellipse
151 150 0.0 0.0 ellipse
152 151 0.0 0.0 ellipse
153 152 0.0 0.0 ellipse
154 153 0.0 0.0 ellipse
155 154 0.0 0.0 ellipse
156 155 0.0 0.0 ellipse
157 156 0.0 0.0 ellipse
158 157 0.0 0.0 ellipse
159 158 0.0 0.0 ellipse
160 159 0.0 0.0 ellipse
161 160 0.0 0.0 ellipse
162 161 0.0 0.0 ellipse
163 162 0.0 0.0 ellipse
164 163 0.0 0.0 ellipse
165 164 0.0 0.0 ellipse
166 165 0.0 0.0 ellipse
167 166 0.0 0.0 ellipse
168 167 0.0 0.0 ellipse
169 168 0.0 0.0 ellipse
170 169 0.0 0.0 ellipse
171 170 0.0 0.0 ellipse
172 171 0.0 0.0 ellipse
173 172 0.0 0.0 ellipse
174 173 0.0 0.0 ellipse
175 174 0.0 0.0 ellipse
176 175 0.0 0.0 ellipse
177 176 0.0 0.0 ellipse
178 177 0.0 0.0 ellipse
179 178 0.0 0.0 ellipse
180 179 0.0 0.0 ellipse
181 180 0.0 0.0 ellipse
182 181 0.0 0.0 ellipse
183 182 0.0 0.0 ellipse
184 183 0.0 0.0 ellipse
185 184 0.0 0.0 ellipse
186 185 0.0 0.0 ellipse
187 186 0.0 0.0 ellipse
188 187 0.0 0.0 ellipse
189 188 0.0 0.0 ellipse
190 189 0.0 0.0 ellipse
191 190 0.0 0.0 ellipse
192 191 0.0 0.0 ellipse
193 192 0.0 0.0 ellipse
194 193 0.0 0.0 ellipse
195 194 0.0 0.0 ellipse
196 195 0.0 0.0 ellipse
197 196 0.0 0.0 ellipse
198 197 0.0 0.0 ellipse
199 198 0.0 0.0 ellipse
200 199 0.0 0.0 ellipse
201 200 0.0 0.0 ellipse
202 201 0.0 0.0 ellipse
203 202 0.0 0.0 ellipse
204 203 0.0 0.0 ellipse
205 204 0.0 0.0 ellipse
206 205 0.0 0.0 ellipse
207 206 0.0 0.0 ellipse
208 207 0.0 0.0 ellipse
209 208 0.0 0.0 ellipse
210 209 0.0 0.0 ellipse
211 210 0.0 0.0 ellipse
212 211 0.0 0.0 ellipse
213 212 0.0 0.0 ellipse
214 213 0.0 0.0 ellipse
215 214 0.0 0.0 ellipse
216 215 0.0 0.0 ellipse
217 216 0.0 0.0 ellipse
218 217 0.0 0.0 ellipse
219 218 0.0 0.0 ellipse
220 219 0.0 0.0 ellipse
221 220 0.0 0.0 ellipse
222 221 0.0 0.0 ellipse
223 222 0.0 0.0 ellipse
224 223 0.0 0.0 ellipse
225 224 0.0 0.0 ellipse
226 225 0.0 0.0 ellipse
227 226 0.0 0.0 ellipse
228 227 0.0 0.0 ellipse
229 228 0.0 0.0 ellipse
230 229 0.0 0.0 ellipse
231 230 0.0 0.0 ellipse
232 231 0.0 0.0 ellipse
233 232 0.0 0.0 ellipse
234 233 0.0 0.0 ellipse
235 234 0.0 0.0 ellipse
236 235 0.0 0.0 ellipse
237 236 0.0 0.0 ellipse
238 237 0.0 0.0 ellipse
239 238 0.0 0.0 ellipse
240 239 0.0 0.0 ellipse
241 240 0.0 0.0 ellipse
242 241 0.0 0.0 ellipse
243 242 0.0 0.0 ellipse
244 243 0.0 0.0 ellipse
245 244 0.0 0.0 ellipse
246 245 0.0 0.0 ellipse
247 246 0.0 0.0 ellipse
248 247 0.0 0.0 ellipse
249 248 0.0 0.0 ellipse
250 249 0.0 0.0 ellipse
251 250 0.0 0.0 ellipse
252 251 0.0 0.0 ellipse
253 252 0.0 0.0 ellipse
254 253 0.0 0.0 ellipse
255 254 0.0 0.0 ellipse
256 255 0.0 0.0 ellipse
257 256 0.0 0.0 ellipse
258 257 0.0 0.0 ellipse
259 258 0.0 0.0 ellipse
260 259 0.0 0.0 ellipse
261 260 0.0 0.0 ellipse
262 261 0.0 0.0 ellipse
263 262 0.0 0.0 ellipse
264 263 0.0 0.0 ellipse
265 264 0.0 0.0 ellipse
266 265 0.0 0.0 ellipse
267 266 0.0 0.0 ellipse
268 267 0.0 0.0 ellipse
269 268 0.0 0.0 ellipse
270 269 0.0 0.0 ellipse
271 270 0.0 0.0 ellipse
272 271 0.0 0.0 ellipse
273 272 0.0 0.0 ellipse
274 273 0.0 0.0 ellipse
275 274 0.0 0.0 ellipse
276 275 0.0 0.0 ellipse
277 276 0.0 0.0 ellipse
278 277 0.0 0.0 ellipse
279 278 0.0 0.0 ellipse
280 279 0.0 0.0 ellipse
281 280 0.0 0.0 ellipse
282 281 0.0 0.0 ellipse
283 282 0.0 0.0 ellipse
284 283 0.0 0.0 ellipse
285 284 0.0 0.0 ellipse
286 285 0.0 0.0 ellipse
287 286 0.0 0.0 ellipse
288 287 0.0 0.0 ellipse
289 288 0.0 0.0 ellipse
290 289 0.0 0.0 ellipse
291 290 0.0 0.0 ellipse
292 291 0.0 0.0 ellipse
293 292 0.0 0.0 ellipse
294 293 0.0 0.0 ellipse
295 294 0.0 0.0 ellipse
296 295 0.0 0.0 ellipse
297 296 0.0 0.0 ellipse
298 297 0.0 0.0 ellipse
299 298 0.0 0.0 ellipse
300 299 0.0 0.0 ellipse
301 300 0.0 0.0 ellipse
302 301 0.0 0.0 ellipse
303 302 0.0 0.0 ellipse
304 303 0.0 0.0 ellipse
305 304 0.0 0.0 ellipse
306 305 0.0 0.0 ellipse
307 306 0.0 0.0 ellipse
308 307 0.0 0.0 ellipse
309 308 0.0 0.0 ellipse
310 309 0.0 0.0 ellipse
311 310 0.0 0.0 ellipse
312 311 0.0 0.0 ellipse
313 312 0.0 0.0 ellipse
314 313 0.0 0.0 ellipse
315 314 0.0 0.0 ellipse
316 315 0.0 0.0 ellipse
317 316 0.0 0.0 ellipse
318 317 0.0 0.0 ellipse
319 318 0.0 0.0 ellipse
320 319 0.0 0.0 ellipse
321 320 0.0 0.0 ellipse
322 321 0.0 0.0 ellipse
323 322 0.0 0.0 ellipse
324 323 0.0 0.0 ellipse
325 324 0.0 0.0 ellipse
326 325 0.0 0.0 ellipse
327 326 0.0 0.0 ellipse
328 327 0.0 0.0 ellipse
329 328 0.0 0.0 ellipse
330 329 0.0 0.0 ellipse
331 330 0.0 0.0 ellipse
332 331 0.0 0.0 ellipse
333 332 0.0 0.0 ellipse
334 333 0.0 0.0 ellipse
335 334 0.0 0.0 ellipse
336 335 0.0 0.0 ellipse
337 336 0.0 0.0 ellipse
338 337 0.0 0.0 ellipse
339 338 0.0 0.0 ellipse
340 339 0.0 0.0 ellipse
341 340 0.0 0.0 ellipse
342 341 0.0 0.0 ellipse
343 342 0.0 0.0 ellipse
344 343 0.0 0.0 ellipse
345 344 0.0 0.0 ellipse
346 345 0.0 0.0 ellipse
347 346 0.0 0.0 ellipse
348 347 0.0 0.0 ellipse
349 348 0.0 0.0 ellipse
350 349 0.0 0.0 ellipse
351 350 0.0 0.0 ellipse
352 351 0.0 0.0 ellipse
353 352 0.0 0.0 ellipse
354 353 0.0 0.0 ellipse
355 354 0.0 0.0 ellipse
356 355 0.0 0.0 ellipse
357 356 0.0 0.0 ellipse
358 357 0.0 0.0 ellipse
359 358 0.0 0.0 ellipse
360 359 0.0 0.0 ellipse
361 360 0.0 0.0 ellipse
362 361 0.0 0.0 ellipse
363 362 0.0 0.0 ellipse
364 363 0.0 0.0 ellipse
365 364 0.0 0.0 ellipse
366 365 0.0 0.0 ellipse
367 366 0.0 0.0 ellipse
368 367 0.0 0.0 ellipse
369 368 0.0 0.0 ellipse
370 369 0.0 0.0 ellipse
371 370 0.0 0.0 ellipse
372 371 0.0 0.0 ellipse
373 372 0.0 0.0 ellipse
374 373 0.0 0.0 ellipse
375 374 0.0 0.0 ellipse
376 375 0.0 0.0 ellipse
377 376 0.0 0.0 ellipse
378 377 0.0 0.0 ellipse
379 378 0.0 0.0 ellipse
380 379 0.0 0.0 ellipse
381 380 0.0 0.0 ellipse
382 381 0.0 0.0 ellipse
383 382 0.0 0.0 ellipse
384 383 0.0 0.0 ellipse
385 384 0.0 0.0 ellipse
386 385 0.0 0.0 ellipse
387 386 0.0 0.0 ellipse
388 387 0.0 0.0 ellipse
389 388 0.0 0.0 ellipse
390 389 0.0 0.0 ellipse
391 390 0.0 0.0 ellipse
392 391 0.0 0.0 ellipse
393 392 0.0 0.0 ellipse
394 393 0.0 0.0 ellipse
395 394 0.0 0.0 ellipse
396 395 0.0 0.0 ellipse
397 396 0.0 0.0 ellipse
398 397 0.0 0.0 ellipse
399 398 0.0 0.0 ellipse
400 399 0.0 0.0 ellipse
401 400 0.0 0.0 ellipse
402 401 0.0 0.0 ellipse
403 402 0.0 0.0 ellipse
404 403 0.0 0.0 ellipse
405 404 0.0 0.0 ellipse
406 405 0.0 0.0 ellipse
407 406 0.0 0.0 ellipse
408 407 0.0 0.0 ellipse
409 408 0.0 0.0 ellipse
410 409 0.0 0.0 ellipse
411 410 0.0 0.0 ellipse
412 411 0.0 0.0 ellipse
413 412 0.0 0.0 ellipse
414 413 0.0 0.0 ellipse
415 414 0.0 0.0 ellipse
416 415 0.0 0.0 ellipse
417 416 0.0 0.0 ellipse
418 417 0.0 0.0 ellipse
419 418 0.0 0.0 ellipse
420 419 0.0 0.0 ellipse
421 420 0.0 0.0 ellipse
422 421 0.0 0.0 ellipse
423 422 0.0 0.0 ellipse
424 423 0.0 0.0 ellipse
425 424 0.0 0.0 ellipse
426 425 0.0 0.0 ellipse
427 426 0.0 0.0 ellipse
428 427 0.0 0.0 ellipse
429 428 0.0 0.0 ellipse
430 429 0.0 0.0 ellipse
431 430 0.0 0.0 ellipse
432 431 0.0 0.0 ellipse
433 432 0.0 0.0 ellipse
434 433 0.0 0.0 ellipse
435 434 0.0 0.0 ellipse
436 435 0.0 0.0 ellipse
437 436 0.0 0.0 ellipse
438 437 0.0 0.0 ellipse
439 438 0.0 0.0 ellipse
440 439 0.0 0.0 ellipse
441 440 0.0 0.0 ellipse
442 441 0.0 0.0 ellipse
443 442 0.0 0.0 ellipse
444 443 0.0 0.0 ellipse
445 444 0.0 0.0 ellipse
446 445 0.0 0.0 ellipse
447 446 0.0 0.0 ellipse
448 447 0.0 0.0 ellipse
449 448 0.0 0.0 ellipse
450 449 0.0 0.0 ellipse
451 450 0.0 0.0 ellipse
452 451 0.0 0.0 ellipse
453 452 0.0 0.0 ellipse
454 453 0.0 0.0 ellipse
455 454 0.0 0.0 ellipse
456 455 0.0 0.0 ellipse
457 456 0.0 0.0 ellipse
458 457 0.0 0.0 ellipse
459 458 0.0 0.0 ellipse
460 459 0.0 0.0 ellipse
461 460 0.0 0.0 ellipse
462 461 0.0 0.0 ellipse
463 462 0.0 0.0 ellipse
464 463 0.0 0.0 ellipse
465 464 0.0 0.0 ellipse
466 465 0.0 0.0 ellipse
467 466 0.0 0.0 ellipse
468 467 0.0 0.0 ellipse
469 468 0.0 0.0 ellipse
470 469 0.0 0.0 ellipse
471 470 0.0 0.0 ellipse
472 471 0.0 0.0 ellipse
473 472 0.0 0.0 ellipse
474 473 0.0 0.0 ellipse
475 474 0.0 0.0 ellipse
476 475 0.0 0.0 ellipse
477 476 0.0 0.0 ellipse
478 477 0.0 0.0 ellipse
479 478 0.0 0.0 ellipse
480 479 0.0 0.0 ellipse
481 480 0.0 0.0 ellipse
482 481 0.0 0.0 ellipse
483 482 0.0 0.0 ellipse
484 483 0.0 0.0 ellipse
485 484 0.0 0.0 ellipse
486 485 0.0 0.0 ellipse
487 486 0.0 0.0 ellipse
488 487 0.0 0.0 ellipse
489 488 0.0 0.0 ellipse
490 489 0.0 0.0 ellipse
491 490 0.0 0.0 ellipse
492 491 0.0 0.0 ellipse
493 492 0.0 0.0 ellipse
494 493 0.0 0.0 ellipse
495 494 0.0 0.0 ellipse
496 495 0.0 0.0 ellipse
497 496 0.0 0.0 ellipse
498 497 0.0 0.0 ellipse
499 498 0.0 0.0 ellipse
500 499 0.0 0.0 ellipse
501 500 0.0 0.0 ellipse
502 501 0.0 0.0 ellipse
503 502 0.0 0.0 ellipse
504 503 0.0 0.0 ellipse
505 504 0.0 0.0 ellipse
506 505 0.0 0.0 ellipse
507 506 0.0 0.0 ellipse
508 507 0.0 0.0 ellipse
509 508 0.0 0.0 ellipse
510 509 0.0 0.0 ellipse
511 510 0.0 0.0 ellipse
512 511 0.0 0.0 ellipse
513 512 0.0 0.0 ellipse
514 513 0.0 0.0 ellipse
515 514 0.0 0.0 ellipse
516 515 0.0 0.0 ellipse
517 516 0.0 0.0 ellipse
518 517 0.0 0.0 ellipse
519 518 0.0 0.0 ellipse
520 519 0.0 0.0 ellipse
521 520 0.0 0.0 ellipse
522 521 0.0 0.0 ellipse
523 522 0.0 0.0 ellipse
524 523 0.0 0.0 ellipse
525 524 0.0 0.0 ellipse
526 525 0.0 0.0 ellipse
527 526 0.0 0.0 ellipse
528 527 0.0 0.0 ellipse
529 528 0.0 0.0 ellipse
530 529 0.0 0.0 ellipse
531 530 0.0 0.0 ellipse
532 531 0.0 0.0 ellipse
533 532 0.0 0.0 ellipse
534 533 0.0 0.0 ellipse
535 534 0.0 0.0 ellipse
536 535 0.0 0.0 ellipse
537 536 0.0 0.0 ellipse
538 537 0.0 0.0 ellipse
539 538 0.0 0.0 ellipse
540 539 0.0 0.0 ellipse
541 540 0.0 0.0 ellipse
542 541 0.0 0.0 ellipse
543 542 0.0 0.0 ellipse
544 543 0.0 0.0 ellipse
545 544 0.0 0.0 ellipse
546 545 0.0 0.0 ellipse
547 546 0.0 0.0 ellipse
548 547 0.0 0.0 ellipse
549 548 0.0 0.0 ellipse
550 549 0.0 0.0 ellipse
551 550 0.0 0.0 ellipse
552 551 0.0 0.0 ellipse
553 552 0.0 0.0 ellipse
554 553 0.0 0.0 ellipse
555 554 0.0 0.0 ellipse
556 555 0.0 0.0 ellipse
557 556 0.0 0.0 ellipse
558 557 0.0 0.0 ellipse
559 558 0.0 0.0 ellipse
560 559 0.0 0.0 ellipse
561 560 0.0 0.0 ellipse
562 561 0.0 0.0 ellipse
563 562 0.0 0.0 ellipse
564 563 0.0 0.0 ellipse
565 564 0.0 0.0 ellipse
566 565 0.0 0.0 ellipse
567 566 0.0 0.0 ellipse
568 567 0.0 0.0 ellipse
569 568 0.0 0.0 ellipse
570 569 0.0 0.0 ellipse
571 570 0.0 0.0 ellipse
572 571 0.0 0.0 ellipse
573 572 0.0 0.0 ellipse
574 573 0.0 0.0 ellipse
575 574 0.0 0.0 ellipse
576 575 0.0 0.0 ellipse
577 576 0.0 0.0 ellipse
578 577 0.0 0.0 ellipse
579 578 0.0 0.0 ellipse
580 579 0.0 0.0 ellipse
581 580 0.0 0.0 ellipse
582 581 0.0 0.0 ellipse
583 582 0.0 0.0 ellipse
584 583 0.0 0.0 ellipse
585 584 0.0 0.0 ellipse
586 585 0.0 0.0 ellipse
587 586 0.0 0.0 ellipse
588 587 0.0 0.0 ellipse
589 588 0.0 0.0 ellipse
590 589 0.0 0.0 ellipse
591 590 0.0 0.0 ellipse
592 591 0.0 0.0 ellipse
593 592 0.0 0.0 ellipse
594 593 0.0 0.0 ellipse
595 594 0.0 0.0 ellipse
596 595 0.0 0.0 ellipse
597 596 0.0 0.0 ellipse
598 597 0.0 0.0 ellipse
599 598 0.0 0.0 ellipse
600 599 0.0 0.0 ellipse
601 600 0.0 0.0 ellipse
602 601 0.0 0.0 ellipse
603 602 0.0 0.0 ellipse
604 603 0.0 0.0 ellipse
605 604 0.0 0.0 ellipse
606 605 0.0 0.0 ellipse
607 606 0.0 0.0 ellipse
608 607 0.0 0.0 ellipse
609 608 0.0 0.0 ellipse
610 609 0.0 0.0 ellipse
611 610 0.0 0.0 ellipse
612 611 0.0 0.0 ellipse
613 612 0.0 0.0 ellipse
614 613 0.0 0.0 ellipse
615 614 0.0 0.0 ellipse
616 615 0.0 0.0 ellipse
617 616 0.0 0.0 ellipse
618 617 0.0 0.0 ellipse
619 618 0.0 0.0 ellipse
620 619 0.0 0.0 ellipse
621 620 0.0 0.0 ellipse
622 621 0.0 0.0 ellipse
623 622 0.0 0.0 ellipse
624 623 0.0 0.0 ellipse
625 624 0.0 0.0 ellipse
626 625 0.0 0.0 ellipse
627 626 0.0 0.0 ellipse
628 627 0.0 0.0 ellipse
629 628 0.0 0.0 ellipse
630 629 0.0 0.0 ellipse
631 630 0.0 0.0 ellipse
632 631 0.0 0.0 ellipse
633 632 0.0 0.0 ellipse
634 633 0.0 0.0 ellipse
635 634 0.0 0.0 ellipse
636 635 0.0 0.0 ellipse
637 636 0.0 0.0 ellipse
638 637 0.0 0.0 ellipse
639 638 0.0 0.0 ellipse
640 639 0.0 0.0 ellipse
641 640 0.0 0.0 ellipse
642 641 0.0 0.0 ellipse
643 642 0.0 0.0 ellipse
644 643 0.0 0.0 ellipse
645 644 0.0 0.0 ellipse
646 645 0.0 0.0 ellipse
647 646 0.0 0.0 ellipse
648 647 0.0 0.0 ellipse
649 648 0.0 0.0 ellipse
650 649 0.0 0.0 ellipse
651 650 0.0 0.0 ellipse
652 651 0.0 0.0 ellipse
653 652 0.0 0.0 ellipse
654 653 0.0 0.0 ellipse
655 654 0.0 0.0 ellipse
656 655 0.0 0.0 ellipse
657 656 0.0 0.0 ellipse
658 657 0.0 0.0 ellipse
659 658 0.0 0.0 ellipse
660 659 0.0 0.0 ellipse
661 660 0.0 0.0 ellipse
662 661 0.0 0.0 ellipse
663 662 0.0 0.0 ellipse
664 663 0.0 0.0 ellipse
665 664 0.0 0.0 ellipse
666 665 0.0 0.0 ellipse
667 666 0.0 0.0 ellipse
668 667 0.0 0.0 ellipse
669 668 0.0 0.0 ellipse
670 669 0.0 0.0 ellipse
671 670 0.0 0.0 ellipse
672 671 0.0 0.0 ellipse
673 672 0.0 0.0 ellipse
674 673 0.0 0.0 ellipse
675 674 0.0 0.0 ellipse
676 675 0.0 0.0 ellipse
677 676 0.0 0.0 ellipse
678 677 0.0 0.0 ellipse
679 678 0.0 0.0 ellipse
680 679 0.0 0.0 ellipse
681 680 0.0 0.0 ellipse
682 681 0.0 0.0 ellipse
683 682 0.0 0.0 ellipse
684 683 0.0 0.0 ellipse
685 684 0.0 0.0 ellipse
686 685 0.0 0.0 ellipse
687 686 0.0 0.0 ellipse
688 687 0.0 0.0 ellipse
689 688 0.0 0.0 ellipse
690 689 0.0 0.0 ellipse
691 690 0.0 0.0 ellipse
692 691 0.0 0.0 ellipse
693 692 0.0 0.0 ellipse
694 693 0.0 0.0 ellipse
695 694 0.0 0.0 ellipse
696 695 0.0 0.0 ellipse
697 696 0.0 0.0 ellipse
698 697 0.0 0.0 ellipse
699 698 0.0 0.0 ellipse
700 699 0.0 0.0 ellipse
701 700 0.0 0.0 ellipse
702 701 0.0 0.0 ellipse
703 702 0.0 0.0 ellipse
704 703 0.0 0.0 ellipse
705 704 0.0 0.0 ellipse
706 705 0.0 0.0 ellipse
707 706 0.0 0.0 ellipse
708 707 0.0 0.0 ellipse
709 708 0.0 0.0 ellipse
710 709 0.0 0.0 ellipse
711 710 0.0 0.0 ellipse
712 711 0.0 0.0 ellipse
713 712 0.0 0.0 ellipse
714 713 0.0 0.0 ellipse
715 714 0.0 0.0 ellipse
716 715 0.0 0.0 ellipse
717 716 0.0 0.0 ellipse
718 717 0.0 0.0 ellipse
719 718 0.0 0.0 ellipse
720 719 0.0 0.0 ellipse
721 720 0.0 0.0 ellipse
722 721 0.0 0.0 ellipse
723 722 0.0 0.0 ellipse
724 723 0.0 0.0 ellipse
725 724 0.0 0.0 ellipse
726 725 0.0 0.0 ellipse
727 726 0.0 0.0 ellipse
728 727 0.0 0.0 ellipse
729 728 0.0 0.0 ellipse
730 729 0.0 0.0 ellipse
731 730 0.0 0.0 ellipse
732 731 0.0 0.0 ellipse
733 732 0.0 0.0 ellipse
734 733 0.0 0.0 ellipse
735 734 0.0 0.0 ellipse
736 735 0.0 0.0 ellipse
737 736 0.0 0.0 ellipse
738 737 0.0 0.0 ellipse
739 738 0.0 0.0 ellipse
740 739 0.0 0.0 ellipse
741 740 0.0 0.0 ellipse
742 741 0.0 0.0 ellipse
743 742 0.0 0.0 ellipse
744 743 0.0 0.0 ellipse
745 744 0.0 0.0 ellipse
746 745 0.0 0.0 ellipse
747 746 0.0 0.0 ellipse
748 747 0.0 0.0 ellipse
749 748 0.0 0.0 ellipse
750 749 0.0 0.0 ellipse
751 750 0.0 0.0 ellipse
752 751 0.0 0.0 ellipse
753 752 0.0 0.0 ellipse
754 753 0.0 0.0 ellipse
755 754 0.0 0.0 ellipse
756 755 0.0 0.0 ellipse
757 756 0.0 0.0 ellipse
758 757 0.0 0.0 ellipse
759 758 0.0 0.0 ellipse
760 759 0.0 0.0 ellipse
761 760 0.0 0.0 ellipse
762 761 0.0 0.0 ellipse
763 762 0.0 0.0 ellipse
764 763 0.0 0.0 ellipse
765 764 0.0 0.0 ellipse
766 765 0.0 0.0 ellipse
767 766 0.0 0.0 ellipse
768 767 0.0 0.0 ellipse
769 768 0.0 0.0 ellipse
770 769 0.0 0.0 ellipse
771 770 0.0 0.0 ellipse
772 771 0.0 0.0 ellipse
773 772 0.0 0.0 ellipse
774 773 0.0 0.0 ellipse
775 774 0.0 0.0 ellipse
776 775 0.0 0.0 ellipse
777 776 0.0 0.0 ellipse
778 777 0.0 0.0 ellipse
779 778 0.0 0.0 ellipse
780 779 0.0 0.0 ellipse
781 780 0.0 0.0 ellipse
782 781 0.0 0.0 ellipse
783 782 0.0 0.0 ellipse
784 783 0.0 0.0 ellipse
785 784 0.0 0.0 ellipse
786 785 0.0 0.0 ellipse
787 786 0.0 0.0 ellipse
788 787 0.0 0.0 ellipse
789 788 0.0 0.0 ellipse
790 789 0.0 0.0 ellipse
791 790 0.0 0.0 ellipse
792 791 0.0 0.0 ellipse
793 792 0.0 0.0 ellipse
794 793 0.0 0.0 ellipse
795 794 0.0 0.0 ellipse
796 795 0.0 0.0 ellipse
797 796 0.0 0.0 ellipse
798 797 0.0 0.0 ellipse
799 798 0.0 0.0 ellipse
800 799 0.0 0.0 ellipse
801 800 0.0 0.0 ellipse
802 801 0.0 0.0 ellipse
803 802 0.0 0.0 ellipse
804 803 0.0 0.0 ellipse
805 804 0.0 0.0 ellipse
806 805 0.0 0.0 ellipse
807 806 0.0 0.0 ellipse
808 807 0.0 0.0 ellipse
809 808 0.0 0.0 ellipse
810 809 0.0 0.0 ellipse
811 810 0.0 0.0 ellipse
812 811 0.0 0.0 ellipse
813 812 0.0 0.0 ellipse
814 813 0.0 0.0 ellipse
815 814 0.0 0.0 ellipse
816 815 0.0 0.0 ellipse
817 816 0.0 0.0 ellipse
818 817 0.0 0.0 ellipse
819 818 0.0 0.0 ellipse
820 819 0.0 0.0 ellipse
821 820 0.0 0.0 ellipse
822 821 0.0 0.0 ellipse
823 822 0.0 0.0 ellipse
824 823 0.0 0.0 ellipse
825 824 0.0 0.0 ellipse
826 825 0.0 0.0 ellipse
827 826 0.0 0.0 ellipse
828 827 0.0 0.0 ellipse
829 828 0.0 0.0 ellipse
830 829 0.0 0.0 ellipse
831 830 0.0 0.0 ellipse
832 831 0.0 0.0 ellipse
833 832 0.0 0.0 ellipse
834 833 0.0 0.0 ellipse
835 834 0.0 0.0 ellipse
836 835 0.0 0.0 ellipse
837 836 0.0 0.0 ellipse
838 837 0.0 0.0 ellipse
839 838 0.0 0.0 ellipse
840 839 0.0 0.0 ellipse
841 840 0.0 0.0 ellipse
842 841 0.0 0.0 ellipse
843 842 0.0 0.0 ellipse
844 843 0.0 0.0 ellipse
845 844 0.0 0.0 ellipse
846 845 0.0 0.0 ellipse
847 846 0.0 0.0 ellipse
848 847 0.0 0.0 ellipse
849 848 0.0 0.0 ellipse
850 849 0.0 0.0 ellipse
851 850 0.0 0.0 ellipse
852 851 0.0 0.0 ellipse
853 852 0.0 0.0 ellipse
854 853 0.0 0.0 ellipse
855 854 0.0 0.0 ellipse
856 855 0.0 0.0 ellipse
857 856 0.0 0.0 ellipse
858 857 0.0 0.0 ellipse
859 858 0.0 0.0 ellipse
860 859 0.0 0.0 ellipse
861 860 0.0 0.0 ellipse
862 861 0.0 0.0 ellipse
863 862 0.0 0.0 ellipse
864 863 0.0 0.0 ellipse
865 864 0.0 0.0 ellipse
866 865 0.0 0.0 ellipse
867 866 0.0 0.0 ellipse
868 867 0.0 0.0 ellipse
869 868 0.0 0.0 ellipse
870 869 0.0 0.0 ellipse
871 870 0.0 0.0 ellipse
872 871 0.0 0.0 ellipse
873 872 0.0 0.0 ellipse
874 873 0.0 0.0 ellipse
875 874 0.0 0.0 ellipse
876 875 0.0 0.0 ellipse
877 876 0.0 0.0 ellipse
878 877 0.0 0.0 ellipse
879 878 0.0 0.0 ellipse
880 879 0.0 0.0 ellipse
881 880 0.0 0.0 ellipse
882 881 0.0 0.0 ellipse
883 882 0.0 0.0 ellipse
884 883 0.0 0.0 ellipse
885 884 0.0 0.0 ellipse
886 885 0.0 0.0 ellipse
887 886 0.0 0.0 ellipse
888 887 0.0 0.0 ellipse
889 888 0.0 0.0 ellipse
890 889 0.0 0.0 ellipse
891 890 0.0 0.0 ellipse
892 891 0.0 0.0 ellipse
893 892 0.0 0.0 ellipse
894 893 0.0 0.0 ellipse
895 894 0.0 0.0 ellipse
896 895 0.0 0.0 ellipse
897 896 0.0 0.0 ellipse
898 897 0.0 0.0 ellipse
899 898 0.0 0.0 ellipse
900 899 0.0 0.0 ellipse
901 900 0.0 0.0 ellipse
902 901 0.0 0.0 ellipse
903 902 0.0 0.0 ellipse
904 903 0.0 0.0 ellipse
905 904 0.0 0.0 ellipse
906 905 0.0 0.0 ellipse
907 906 0.0 0.0 ellipse
908 907 0.0 0.0 ellipse
909 908 0.0 0.0 ellipse
910 909 0.0 0.0 ellipse
911 910 0.0 0.0 ellipse
912 911 0.0 0.0 ellipse
913 912 0.0 0.0 ellipse
914 913 0.0 0.0 ellipse
915 914 0.0 0.0 ellipse
916 915 0.0 0.0 ellipse
917 916 0.0 0.0 ellipse
918 917 0.0 0.0 ellipse
919 918 0.0 0.0 ellipse
920 919 0.0 0.0 ellipse
921 920 0.0 0.0 ellipse
922 921 0.0 0.0 ellipse
923 922 0.0 0.0 ellipse
924 923 0.0 0.0 ellipse
925 924 0.0 0.0 ellipse
926 925 0.0 0.0 ellipse
927 926 0.0 0.0 ellipse
928 927 0.0 0.0 ellipse
929 928 0.0 0.0 ellipse
930 929 0.0 0.0 ellipse
931 930 0.0 0.0 ellipse
932 931 0.0 0.0 ellipse
933 932 0.0 0.0 ellipse
934 933 0.0 0.0 ellipse
935 934 0.0 0.0 ellipse
936 935 0.0 0.0 ellipse
937 936 0.0 0.0 ellipse
938 937 0.0 0.0 ellipse
939 938 0.0 0.0 ellipse
940 939 0.0 0.0 ellipse
941 940 0.0 0.0 ellipse
942 941 0.0 0.0 ellipse
943 942 0.0 0.0 ellipse
944 943 0.0 0.0 ellipse
945 944 0.0 0.0 ellipse
946 945 0.0 0.0 ellipse
947 946 0.0 0.0 ellipse
948 947 0.0 0.0 ellipse
949 948 0.0 0.0 ellipse
950 949 0.0 0.0 ellipse
951 950 0.0 0.0 ellipse
952 951 0.0 0.0 ellipse
953 952 0.0 0.0 ellipse
954 953 0.0 0.0 ellipse
955 954 0.0 0.0 ellipse
956 955 0.0 0.0 ellipse
957 956 0.0 0.0 ellipse
958 957 0.0 0.0 ellipse
959 958 0.0 0.0 ellipse
960 959 0.0 0.0 ellipse
961 960 0.0 0.0 ellipse
962 961 0.0 0.0 ellipse
963 962 0.0 0.0 ellipse
964 963 0.0 0.0 ellipse
965 964 0.0 0.0 ellipse
966 965 0.0 0.0 ellipse
967 966 0.0 0.0 ellipse
968 967 0.0 0.0 ellipse
969 968 0.0 0.0 ellipse
970 969 0.0 0.0 ellipse
971 970 0.0 0.0 ellipse
972 971 0.0 0.0 ellipse
973 972 0.0 0.0 ellipse
974 973 0.0 0.0 ellipse
975 974 0.0 0.0 ellipse
976 975 0.0 0.0 ellipse
977 976 0.0 0.0 ellipse
978 977 0.0 0.0 ellipse
979 978 0.0 0.0 ellipse
980 979 0.0 0.0 ellipse
981 980 0.0 0.0 ellipse
982 981 0.0 0.0 ellipse
983 982 0.0 0.0 ellipse
984 983 0.0 0.0 ellipse
985 984 0.0 0.0 ellipse
986 985 0.0 0.0 ellipse
987 986 0.0 0.0 ellipse
988 987 0.0 0.0 ellipse
989 988 0.0 0.0 ellipse
990 989 0.0 0.0 ellipse
991 990 0.0 0.0 ellipse
992 991 0.0 0.0 ellipse
993 992 0.0 0.0 ellipse
994 993 0.0 0.0 ellipse
995 994 0.0 0.0 ellipse
996 995 0.0 0.0 ellipse
997 996 0.0 0.0 ellipse
998 997 0.0 0.0 ellipse
999 998 0.0 0.0 ellipse
1000 999 0.0 0.0 ellipse
*edges
1 3 1.0
1 6 1.0
1 7 1.0
1 8 1.0
1 9 1.0
1 13 1.0
1 16 1.0
1 17 1.0
1 20 1.0
1 21 1.0
1 23 1.0
1 24 1.0
1 28 1.0
1 29 1.0
1 30 1.0
1 31 1.0
1 32 1.0
1 33 1.0
1 35 1.0
1 36 1.0
1 37 1.0
1 38 1.0
1 42 1.0
1 43 1.0
1 44 1.0
1 45 1.0
1 46 1.0
1 47 1.0
1 50 1.0
1 53 1.0
1 55 1.0
1 59 1.0
1 60 1.0
1 61 1.0
1 62 1.0
1 69 1.0
1 70 1.0
1 77 1.0
1 79 1.0
1 81 1.0
1 85 1.0
1 87 1.0
1 88 1.0
1 92 1.0
1 93 1.0
1 95 1.0
1 96 1.0
1 100 1.0
1 101 1.0
1 103 1.0
1 104 1.0
1 115 1.0
1 119 1.0
1 121 1.0
1 122 1.0
1 123 1.0
1 126 1.0
1 130 1.0
1 131 1.0
1 132 1.0
1 134 1.0
1 135 1.0
1 137 1.0
1 138 1.0
1 141 1.0
1 143 1.0
1 146 1.0
1 150 1.0
1 152 1.0
1 153 1.0
1 154 1.0
1 157 1.0
1 162 1.0
1 163 1.0
1 164 1.0
1 167 1.0
1 172 1.0
1 174 1.0
1 176 1.0
1 177 1.0
1 178 1.0
1 179 1.0
1 180 1.0
1 182 1.0
1 183 1.0
1 185 1.0
1 186 1.0
1 189 1.0
1 191 1.0
1 195 1.0
1 198 1.0
1 199 1.0
1 203 1.0
1 204 1.0
1 205 1.0
1 206 1.0
1 207 1.0
1 210 1.0
1 216 1.0
1 224 1.0
1 227 1.0
1 229 1.0
1 232 1.0
1 233 1.0
1 234 1.0
1 241 1.0
1 242 1.0
1 246 1.0
1 247 1.0
1 250 1.0
1 251 1.0
1 253 1.0
1 255 1.0
1 258 1.0
1 260 1.0
1 266 1.0
1 270 1.0
1 271 1.0
1 273 1.0
1 274 1.0
1 275 1.0
1 280 1.0
1 281 1.0
1 284 1.0
1 285 1.0
1 288 1.0
1 290 1.0
1 291 1.0
1 293 1.0
1 296 1.0
1 299 1.0
1 300 1.0
1 302 1.0
1 304 1.0
1 305 1.0
1 308 1.0
1 311 1.0
1 312 1.0
1 313 1.0
1 314 1.0
1 315 1.0
1 317 1.0
1 322 1.0
1 323 1.0
1 332 1.0
1 333 1.0
1 334 1.0
1 337 1.0
1 338 1.0
1 340 1.0
1 342 1.0
1 343 1.0
1 345 1.0
1 347 1.0
1 348 1.0
1 349 1.0
1 351 1.0
1 353 1.0
1 354 1.0
1 355 1.0
1 356 1.0
1 357 1.0
1 358 1.0
1 375 1.0
1 378 1.0
1 379 1.0
1 381 1.0
1 383 1.0
1 384 1.0
1 386 1.0
1 392 1.0
1 393 1.0
1 394 1.0
1 395 1.0
1 396 1.0
1 397 1.0
1 399 1.0
1 400 1.0
1 404 1.0
1 405 1.0
1 406 1.0
1 407 1.0
1 410 1.0
1 412 1.0
1 413 1.0
1 414 1.0
1 420 1.0
1 421 1.0
1 423 1.0
1 424 1.0
1 428 1.0
1 429 1.0
1 437 1.0
1 440 1.0
1 446 1.0
1 447 1.0
1 452 1.0
1 454 1.0
1 455 1.0
1 456 1.0
1 458 1.0
1 463 1.0
1 464 1.0
1 467 1.0
1 473 1.0
1 476 1.0
1 477 1.0
1 480 1.0
1 485 1.0
1 492 1.0
1 494 1.0
1 496 1.0
1 497 1.0
1 499 1.0
1 500 1.0
1 503 1.0
1 504 1.0
1 506 1.0
1 510 1.0
1 513 1.0
1 515 1.0
1 516 1.0
1 517 1.0
1 524 1.0
1 528 1.0
1 530 1.0
1 534 1.0
1 535 1.0
1 539 1.0
1 540 1.0
1 544 1.0
1 547 1.0
1 551 1.0
1 554 1.0
1 557 1.0
1 561 1.0
1 569 1.0
1 579 1.0
1 580 1.0
1 581 1.0
1 590 1.0
1 591 1.0
1 594 1.0
1 596 1.0
1 602 1.0
1 604 1.0
1 609 1.0
1 610 1.0
1 611 1.0
1 613 1.0
1 614 1.0
1 618 1.0
1 626 1.0
1 627 1.0
1 628 1.0
1 632 1.0
1 639 1.0
1 642 1.0
1 644 1.0
1 652 1.0
1 653 1.0
1 655 1.0
1 658 1.0
1 660 1.0
1 662 1.0
1 663 1.0
1 670 1.0
1 673 1.0
1 683 1.0
1 685 1.0
1 686 1.0
1 687 1.0
1 689 1.0
1 691 1.0
1 695 1.0
1 696 1.0
1 699 1.0
1 706 1.0
1 710 1.0
1 711 1.0
1 717 1.0
1 718 1.0
1 719 1.0
1 721 1.0
1 729 1.0
1 731 1.0
1 738 1.0
1 739 1.0
1 744 1.0
1 753 1.0
1 759 1.0
1 769 1.0
1 772 1.0
1 773 1.0
1 778 1.0
1 779 1.0
1 781 1.0
1 794 1.0
1 798 1.0
1 799 1.0
1 807 1.0
1 808 1.0
1 809 1.0
1 811 1.0
1 812 1.0
1 814 1.0
1 817 1.0
1 819 1.0
1 820 1.0
1 824 1.0
1 826 1.0
1 829 1.0
1 835 1.0
1 839 1.0
1 841 1.0
1 842 1.0
1 845 1.0
1 847 1.0
1 848 1.0
1 851 1.0
1 857 1.0
1 867 1.0
1 868 1.0
1 879 1.0
1 880 1.0
1 882 1.0
1 883 1.0
1 885 1.0
1 886 1.0
1 891 1.0
1 893 1.0
1 894 1.0
1 898 1.0
1 901 1.0
1 905 1.0
1 906 1.0
1 908 1.0
1 909 1.0
1 910 1.0
1 911 1.0
1 915 1.0
1 917 1.0
1 918 1.0
1 919 1.0
1 920 1.0
1 921 1.0
1 927 1.0
1 929 1.0
1 932 1.0
1 937 1.0
1 940 1.0
1 941 1.0
1 943 1.0
1 944 1.0
1 946 1.0
1 947 1.0
1 950 1.0
1 953 1.0
1 960 1.0
1 963 1.0
1 964 1.0
1 967 1.0
1 968 1.0
1 973 1.0
1 975 1.0
1 977 1.0
1 979 1.0
1 983 1.0
1 985 1.0
1 986 1.0
1 987 1.0
1 993 1.0
1 994 1.0
1 996 1.0
1 997 1.0
1 1000 1.0
2 3 1.0
2 4 1.0
2 5 1.0
2 180 1.0
2 394 1.0
2 12 1.0
2 794 1.0
2 16 1.0
2 644 1.0
2 22 1.0
2 152 1.0
2 25 1.0
2 538 1.0
2 177 1.0
2 295 1.0
2 256 1.0
2 308 1.0
2 48 1.0
2 433 1.0
2 562 1.0
2 692 1.0
2 567 1.0
2 697 1.0
2 318 1.0
2 575 1.0
2 712 1.0
2 74 1.0
2 75 1.0
2 972 1.0
2 404 1.0
2 462 1.0
2 792 1.0
2 850 1.0
2 723 1.0
2 213 1.0
2 598 1.0
2 219 1.0
2 223 1.0
2 864 1.0
2 628 1.0
2 741 1.0
2 998 1.0
2 232 1.0
2 126 1.0
2 625 1.0
2 843 1.0
2 244 1.0
2 245 1.0
2 118 1.0
2 190 1.0
2 120 1.0
2 252 1.0
2 382 1.0
2 895 1.0
2 278 1.0
3 3 1.0
3 4 1.0
3 5 1.0
3 839 1.0
3 712 1.0
3 138 1.0
3 139 1.0
3 973 1.0
3 144 1.0
3 466 1.0
3 83 1.0
3 836 1.0
3 341 1.0
3 86 1.0
3 694 1.0
3 408 1.0
3 665 1.0
3 543 1.0
3 230 1.0
3 548 1.0
3 166 1.0
3 231 1.0
3 936 1.0
3 125 1.0
3 941 1.0
3 49 1.0
3 690 1.0
3 116 1.0
3 373 1.0
3 607 1.0
3 640 1.0
3 189 1.0
3 64 1.0
4 97 1.0
4 508 1.0
4 884 1.0
4 13 1.0
4 811 1.0
4 461 1.0
4 899 1.0
4 976 1.0
4 145 1.0
4 243 1.0
4 692 1.0
4 23 1.0
4 536 1.0
4 27 1.0
4 380 1.0
4 573 1.0
4 63 1.0
5 485 1.0
5 647 1.0
5 7 1.0
5 10 1.0
5 269 1.0
5 846 1.0
5 18 1.0
5 339 1.0
5 53 1.0
5 91 1.0
5 252 1.0
5 544 1.0
6 577 1.0
6 6 1.0
6 8 1.0
6 984 1.0
6 340 1.0
6 789 1.0
6 751 1.0
6 24 1.0
6 415 1.0
6 864 1.0
6 932 1.0
6 935 1.0
6 103 1.0
6 235 1.0
6 687 1.0
6 305 1.0
6 178 1.0
6 212 1.0
6 313 1.0
6 572 1.0
6 875 1.0
7 602 1.0
7 802 1.0
7 523 1.0
7 792 1.0
7 14 1.0
7 558 1.0
7 209 1.0
7 532 1.0
7 276 1.0
7 21 1.0
7 150 1.0
7 344 1.0
7 282 1.0
7 733 1.0
7 159 1.0
7 865 1.0
7 98 1.0
7 892 1.0
7 39 1.0
7 722 1.0
7 809 1.0
7 107 1.0
7 748 1.0
7 179 1.0
7 111 1.0
7 368 1.0
7 818 1.0
7 499 1.0
7 20 1.0
7 26 1.0
7 767 1.0
7 824 1.0
7 533 1.0
7 401 1.0
7 765 1.0
7 830 1.0
7 703 1.0
7 470 1.0
8 66 1.0
8 324 1.0
8 69 1.0
8 953 1.0
8 840 1.0
8 9 1.0
8 11 1.0
8 76 1.0
8 483 1.0
8 143 1.0
8 209 1.0
8 82 1.0
8 19 1.0
8 488 1.0
8 661 1.0
8 175 1.0
8 680 1.0
8 27 1.0
8 916 1.0
8 542 1.0
8 70 1.0
8 33 1.0
8 610 1.0
8 99 1.0
8 790 1.0
8 716 1.0
8 224 1.0
8 15 1.0
8 236 1.0
8 238 1.0
8 47 1.0
8 606 1.0
8 241 1.0
8 435 1.0
8 436 1.0
8 838 1.0
8 249 1.0
8 123 1.0
8 60 1.0
8 128 1.0
9 34 1.0
9 291 1.0
9 36 1.0
9 197 1.0
9 422 1.0
9 583 1.0
9 73 1.0
9 49 1.0
9 169 1.0
9 725 1.0
9 727 1.0
9 698 1.0
9 57 1.0
9 577 1.0
9 635 1.0
10 258 1.0
10 196 1.0
10 246 1.0
10 58 1.0
10 219 1.0
10 10 1.0
10 11 1.0
10 77 1.0
10 30 1.0
10 462 1.0
11 265 1.0
11 895 1.0
11 358 1.0
11 233 1.0
11 779 1.0
11 12 1.0
11 15 1.0
11 32 1.0
12 19 1.0
12 325 1.0
12 295 1.0
12 585 1.0
12 645 1.0
12 188 1.0
12 669 1.0
12 793 1.0
13 662 1.0
13 92 1.0
13 62 1.0
13 734 1.0
14 807 1.0
14 615 1.0
14 425 1.0
14 59 1.0
14 45 1.0
14 14 1.0
14 974 1.0
15 676 1.0
15 764 1.0
15 903 1.0
15 711 1.0
15 114 1.0
15 472 1.0
15 272 1.0
15 18 1.0
15 772 1.0
15 245 1.0
15 310 1.0
15 504 1.0
15 636 1.0
15 639 1.0
16 837 1.0
16 326 1.0
16 456 1.0
16 273 1.0
16 279 1.0
16 25 1.0
16 542 1.0
16 928 1.0
16 225 1.0
16 226 1.0
16 675 1.0
16 17 1.0
16 297 1.0
16 362 1.0
16 364 1.0
16 874 1.0
16 624 1.0
16 370 1.0
16 54 1.0
16 426 1.0
16 831 1.0
17 228 1.0
17 813 1.0
17 200 1.0
17 202 1.0
17 75 1.0
17 108 1.0
17 109 1.0
17 846 1.0
17 531 1.0
17 612 1.0
17 149 1.0
17 936 1.0
17 407 1.0
17 26 1.0
17 397 1.0
17 752 1.0
17 396 1.0
18 28 1.0
18 22 1.0
18 44 1.0
18 381 1.0
18 192 1.0
19 71 1.0
19 167 1.0
19 73 1.0
19 144 1.0
19 777 1.0
19 789 1.0
19 743 1.0
19 41 1.0
19 90 1.0
19 447 1.0
20 65 1.0
20 660 1.0
20 175 1.0
20 826 1.0
20 108 1.0
20 270 1.0
20 95 1.0
21 129 1.0
21 676 1.0
21 621 1.0
21 301 1.0
21 432 1.0
21 249 1.0
21 109 1.0
21 409 1.0
21 315 1.0
21 668 1.0
21 190 1.0
22 97 1.0
22 68 1.0
22 773 1.0
22 514 1.0
22 276 1.0
22 778 1.0
22 136 1.0
22 612 1.0
22 856 1.0
22 155 1.0
22 253 1.0
23 65 1.0
23 85 1.0
23 887 1.0
23 39 1.0
23 312 1.0
23 202 1.0
23 673 1.0
23 701 1.0
23 100 1.0
24 200 1.0
24 42 1.0
24 80 1.0
24 812 1.0
24 464 1.0
24 242 1.0
24 948 1.0
24 187 1.0
24 764 1.0
24 29 1.0
24 31 1.0
25 737 1.0
25 229 1.0
25 354 1.0
25 170 1.0
25 656 1.0
25 48 1.0
25 81 1.0
25 146 1.0
25 565 1.0
25 453 1.0
25 91 1.0
25 316 1.0
25 509 1.0
26 162 1.0
26 67 1.0
26 634 1.0
26 424 1.0
26 521 1.0
26 171 1.0
26 803 1.0
26 80 1.0
26 617 1.0
26 563 1.0
26 406 1.0
26 631 1.0
26 442 1.0
26 346 1.0
26 901 1.0
26 851 1.0
26 566 1.0
27 193 1.0
27 51 1.0
27 117 1.0
27 389 1.0
27 875 1.0
27 140 1.0
27 366 1.0
28 387 1.0
28 996 1.0
28 871 1.0
28 40 1.0
28 587 1.0
28 744 1.0
28 760 1.0
28 600 1.0
28 153 1.0
28 667 1.0
28 61 1.0
28 94 1.0
28 64 1.0
29 98 1.0
29 37 1.0
29 775 1.0
29 199 1.0
29 329 1.0
29 173 1.0
29 495 1.0
29 585 1.0
29 244 1.0
29 352 1.0
30 583 1.0
30 234 1.0
30 40 1.0
30 335 1.0
31 164 1.0
31 502 1.0
31 41 1.0
31 475 1.0
31 591 1.0
32 549 1.0
32 74 1.0
32 78 1.0
32 110 1.0
32 657 1.0
32 82 1.0
32 58 1.0
32 581 1.0
32 960 1.0
32 843 1.0
32 512 1.0
33 35 1.0
33 68 1.0
33 262 1.0
33 491 1.0
33 111 1.0
33 52 1.0
33 118 1.0
33 56 1.0
33 506 1.0
33 955 1.0
33 220 1.0
33 125 1.0
33 907 1.0
33 96 1.0
34 34 1.0
34 50 1.0
34 763 1.0
34 78 1.0
34 272 1.0
35 529 1.0
36 89 1.0
36 985 1.0
36 102 1.0
36 490 1.0
36 526 1.0
37 329 1.0
37 982 1.0
37 55 1.0
37 786 1.0
37 217 1.0
37 541 1.0
37 952 1.0
38 344 1.0
38 84 1.0
38 38 1.0
38 263 1.0
38 56 1.0
38 121 1.0
38 487 1.0
38 328 1.0
38 54 1.0
39 978 1.0
39 51 1.0
39 872 1.0
39 57 1.0
39 43 1.0
39 349 1.0
40 196 1.0
40 661 1.0
40 151 1.0
40 72 1.0
40 957 1.0
40 859 1.0
40 365 1.0
41 587 1.0
41 390 1.0
42 83 1.0
42 613 1.0
42 72 1.0
42 169 1.0
43 361 1.0
43 780 1.0
43 434 1.0
43 137 1.0
43 738 1.0
43 478 1.0
43 732 1.0
43 46 1.0
43 318 1.0
44 346 1.0
44 107 1.0
44 701 1.0
44 225 1.0
44 239 1.0
45 127 1.0
46 173 1.0
47 52 1.0
48 556 1.0
48 87 1.0
48 769 1.0
49 597 1.0
49 904 1.0
49 250 1.0
49 659 1.0
50 359 1.0
50 247 1.0
50 89 1.0
50 427 1.0
50 221 1.0
51 145 1.0
51 297 1.0
51 211 1.0
51 105 1.0
51 336 1.0
51 208 1.0
51 223 1.0
51 128 1.0
52 722 1.0
52 214 1.0
53 201 1.0
53 586 1.0
53 303 1.0
53 569 1.0
53 470 1.0
53 554 1.0
53 377 1.0
53 474 1.0
53 603 1.0
53 635 1.0
53 351 1.0
54 161 1.0
54 124 1.0
54 969 1.0
54 106 1.0
54 556 1.0
54 723 1.0
54 664 1.0
54 700 1.0
54 893 1.0
54 286 1.0
54 767 1.0
55 67 1.0
55 214 1.0
55 999 1.0
55 377 1.0
55 510 1.0
55 112 1.0
56 522 1.0
56 412 1.0
57 922 1.0
57 86 1.0
58 141 1.0
58 182 1.0
58 71 1.0
59 130 1.0
59 101 1.0
60 596 1.0
60 301 1.0
61 133 1.0
61 741 1.0
61 411 1.0
61 237 1.0
61 414 1.0
61 192 1.0
62 210 1.0
62 919 1.0
62 184 1.0
62 186 1.0
62 443 1.0
62 204 1.0
62 680 1.0
62 831 1.0
62 830 1.0
63 415 1.0
63 90 1.0
63 76 1.0
63 63 1.0
63 240 1.0
64 66 1.0
64 327 1.0
65 770 1.0
65 469 1.0
65 774 1.0
65 888 1.0
65 925 1.0
65 589 1.0
65 431 1.0
66 114 1.0
66 267 1.0
66 271 1.0
67 116 1.0
67 619 1.0
67 572 1.0
67 781 1.0
68 205 1.0
68 398 1.0
69 161 1.0
69 637 1.0
69 93 1.0
69 568 1.0
69 434 1.0
69 84 1.0
69 88 1.0
69 284 1.0
69 445 1.0
69 158 1.0
69 888 1.0
70 818 1.0
70 99 1.0
70 806 1.0
70 147 1.0
70 938 1.0
70 94 1.0
70 79 1.0
71 140 1.0
71 853 1.0
71 935 1.0
72 758 1.0
72 568 1.0
72 507 1.0
72 911 1.0
73 497 1.0
73 418 1.0
73 757 1.0
73 576 1.0
74 419 1.0
74 699 1.0
74 391 1.0
75 149 1.0
75 757 1.0
75 113 1.0
75 453 1.0
75 303 1.0
76 881 1.0
77 1000 1.0
77 170 1.0
78 498 1.0
78 133 1.0
78 296 1.0
78 267 1.0
79 240 1.0
80 294 1.0
80 715 1.0
80 172 1.0
80 160 1.0
80 302 1.0
80 857 1.0
80 306 1.0
80 345 1.0
80 251 1.0
80 124 1.0
80 934 1.0
80 166 1.0
81 952 1.0
82 529 1.0
82 849 1.0
82 372 1.0
82 156 1.0
82 136 1.0
82 476 1.0
83 917 1.0
83 870 1.0
83 122 1.0
83 104 1.0
83 188 1.0
83 195 1.0
84 370 1.0
84 734 1.0
84 442 1.0
85 522 1.0
85 372 1.0
86 119 1.0
86 320 1.0
87 450 1.0
87 913 1.0
87 594 1.0
87 962 1.0
88 636 1.0
88 120 1.0
89 115 1.0
89 418 1.0
89 168 1.0
89 409 1.0
89 524 1.0
89 382 1.0
90 193 1.0
90 105 1.0
90 380 1.0
90 110 1.0
90 112 1.0
91 897 1.0
91 521 1.0
91 663 1.0
91 761 1.0
91 191 1.0
92 833 1.0
92 165 1.0
92 102 1.0
92 181 1.0
92 630 1.0
92 183 1.0
92 951 1.0
92 983 1.0
92 197 1.0
92 448 1.0
93 601 1.0
93 709 1.0
93 714 1.0
94 385 1.0
94 211 1.0
94 538 1.0
94 361 1.0
94 266 1.0
94 155 1.0
94 579 1.0
94 255 1.0
94 582 1.0
95 163 1.0
95 525 1.0
95 168 1.0
96 706 1.0
96 514 1.0
96 106 1.0
96 555 1.0
96 717 1.0
97 263 1.0
97 376 1.0
97 539 1.0
97 222 1.0
97 430 1.0
98 127 1.0
98 135 1.0
99 813 1.0
99 157 1.0
100 171 1.0
100 269 1.0
101 501 1.0
101 703 1.0
101 620 1.0
101 859 1.0
101 159 1.0
101 902 1.0
102 948 1.0
102 261 1.0
102 502 1.0
102 552 1.0
102 863 1.0
102 420 1.0
102 207 1.0
102 526 1.0
103 321 1.0
103 337 1.0
103 806 1.0
103 334 1.0
103 622 1.0
104 914 1.0
104 148 1.0
104 659 1.0
104 307 1.0
104 160 1.0
105 937 1.0
105 132 1.0
105 215 1.0
105 185 1.0
105 429 1.0
105 835 1.0
106 113 1.0
106 742 1.0
106 165 1.0
106 203 1.0
106 605 1.0
106 363 1.0
107 685 1.0
108 481 1.0
108 363 1.0
108 700 1.0
109 134 1.0
109 215 1.0
109 471 1.0
109 154 1.0
109 747 1.0
110 265 1.0
111 833 1.0
111 460 1.0
111 927 1.0
113 559 1.0
113 359 1.0
114 947 1.0
114 658 1.0
114 590 1.0
114 880 1.0
115 530 1.0
115 771 1.0
115 148 1.0
115 486 1.0
115 651 1.0
115 573 1.0
115 731 1.0
115 894 1.0
116 770 1.0
116 392 1.0
116 750 1.0
116 142 1.0
117 402 1.0
117 483 1.0
117 117 1.0
117 520 1.0
117 696 1.0
117 142 1.0
118 174 1.0
119 708 1.0
120 998 1.0
120 553 1.0
120 441 1.0
120 746 1.0
122 515 1.0
122 198 1.0
122 176 1.0
123 929 1.0
123 339 1.0
123 327 1.0
123 507 1.0
123 872 1.0
124 281 1.0
125 606 1.0
126 131 1.0
126 347 1.0
128 129 1.0
128 425 1.0
129 226 1.0
130 566 1.0
131 564 1.0
131 405 1.0
132 666 1.0
132 298 1.0
132 523 1.0
132 588 1.0
132 430 1.0
134 991 1.0
134 520 1.0
135 147 1.0
135 243 1.0
136 623 1.0
136 495 1.0
136 968 1.0
137 989 1.0
137 139 1.0
137 230 1.0
138 730 1.0
138 212 1.0
138 228 1.0
138 201 1.0
138 552 1.0
138 584 1.0
138 408 1.0
138 959 1.0
139 187 1.0
139 320 1.0
140 796 1.0
140 158 1.0
141 206 1.0
142 909 1.0
142 992 1.0
143 560 1.0
143 740 1.0
143 863 1.0
144 417 1.0
144 560 1.0
145 289 1.0
145 849 1.0
145 248 1.0
146 559 1.0
147 979 1.0
148 194 1.0
148 237 1.0
148 151 1.0
149 860 1.0
151 328 1.0
151 156 1.0
151 254 1.0
151 208 1.0
152 532 1.0
152 341 1.0
152 262 1.0
152 882 1.0
152 688 1.0
152 222 1.0
152 638 1.0
153 956 1.0
153 471 1.0
154 218 1.0
154 702 1.0
155 286 1.0
155 543 1.0
156 956 1.0
156 238 1.0
157 321 1.0
158 836 1.0
158 213 1.0
158 682 1.0
158 264 1.0
158 605 1.0
158 239 1.0
159 259 1.0
159 822 1.0
159 216 1.0
159 333 1.0
160 421 1.0
160 822 1.0
160 679 1.0
160 184 1.0
160 217 1.0
161 181 1.0
161 838 1.0
161 194 1.0
162 356 1.0
162 609 1.0
163 386 1.0
163 467 1.0
163 677 1.0
163 593 1.0
163 558 1.0
163 511 1.0
164 743 1.0
164 899 1.0
164 350 1.0
165 335 1.0
167 218 1.0
168 274 1.0
168 509 1.0
168 264 1.0
169 993 1.0
169 416 1.0
169 678 1.0
169 300 1.0
169 655 1.0
169 608 1.0
170 268 1.0
171 939 1.0
173 473 1.0
173 677 1.0
175 457 1.0
175 889 1.0
175 840 1.0
176 915 1.0
176 845 1.0
176 646 1.0
177 379 1.0
177 257 1.0
178 343 1.0
179 589 1.0
179 221 1.0
179 926 1.0
181 366 1.0
181 800 1.0
182 501 1.0
183 338 1.0
183 385 1.0
184 449 1.0
184 642 1.0
184 311 1.0
184 690 1.0
184 682 1.0
185 604 1.0
185 268 1.0
186 289 1.0
187 433 1.0
187 428 1.0
187 261 1.0
187 518 1.0
187 788 1.0
187 220 1.0
187 980 1.0
188 963 1.0
189 751 1.0
189 279 1.0
190 325 1.0
190 317 1.0
190 298 1.0
191 259 1.0
191 548 1.0
191 331 1.0
191 387 1.0
192 776 1.0
194 647 1.0
194 592 1.0
196 491 1.0
196 236 1.0
197 625 1.0
197 496 1.0
197 484 1.0
198 898 1.0
198 287 1.0
198 474 1.0
199 257 1.0
199 713 1.0
199 369 1.0
200 304 1.0
200 287 1.0
202 578 1.0
202 907 1.0
202 708 1.0
203 498 1.0
203 403 1.0
203 440 1.0
203 984 1.0
203 547 1.0
203 383 1.0
204 599 1.0
204 631 1.0
204 730 1.0
204 378 1.0
205 834 1.0
205 445 1.0
206 283 1.0
206 672 1.0
207 331 1.0
207 867 1.0
208 278 1.0
209 360 1.0
209 752 1.0
211 519 1.0
212 632 1.0
213 795 1.0
214 227 1.0
215 550 1.0
216 353 1.0
216 477 1.0
218 309 1.0
218 282 1.0
219 235 1.0
219 332 1.0
219 774 1.0
220 375 1.0
220 704 1.0
222 679 1.0
222 622 1.0
222 391 1.0
223 309 1.0
223 664 1.0
224 441 1.0
224 451 1.0
224 326 1.0
225 357 1.0
225 550 1.0
225 861 1.0
225 288 1.0
226 884 1.0
227 804 1.0
227 437 1.0
227 665 1.0
227 330 1.0
228 726 1.0
228 231 1.0
228 248 1.0
228 285 1.0
228 790 1.0
229 933 1.0
229 719 1.0
229 546 1.0
230 369 1.0
230 468 1.0
231 260 1.0
232 787 1.0
232 350 1.0
232 999 1.0
233 653 1.0
233 455 1.0
234 900 1.0
234 373 1.0
234 416 1.0
234 720 1.0
234 448 1.0
235 641 1.0
235 292 1.0
235 388 1.0
235 319 1.0
239 912 1.0
241 902 1.0
242 307 1.0
242 277 1.0
242 634 1.0
242 885 1.0
243 939 1.0
243 423 1.0
243 256 1.0
245 787 1.0
245 469 1.0
245 280 1.0
246 275 1.0
246 748 1.0
246 489 1.0
247 724 1.0
247 374 1.0
247 718 1.0
249 310 1.0
250 761 1.0
250 374 1.0
250 678 1.0
251 724 1.0
251 694 1.0
252 487 1.0
254 452 1.0
254 254 1.0
254 294 1.0
255 290 1.0
256 593 1.0
256 518 1.0
256 616 1.0
256 954 1.0
256 966 1.0
257 505 1.0
257 277 1.0
257 439 1.0
258 316 1.0
258 750 1.0
259 762 1.0
261 330 1.0
262 643 1.0
262 944 1.0
262 319 1.0
262 608 1.0
263 393 1.0
264 322 1.0
264 715 1.0
264 342 1.0
266 293 1.0
267 419 1.0
268 466 1.0
268 360 1.0
269 540 1.0
270 815 1.0
271 283 1.0
271 365 1.0
271 482 1.0
272 299 1.0
273 465 1.0
273 889 1.0
273 444 1.0
273 783 1.0
274 450 1.0
274 323 1.0
274 820 1.0
274 805 1.0
274 931 1.0
275 306 1.0
275 460 1.0
275 933 1.0
276 975 1.0
277 592 1.0
278 598 1.0
279 411 1.0
279 324 1.0
279 400 1.0
280 739 1.0
280 519 1.0
280 746 1.0
280 508 1.0
281 755 1.0
281 292 1.0
281 697 1.0
281 479 1.0
282 627 1.0
282 725 1.0
282 410 1.0
282 649 1.0
282 799 1.0
282 816 1.0
283 802 1.0
283 371 1.0
283 376 1.0
283 490 1.0
284 436 1.0
286 513 1.0
287 588 1.0
288 571 1.0
290 355 1.0
290 516 1.0
290 531 1.0
291 816 1.0
293 626 1.0
294 454 1.0
294 348 1.0
294 733 1.0
296 914 1.0
296 922 1.0
296 618 1.0
296 384 1.0
297 481 1.0
299 784 1.0
299 747 1.0
299 640 1.0
300 745 1.0
300 494 1.0
303 623 1.0
303 336 1.0
304 965 1.0
305 853 1.0
305 686 1.0
308 371 1.0
308 940 1.0
308 650 1.0
310 417 1.0
310 565 1.0
311 674 1.0
311 595 1.0
311 601 1.0
311 924 1.0
311 777 1.0
312 965 1.0
312 367 1.0
313 707 1.0
313 570 1.0
313 352 1.0
313 688 1.0
313 671 1.0
313 432 1.0
314 314 1.0
314 832 1.0
315 401 1.0
315 651 1.0
315 762 1.0
316 852 1.0
316 398 1.0
317 449 1.0
318 575 1.0
318 562 1.0
320 714 1.0
321 484 1.0
323 780 1.0
323 958 1.0
324 465 1.0
324 848 1.0
324 479 1.0
327 388 1.0
330 595 1.0
331 756 1.0
331 574 1.0
333 890 1.0
333 390 1.0
333 439 1.0
334 578 1.0
334 788 1.0
334 511 1.0
334 992 1.0
335 362 1.0
335 834 1.0
335 480 1.0
337 771 1.0
338 597 1.0
339 545 1.0
339 707 1.0
340 403 1.0
341 877 1.0
342 878 1.0
343 364 1.0
343 716 1.0
345 753 1.0
345 759 1.0
346 630 1.0
347 478 1.0
348 545 1.0
351 785 1.0
352 422 1.0
353 817 1.0
354 629 1.0
354 402 1.0
355 395 1.0
356 413 1.0
356 966 1.0
357 656 1.0
357 367 1.0
357 528 1.0
358 760 1.0
358 446 1.0
358 758 1.0
359 972 1.0
360 930 1.0
360 475 1.0
361 557 1.0
362 451 1.0
363 459 1.0
363 389 1.0
366 995 1.0
366 571 1.0
366 368 1.0
367 493 1.0
367 629 1.0
368 426 1.0
368 740 1.0
370 689 1.0
370 546 1.0
370 574 1.0
372 705 1.0
372 534 1.0
372 586 1.0
373 945 1.0
374 463 1.0
375 710 1.0
375 648 1.0
376 482 1.0
376 949 1.0
376 869 1.0
376 981 1.0
377 493 1.0
378 621 1.0
379 399 1.0
379 512 1.0
380 890 1.0
382 503 1.0
384 942 1.0
385 489 1.0
385 666 1.0
385 957 1.0
387 461 1.0
390 431 1.0
391 931 1.0
392 873 1.0
394 681 1.0
394 458 1.0
394 955 1.0
394 527 1.0
395 667 1.0
398 805 1.0
400 637 1.0
403 505 1.0
403 427 1.0
404 438 1.0
405 457 1.0
406 962 1.0
407 657 1.0
410 435 1.0
410 500 1.0
410 438 1.0
411 459 1.0
412 649 1.0
413 775 1.0
413 472 1.0
413 603 1.0
413 827 1.0
413 654 1.0
414 674 1.0
414 866 1.0
414 825 1.0
414 832 1.0
415 615 1.0
415 926 1.0
416 782 1.0
421 624 1.0
422 783 1.0
424 900 1.0
424 645 1.0
424 870 1.0
424 855 1.0
427 443 1.0
428 874 1.0
429 643 1.0
429 675 1.0
429 617 1.0
433 793 1.0
433 881 1.0
435 796 1.0
435 726 1.0
436 765 1.0
439 599 1.0
440 755 1.0
441 829 1.0
441 444 1.0
444 564 1.0
445 527 1.0
446 492 1.0
448 736 1.0
449 525 1.0
452 961 1.0
452 903 1.0
453 671 1.0
454 576 1.0
456 468 1.0
456 728 1.0
456 633 1.0
456 810 1.0
457 819 1.0
459 695 1.0
460 693 1.0
460 486 1.0
461 567 1.0
463 619 1.0
464 570 1.0
466 561 1.0
468 670 1.0
471 488 1.0
472 971 1.0
476 795 1.0
476 791 1.0
477 856 1.0
477 709 1.0
480 614 1.0
482 842 1.0
483 620 1.0
484 533 1.0
484 986 1.0
486 754 1.0
486 517 1.0
486 551 1.0
486 749 1.0
488 729 1.0
490 987 1.0
495 611 1.0
498 945 1.0
499 958 1.0
500 681 1.0
501 930 1.0
502 652 1.0
505 766 1.0
507 961 1.0
508 638 1.0
508 582 1.0
510 908 1.0
512 691 1.0
514 536 1.0
514 541 1.0
514 535 1.0
515 693 1.0
515 768 1.0
516 563 1.0
518 896 1.0
518 684 1.0
520 537 1.0
520 797 1.0
520 584 1.0
521 766 1.0
522 763 1.0
523 995 1.0
523 862 1.0
525 827 1.0
529 537 1.0
529 841 1.0
530 553 1.0
536 549 1.0
539 555 1.0
541 702 1.0
545 704 1.0
547 785 1.0
547 742 1.0
548 803 1.0
549 814 1.0
549 735 1.0
550 934 1.0
554 648 1.0
555 913 1.0
562 967 1.0
564 668 1.0
564 728 1.0
565 854 1.0
567 669 1.0
568 988 1.0
569 797 1.0
570 607 1.0
571 924 1.0
573 580 1.0
574 650 1.0
578 910 1.0
579 735 1.0
580 727 1.0
581 877 1.0
582 684 1.0
584 871 1.0
590 672 1.0
592 616 1.0
595 646 1.0
597 600 1.0
598 878 1.0
601 720 1.0
605 876 1.0
606 886 1.0
607 705 1.0
607 943 1.0
610 950 1.0
611 633 1.0
611 923 1.0
611 713 1.0
612 837 1.0
612 847 1.0
616 804 1.0
619 879 1.0
621 925 1.0
622 745 1.0
625 980 1.0
626 801 1.0
630 990 1.0
633 721 1.0
633 654 1.0
634 641 1.0
635 749 1.0
635 970 1.0
642 868 1.0
643 906 1.0
643 981 1.0
644 683 1.0
644 978 1.0
645 776 1.0
645 959 1.0
648 891 1.0
650 896 1.0
651 988 1.0
652 855 1.0
653 828 1.0
653 974 1.0
655 869 1.0
656 754 1.0
658 905 1.0
660 938 1.0
660 815 1.0
660 732 1.0
661 873 1.0
661 698 1.0
670 844 1.0
679 737 1.0
679 784 1.0
680 844 1.0
681 823 1.0
697 971 1.0
697 782 1.0
701 786 1.0
702 821 1.0
708 923 1.0
714 858 1.0
714 800 1.0
715 921 1.0
720 920 1.0
727 969 1.0
734 736 1.0
739 768 1.0
740 858 1.0
742 756 1.0
743 791 1.0
754 808 1.0
754 964 1.0
755 801 1.0
756 866 1.0
764 810 1.0
765 862 1.0
768 821 1.0
773 854 1.0
774 861 1.0
774 798 1.0
786 954 1.0
790 825 1.0
792 991 1.0
795 823 1.0
799 982 1.0
800 892 1.0
808 865 1.0
819 942 1.0
823 852 1.0
824 828 1.0
826 850 1.0
831 897 1.0
845 916 1.0
848 860 1.0
867 912 1.0
870 883 1.0
871 876 1.0
884 887 1.0
887 904 1.0
894 949 1.0
901 951 1.0
901 946 1.0
909 928 1.0
910 977 1.0
914 997 1.0
916 918 1.0
918 989 1.0
933 990 1.0
944 994 1.0
949 976 1.0
962 970 1.0
