*vertices 1000
1 0 0.0 0.0 ellipse
2 1 0.0 0.0 ellipse
3 2 0.0 0.0 ellipse
4 3 0.0 0.0 ellipse
5 4 0.0 0.0 ellipse
6 5 0.0 0.0 ellipse
7 6 0.0 0.0 ellipse
8 7 0.0 0.0 ellipse
9 8 0.0 0.0 ellipse
10 9 0.0 0.0 ellipse
11 10 0.0 0.0 ellipse
12 11 0.0 0.0 ellipse
13 12 0.0 0.0 ellipse
14 13 0.0 0.0 ellipse
15 14 0.0 0.0 ellipse
16 15 0.0 0.0 ellipse
17 16 0.0 0.0 ellipse
18 17 0.0 0.0 ellipse
19 18 0.0 0.0 ellipse
20 19 0.0 0.0 ellipse
21 20 0.0 0.0 ellipse
22 21 0.0 0.0 ellipse
23 22 0.0 0.0 ellipse
24 23 0.0 0.0 ellipse
25 24 0.0 0.0 ellipse
26 25 0.0 0.0 ellipse
27 26 0.0 0.0 ellipse
28 27 0.0 0.0 ellipse
29 28 0.0 0.0 ellipse
30 29 0.0 0.0 ellipse
31 30 0.0 0.0 ellipse
32 31 0.0 0.0 ellipse
33 32 0.0 0.0 ellipse
34 33 0.0 0.0 ellipse
35 34 0.0 0.0 ellipse
36 35 0.0 0.0 ellipse
37 36 0.0 0.0 ellipse
38 37 0.0 0.0 ellipse
39 38 0.0 0.0 ellipse
40 39 0.0 0.0 ellipse
41 40 0.0 0.0 ellipse
42 41 0.0 0.0 ellipse
43 42 0.0 0.0 ellipse
44 43 0.0 0.0 ellipse
45 44 0.0 0.0 ellipse
46 45 0.0 0.0 ellipse
47 46 0.0 0.0 ellipse
48 47 0.0 0.0 ellipse
49 48 0.0 0.0 ellipse
50 49 0.0 0.0 ellipse
51 50 0.0 0.0 ellipse
52 51 0.0 0.0 ellipse
53 52 0.0 0.0 ellipse
54 53 0.0 0.0 ellipse
55 54 0.0 0.0 ellipse
56 55 0.0 0.0 ellipse
57 56 0.0 0.0 ellipse
58 57 0.0 0.0 ellipse
59 58 0.0 0.0 ellipse
60 59 0.0 0.0 ellipse
61 60 0.0 0.0 ellipse
62 61 0.0 0.0 ellipse
63 62 0.0 0.0 ellipse
64 63 0.0 0.0 ellipse
65 64 0.0 0.0 ellipse
66 65 0.0 0.0 ellipse
67 66 0.0 0.0 ellipse
68 67 0.0 0.0 ellipse
69 68 0.0 0.0 ellipse
70 69 0.0 0.0 ellipse
71 70 0.0 0.0 ellipse
72 71 0.0 0.0 ellipse
73 72 0.0 0.0 ellipse
74 73 0.0 0.0 ellipse
75 74 0.0 0.0 ellipse
76 75 0.0 0.0 ellipse
77 76 0.0 0.0 ellipse
78 77 0.0 0.0 ellipse
79 78 0.0 0.0 ellipse
80 79 0.0 0.0 ellipse
81 80 0.0 0.0 ellipse
82 81 0.0 0.0 ellipse
83 82 0.0 0.0 ellipse
84 83 0.0 0.0 ellipse
85 84 0.0 0.0 ellipse
86 85 0.0 0.0 ellipse
87 86 0.0 0.0 ellipse
88 87 0.0 0.0 ellipse
89 88 0.0 0.0 ellipse
90 89 0.0 0.0 ellipse
91 90 0.0 0.0 ellipse
92 91 0.0 0.0 ellipse
93 92 0.0 0.0 ellipse
94 93 0.0 0.0 ellipse
95 94 0.0 0.0 ellipse
96 95 0.0 0.0 ellipse
97 96 0.0 0.0 ellipse
98 97 0.0 0.0 ellipse
99 98 0.0 0.0 ellipse
100 99 0.0 0.0 ellipse
101 100 0.0 0.0 ellipse
102 101 0.0 0.0 ellipse
103 102 0.0 0.0 ellipse
104 103 0.0 0.0 ellipse
105 104 0.0 0.0 ellipse
106 105 0.0 0.0 ellipse
107 106 0.0 0.0 ellipse
108 107 0.0 0.0 ellipse
109 108 0.0 0.0 ellipse
110 109 0.0 0.0 ellipse
111 110 0.0 0.0 ellipse
112 111 0.0 0.0 ellipse
113 112 0.0 0.0 ellipse
114 113 0.0 0.0 ellipse
115 114 0.0 0.0 ellipse
116 115 0.0 0.0 ellipse
117 116 0.0 0.0 ellipse
118 117 0.0 0.0 ellipse
119 118 0.0 0.0 ellipse
120 119 0.0 0.0 ellipse
121 120 0.0 0.0 ellipse
122 121 0.0 0.0 ellipse
123 122 0.0 0.0 ellipse
124 123 0.0 0.0 ellipse
125 124 0.0 0.0 ellipse
126 125 0.0 0.0 ellipse
127 126 0.0 0.0 ellipse
128 127 0.0 0.0 ellipse
129 128 0.0 0.0 ellipse
130 129 0.0 0.0 ellipse
131 130 0.0 0.0 ellipse
132 131 0.0 0.0 ellipse
133 132 0.0 0.0 ellipse
134 133 0.0 0.0 ellipse
135 134 0.0 0.0 ellipse
136 135 0.0 0.0 ellipse
137 136 0.0 0.0 ellipse
138 137 0.0 0.0 ellipse
139 138 0.0 0.0 ellipse
140 139 0.0 0.0 ellipse
141 140 0.0 0.0 ellipse
142 141 0.0 0.0 ellipse
143 142 0.0 0.0 ellipse
144 143 0.0 0.0 ellipse
145 144 0.0 0.0 ellipse
146 145 0.0 0.0 ellipse
147 146 0.0 0.0 ellipse
148 147 0.0 0.0 ellipse
149 148 0.0 0.0 ellipse
150 149 0.0 0.0 ellipse
151 150 0.0 0.0 ellipse
152 151 0.0 0.0 ellipse
153 152 0.0 0.0 ellipse
154 153 0.0 0.0 ellipse
155 154 0.0 0.0 ellipse
156 155 0.0 0.0 ellipse
157 156 0.0 0.0 ellipse
158 157 0.0 0.0 ellipse
159 158 0.0 0.0 ellipse
160 159 0.0 0.0 ellipse
161 160 0.0 0.0 ellipse
162 161 0.0 0.0 ellipse
163 162 0.0 0.0 ellipse
164 163 0.0 0.0 ellipse
165 164 0.0 0.0 ellipse
166 165 0.0 0.0 ellipse
167 166 0.0 0.0 ellipse
168 167 0.0 0.0 ellipse
169 168 0.0 0.0 ellipse
170 169 0.0 0.0 ellipse
171 170 0.0 0.0 ellipse
172 171 0.0 0.0 ellipse
173 172 0.0 0.0 ellipse
174 173 0.0 0.0 ellipse
175 174 0.0 0.0 ellipse
176 175 0.0 0.0 ellipse
177 176 0.0 0.0 ellipse
178 177 0.0 0.0 ellipse
179 178 0.0 0.0 ellipse
180 179 0.0 0.0 ellipse
181 180 0.0 0.0 ellipse
182 181 0.0 0.0 ellipse
183 182 0.0 0.0 ellipse
184 183 0.0 0.0 ellipse
185 184 0.0 0.0 ellipse
186 185 0.0 0.0 ellipse
187 186 0.0 0.0 ellipse
188 187 0.0 0.0 ellipse
189 188 0.0 0.0 ellipse
190 189 0.0 0.0 ellipse
191 190 0.0 0.0 ellipse
192 191 0.0 0.0 ellipse
193 192 0.0 0.0 ellipse
194 193 0.0 0.0 ellipse
195 194 0.0 0.0 ellipse
196 195 0.0 0.0 ellipse
197 196 0.0 0.0 ellipse
198 197 0.0 0.0 ellipse
199 198 0.0 0.0 ellipse
200 199 0.0 0.0 ellipse
201 200 0.0 0.0 ellipse
202 201 0.0 0.0 ellipse
203 202 0.0 0.0 ellipse
204 203 0.0 0.0 ellipse
205 204 0.0 0.0 ellipse
206 205 0.0 0.0 ellipse
207 206 0.0 0.0 ellipse
208 207 0.0 0.0 ellipse
209 208 0.0 0.0 ellipse
210 209 0.0 0.0 ellipse
211 210 0.0 0.0 ellipse
212 211 0.0 0.0 ellipse
213 212 0.0 0.0 ellipse
214 213 0.0 0.0 ellipse
215 214 0.0 0.0 ellipse
216 215 0.0 0.0 ellipse
217 216 0.0 0.0 ellipse
218 217 0.0 0.0 ellipse
219 218 0.0 0.0 ellipse
220 219 0.0 0.0 ellipse
221 220 0.0 0.0 ellipse
222 221 0.0 0.0 ellipse
223 222 0.0 0.0 ellipse
224 223 0.0 0.0 ellipse
225 224 0.0 0.0 ellipse
226 225 0.0 0.0 ellipse
227 226 0.0 0.0 ellipse
228 227 0.0 0.0 ellipse
229 228 0.0 0.0 ellipse
230 229 0.0 0.0 ellipse
231 230 0.0 0.0 ellipse
232 231 0.0 0.0 ellipse
233 232 0.0 0.0 ellipse
234 233 0.0 0.0 ellipse
235 234 0.0 0.0 ellipse
236 235 0.0 0.0 ellipse
237 236 0.0 0.0 ellipse
238 237 0.0 0.0 ellipse
239 238 0.0 0.0 ellipse
240 239 0.0 0.0 ellipse
241 240 0.0 0.0 ellipse
242 241 0.0 0.0 ellipse
243 242 0.0 0.0 ellipse
244 243 0.0 0.0 ellipse
245 244 0.0 0.0 ellipse
246 245 0.0 0.0 ellipse
247 246 0.0 0.0 ellipse
248 247 0.0 0.0 ellipse
249 248 0.0 0.0 ellipse
250 249 0.0 0.0 ellipse
251 250 0.0 0.0 ellipse
252 251 0.0 0.0 ellipse
253 252 0.0 0.0 ellipse
254 253 0.0 0.0 ellipse
255 254 0.0 0.0 ellipse
256 255 0.0 0.0 ellipse
257 256 0.0 0.0 ellipse
258 257 0.0 0.0 ellipse
259 258 0.0 0.0 ellipse
260 259 0.0 0.0 ellipse
261 260 0.0 0.0 ellipse
262 261 0.0 0.0 ellipse
263 262 0.0 0.0 ellipse
264 263 0.0 0.0 ellipse
265 264 0.0 0.0 ellipse
266 265 0.0 0.0 ellipse
267 266 0.0 0.0 ellipse
268 267 0.0 0.0 ellipse
269 268 0.0 0.0 ellipse
270 269 0.0 0.0 ellipse
271 270 0.0 0.0 ellipse
272 271 0.0 0.0 ellipse
273 272 0.0 0.0 ellipse
274 273 0.0 0.0 ellipse
275 274 0.0 0.0 ellipse
276 275 0.0 0.0 ellipse
277 276 0.0 0.0 ellipse
278 277 0.0 0.0 ellipse
279 278 0.0 0.0 ellipse
280 279 0.0 0.0 ellipse
281 280 0.0 0.0 ellipse
282 281 0.0 0.0 ellipse
283 282 0.0 0.0 ellipse
284 283 0.0 0.0 ellipse
285 284 0.0 0.0 ellipse
286 285 0.0 0.0 ellipse
287 286 0.0 0.0 ellipse
288 287 0.0 0.0 ellipse
289 288 0.0 0.0 ellipse
290 289 0.0 0.0 ellipse
291 290 0.0 0.0 ellipse
292 291 0.0 0.0 ellipse
293 292 0.0 0.0 ellipse
294 293 0.0 0.0 ellipse
295 294 0.0 0.0 ellipse
296 295 0.0 0.0 ellipse
297 296 0.0 0.0 ellipse
298 297 0.0 0.0 ellipse
299 298 0.0 0.0 ellipse
300 299 0.0 0.0 ellipse
301 300 0.0 0.0 ellipse
302 301 0.0 0.0 ellipse
303 302 0.0 0.0 ellipse
304 303 0.0 0.0 ellipse
305 304 0.0 0.0 ellipse
306 305 0.0 0.0 ellipse
307 306 0.0 0.0 ellipse
308 307 0.0 0.0 ellipse
309 308 0.0 0.0 ellipse
310 309 0.0 0.0 ellipse
311 310 0.0 0.0 ellipse
312 311 0.0 0.0 ellipse
313 312 0.0 0.0 ellipse
314 313 0.0 0.0 ellipse
315 314 0.0 0.0 ellipse
316 315 0.0 0.0 ellipse
317 316 0.0 0.0 ellipse
318 317 0.0 0.0 ellipse
319 318 0.0 0.0 ellipse
320 319 0.0 0.0 ellipse
321 320 0.0 0.0 ellipse
322 321 0.0 0.0 ellipse
323 322 0.0 0.0 ellipse
324 323 0.0 0.0 ellipse
325 324 0.0 0.0 ellipse
326 325 0.0 0.0 ellipse
327 326 0.0 0.0 ellipse
328 327 0.0 0.0 ellipse
329 328 0.0 0.0 ellipse
330 329 0.0 0.0 ellipse
331 330 0.0 0.0 ellipse
332 331 0.0 0.0 ellipse
333 332 0.0 0.0 ellipse
334 333 0.0 0.0 ellipse
335 334 0.0 0.0 ellipse
336 335 0.0 0.0 ellipse
337 336 0.0 0.0 ellipse
338 337 0.0 0.0 ellipse
339 338 0.0 0.0 ellipse
340 339 0.0 0.0 ellipse
341 340 0.0 0.0 ellipse
342 341 0.0 0.0 ellipse
343 342 0.0 0.0 ellipse
344 343 0.0 0.0 ellipse
345 344 0.0 0.0 ellipse
346 345 0.0 0.0 ellipse
347 346 0.0 0.0 ellipse
348 347 0.0 0.0 ellipse
349 348 0.0 0.0 ellipse
350 349 0.0 0.0 ellipse
351 350 0.0 0.0 ellipse
352 351 0.0 0.0 ellipse
353 352 0.0 0.0 ellipse
354 353 0.0 0.0 ellipse
355 354 0.0 0.0 ellipse
356 355 0.0 0.0 ellipse
357 356 0.0 0.0 ellipse
358 357 0.0 0.0 ellipse
359 358 0.0 0.0 ellipse
360 359 0.0 0.0 ellipse
361 360 0.0 0.0 ellipse
362 361 0.0 0.0 ellipse
363 362 0.0 0.0 ellipse
364 363 0.0 0.0 ellipse
365 364 0.0 0.0 ellipse
366 365 0.0 0.0 ellipse
367 366 0.0 0.0 ellipse
368 367 0.0 0.0 ellipse
369 368 0.0 0.0 ellipse
370 369 0.0 0.0 ellipse
371 370 0.0 0.0 ellipse
372 371 0.0 0.0 ellipse
373 372 0.0 0.0 ellipse
374 373 0.0 0.0 ellipse
375 374 0.0 0.0 ellipse
376 375 0.0 0.0 ellipse
377 376 0.0 0.0 ellipse
378 377 0.0 0.0 ellipse
379 378 0.0 0.0 ellipse
380 379 0.0 0.0 ellipse
381 380 0.0 0.0 ellipse
382 381 0.0 0.0 ellipse
383 382 0.0 0.0 ellipse
384 383 0.0 0.0 ellipse
385 384 0.0 0.0 ellipse
386 385 0.0 0.0 ellipse
387 386 0.0 0.0 ellipse
388 387 0.0 0.0 ellipse
389 388 0.0 0.0 ellipse
390 389 0.0 0.0 ellipse
391 390 0.0 0.0 ellipse
392 391 0.0 0.0 ellipse
393 392 0.0 0.0 ellipse
394 393 0.0 0.0 ellipse
395 394 0.0 0.0 ellipse
396 395 0.0 0.0 ellipse
397 396 0.0 0.0 ellipse
398 397 0.0 0.0 ellipse
399 398 0.0 0.0 ellipse
400 399 0.0 0.0 ellipse
401 400 0.0 0.0 ellipse
402 401 0.0 0.0 ellipse
403 402 0.0 0.0 ellipse
404 403 0.0 0.0 ellipse
405 404 0.0 0.0 ellipse
406 405 0.0 0.0 ellipse
407 406 0.0 0.0 ellipse
408 407 0.0 0.0 ellipse
409 408 0.0 0.0 ellipse
410 409 0.0 0.0 ellipse
411 410 0.0 0.0 ellipse
412 411 0.0 0.0 ellipse
413 412 0.0 0.0 ellipse
414 413 0.0 0.0 ellipse
415 414 0.0 0.0 ellipse
416 415 0.0 0.0 ellipse
417 416 0.0 0.0 ellipse
418 417 0.0 0.0 ellipse
419 418 0.0 0.0 ellipse
420 419 0.0 0.0 ellipse
421 420 0.0 0.0 ellipse
422 421 0.0 0.0 ellipse
423 422 0.0 0.0 ellipse
424 423 0.0 0.0 ellipse
425 424 0.0 0.0 ellipse
426 425 0.0 0.0 ellipse
427 426 0.0 0.0 ellipse
428 427 0.0 0.0 ellipse
429 428 0.0 0.0 ellipse
430 429 0.0 0.0 ellipse
431 430 0.0 0.0 ellipse
432 431 0.0 0.0 ellipse
433 432 0.0 0.0 ellipse
434 433 0.0 0.0 ellipse
435 434 0.0 0.0 ellipse
436 435 0.0 0.0 ellipse
437 436 0.0 0.0 ellipse
438 437 0.0 0.0 ellipse
439 438 0.0 0.0 ellipse
440 439 0.0 0.0 ellipse
441 440 0.0 0.0 ellipse
442 441 0.0 0.0 ellipse
443 442 0.0 0.0 ellipse
444 443 0.0 0.0 ellipse
445 444 0.0 0.0 ellipse
446 445 0.0 0.0 ellipse
447 446 0.0 0.0 ellipse
448 447 0.0 0.0 ellipse
449 448 0.0 0.0 ellipse
450 449 0.0 0.0 ellipse
451 450 0.0 0.0 ellipse
452 451 0.0 0.0 ellipse
453 452 0.0 0.0 ellipse
454 453 0.0 0.0 ellipse
455 454 0.0 0.0 ellipse
456 455 0.0 0.0 ellipse
457 456 0.0 0.0 ellipse
458 457 0.0 0.0 ellipse
459 458 0.0 0.0 ellipse
460 459 0.0 0.0 ellipse
461 460 0.0 0.0 ellipse
462 461 0.0 0.0 ellipse
463 462 0.0 0.0 ellipse
464 463 0.0 0.0 ellipse
465 464 0.0 0.0 ellipse
466 465 0.0 0.0 ellipse
467 466 0.0 0.0 ellipse
468 467 0.0 0.0 ellipse
469 468 0.0 0.0 ellipse
470 469 0.0 0.0 ellipse
471 470 0.0 0.0 ellipse
472 471 0.0 0.0 ellipse
473 472 0.0 0.0 ellipse
474 473 0.0 0.0 ellipse
475 474 0.0 0.0 ellipse
476 475 0.0 0.0 ellipse
477 476 0.0 0.0 ellipse
478 477 0.0 0.0 ellipse
479 478 0.0 0.0 ellipse
480 479 0.0 0.0 ellipse
481 480 0.0 0.0 ellipse
482 481 0.0 0.0 ellipse
483 482 0.0 0.0 ellipse
484 483 0.0 0.0 ellipse
485 484 0.0 0.0 ellipse
486 485 0.0 0.0 ellipse
487 486 0.0 0.0 ellipse
488 487 0.0 0.0 ellipse
489 488 0.0 0.0 ellipse
490 489 0.0 0.0 ellipse
491 490 0.0 0.0 ellipse
492 491 0.0 0.0 ellipse
493 492 0.0 0.0 ellipse
494 493 0.0 0.0 ellipse
495 494 0.0 0.0 ellipse
496 495 0.0 0.0 ellipse
497 496 0.0 0.0 ellipse
498 497 0.0 0.0 ellipse
499 498 0.0 0.0 ellipse
500 499 0.0 0.0 ellipse
501 500 0.0 0.0 ellipse
502 501 0.0 0.0 ellipse
503 502 0.0 0.0 ellipse
504 503 0.0 0.0 ellipse
505 504 0.0 0.0 ellipse
506 505 0.0 0.0 ellipse
507 506 0.0 0.0 ellipse
508 507 0.0 0.0 ellipse
509 508 0.0 0.0 ellipse
510 509 0.0 0.0 ellipse
511 510 0.0 0.0 ellipse
512 511 0.0 0.0 ellipse
513 512 0.0 0.0 ellipse
514 513 0.0 0.0 ellipse
515 514 0.0 0.0 ellipse
516 515 0.0 0.0 ellipse
517 516 0.0 0.0 ellipse
518 517 0.0 0.0 ellipse
519 518 0.0 0.0 ellipse
520 519 0.0 0.0 ellipse
521 520 0.0 0.0 ellipse
522 521 0.0 0.0 ellipse
523 522 0.0 0.0 ellipse
524 523 0.0 0.0 ellipse
525 524 0.0 0.0 ellipse
526 525 0.0 0.0 ellipse
527 526 0.0 0.0 ellipse
528 527 0.0 0.0 ellipse
529 528 0.0 0.0 ellipse
530 529 0.0 0.0 ellipse
531 530 0.0 0.0 ellipse
532 531 0.0 0.0 ellipse
533 532 0.0 0.0 ellipse
534 533 0.0 0.0 ellipse
535 534 0.0 0.0 ellipse
536 535 0.0 0.0 ellipse
537 536 0.0 0.0 ellipse
538 537 0.0 0.0 ellipse
539 538 0.0 0.0 ellipse
540 539 0.0 0.0 ellipse
541 540 0.0 0.0 ellipse
542 541 0.0 0.0 ellipse
543 542 0.0 0.0 ellipse
544 543 0.0 0.0 ellipse
545 544 0.0 0.0 ellipse
546 545 0.0 0.0 ellipse
547 546 0.0 0.0 ellipse
548 547 0.0 0.0 ellipse
549 548 0.0 0.0 ellipse
550 549 0.0 0.0 ellipse
551 550 0.0 0.0 ellipse
552 551 0.0 0.0 ellipse
553 552 0.0 0.0 ellipse
554 553 0.0 0.0 ellipse
555 554 0.0 0.0 ellipse
556 555 0.0 0.0 ellipse
557 556 0.0 0.0 ellipse
558 557 0.0 0.0 ellipse
559 558 0.0 0.0 ellipse
560 559 0.0 0.0 ellipse
561 560 0.0 0.0 ellipse
562 561 0.0 0.0 ellipse
563 562 0.0 0.0 ellipse
564 563 0.0 0.0 ellipse
565 564 0.0 0.0 ellipse
566 565 0.0 0.0 ellipse
567 566 0.0 0.0 ellipse
568 567 0.0 0.0 ellipse
569 568 0.0 0.0 ellipse
570 569 0.0 0.0 ellipse
571 570 0.0 0.0 ellipse
572 571 0.0 0.0 ellipse
573 572 0.0 0.0 ellipse
574 573 0.0 0.0 ellipse
575 574 0.0 0.0 ellipse
576 575 0.0 0.0 ellipse
577 576 0.0 0.0 ellipse
578 577 0.0 0.0 ellipse
579 578 0.0 0.0 ellipse
580 579 0.0 0.0 ellipse
581 580 0.0 0.0 ellipse
582 581 0.0 0.0 ellipse
583 582 0.0 0.0 ellipse
584 583 0.0 0.0 ellipse
585 584 0.0 0.0 ellipse
586 585 0.0 0.0 ellipse
587 586 0.0 0.0 ellipse
588 587 0.0 0.0 ellipse
589 588 0.0 0.0 ellipse
590 589 0.0 0.0 ellipse
591 590 0.0 0.0 ellipse
592 591 0.0 0.0 ellipse
593 592 0.0 0.0 ellipse
594 593 0.0 0.0 ellipse
595 594 0.0 0.0 ellipse
596 595 0.0 0.0 ellipse
597 596 0.0 0.0 ellipse
598 597 0.0 0.0 ellipse
599 598 0.0 0.0 ellipse
600 599 0.0 0.0 ellipse
601 600 0.0 0.0 ellipse
602 601 0.0 0.0 ellipse
603 602 0.0 0.0 ellipse
604 603 0.0 0.0 ellipse
605 604 0.0 0.0 ellipse
606 605 0.0 0.0 ellipse
607 606 0.0 0.0 ellipse
608 607 0.0 0.0 ellipse
609 608 0.0 0.0 ellipse
610 609 0.0 0.0 ellipse
611 610 0.0 0.0 ellipse
612 611 0.0 0.0 ellipse
613 612 0.0 0.0 ellipse
614 613 0.0 0.0 ellipse
615 614 0.0 0.0 ellipse
616 615 0.0 0.0 ellipse
617 616 0.0 0.0 ellipse
618 617 0.0 0.0 ellipse
619 618 0.0 0.0 ellipse
620 619 0.0 0.0 ellipse
621 620 0.0 0.0 ellipse
622 621 0.0 0.0 ellipse
623 622 0.0 0.0 ellipse
624 623 0.0 0.0 ellipse
625 624 0.0 0.0 ellipse
626 625 0.0 0.0 ellipse
627 626 0.0 0.0 ellipse
628 627 0.0 0.0 ellipse
629 628 0.0 0.0 ellipse
630 629 0.0 0.0 ellipse
631 630 0.0 0.0 ellipse
632 631 0.0 0.0 ellipse
633 632 0.0 0.0 ellipse
634 633 0.0 0.0 ellipse
635 634 0.0 0.0 ellipse
636 635 0.0 0.0 ellipse
637 636 0.0 0.0 ellipse
638 637 0.0 0.0 ellipse
639 638 0.0 0.0 ellipse
640 639 0.0 0.0 ellipse
641 640 0.0 0.0 ellipse
642 641 0.0 0.0 ellipse
643 642 0.0 0.0 ellipse
644 643 0.0 0.0 ellipse
645 644 0.0 0.0 ellipse
646 645 0.0 0.0 ellipse
647 646 0.0 0.0 ellipse
648 647 0.0 0.0 ellipse
649 648 0.0 0.0 ellipse
650 649 0.0 0.0 ellipse
651 650 0.0 0.0 ellipse
652 651 0.0 0.0 ellipse
653 652 0.0 0.0 ellipse
654 653 0.0 0.0 ellipse
655 654 0.0 0.0 ellipse
656 655 0.0 0.0 ellipse
657 656 0.0 0.0 ellipse
658 657 0.0 0.0 ellipse
659 658 0.0 0.0 ellipse
660 659 0.0 0.0 ellipse
661 660 0.0 0.0 ellipse
662 661 0.0 0.0 ellipse
663 662 0.0 0.0 ellipse
664 663 0.0 0.0 ellipse
665 664 0.0 0.0 ellipse
666 665 0.0 0.0 ellipse
667 666 0.0 0.0 ellipse
668 667 0.0 0.0 ellipse
669 668 0.0 0.0 ellipse
670 669 0.0 0.0 ellipse
671 670 0.0 0.0 ellipse
672 671 0.0 0.0 ellipse
673 672 0.0 0.0 ellipse
674 673 0.0 0.0 ellipse
675 674 0.0 0.0 ellipse
676 675 0.0 0.0 ellipse
677 676 0.0 0.0 ellipse
678 677 0.0 0.0 ellipse
679 678 0.0 0.0 ellipse
680 679 0.0 0.0 ellipse
681 680 0.0 0.0 ellipse
682 681 0.0 0.0 ellipse
683 682 0.0 0.0 ellipse
684 683 0.0 0.0 ellipse
685 684 0.0 0.0 ellipse
686 685 0.0 0.0 ellipse
687 686 0.0 0.0 ellipse
688 687 0.0 0.0 ellipse
689 688 0.0 0.0 ellipse
690 689 0.0 0.0 ellipse
691 690 0.0 0.0 ellipse
692 691 0.0 0.0 ellipse
693 692 0.0 0.0 ellipse
694 693 0.0 0.0 ellipse
695 694 0.0 0.0 ellipse
696 695 0.0 0.0 ellipse
697 696 0.0 0.0 ellipse
698 697 0.0 0.0 ellipse
699 698 0.0 0.0 ellipse
700 699 0.0 0.0 ellipse
701 700 0.0 0.0 ellipse
702 701 0.0 0.0 ellipse
703 702 0.0 0.0 ellipse
704 703 0.0 0.0 ellipse
705 704 0.0 0.0 ellipse
706 705 0.0 0.0 ellipse
707 706 0.0 0.0 ellipse
708 707 0.0 0.0 ellipse
709 708 0.0 0.0 ellipse
710 709 0.0 0.0 ellipse
711 710 0.0 0.0 ellipse
712 711 0.0 0.0 ellipse
713 712 0.0 0.0 ellipse
714 713 0.0 0.0 ellipse
715 714 0.0 0.0 ellipse
716 715 0.0 0.0 ellipse
717 716 0.0 0.0 ellipse
718 717 0.0 0.0 ellipse
719 718 0.0 0.0 ellipse
720 719 0.0 0.0 ellipse
721 720 0.0 0.0 ellipse
722 721 0.0 0.0 ellipse
723 722 0.0 0.0 ellipse
724 723 0.0 0.0 ellipse
725 724 0.0 0.0 ellipse
726 725 0.0 0.0 ellipse
727 726 0.0 0.0 ellipse
728 727 0.0 0.0 ellipse
729 728 0.0 0.0 ellipse
730 729 0.0 0.0 ellipse
731 730 0.0 0.0 ellipse
732 731 0.0 0.0 ellipse
733 732 0.0 0.0 ellipse
734 733 0.0 0.0 ellipse
735 734 0.0 0.0 ellipse
736 735 0.0 0.0 ellipse
737 736 0.0 0.0 ellipse
738 737 0.0 0.0 ellipse
739 738 0.0 0.0 ellipse
740 739 0.0 0.0 ellipse
741 740 0.0 0.0 ellipse
742 741 0.0 0.0 ellipse
743 742 0.0 0.0 ellipse
744 743 0.0 0.0 ellipse
745 744 0.0 0.0 ellipse
746 745 0.0 0.0 ellipse
747 746 0.0 0.0 ellipse
748 747 0.0 0.0 ellipse
749 748 0.0 0.0 ellipse
750 749 0.0 0.0 ellipse
751 750 0.0 0.0 ellipse
752 751 0.0 0.0 ellipse
753 752 0.0 0.0 ellipse
754 753 0.0 0.0 ellipse
755 754 0.0 0.0 ellipse
756 755 0.0 0.0 ellipse
757 756 0.0 0.0 ellipse
758 757 0.0 0.0 ellipse
759 758 0.0 0.0 ellipse
760 759 0.0 0.0 ellipse
761 760 0.0 0.0 ellipse
762 761 0.0 0.0 ellipse
763 762 0.0 0.0 ellipse
764 763 0.0 0.0 ellipse
765 764 0.0 0.0 ellipse
766 765 0.0 0.0 ellipse
767 766 0.0 0.0 ellipse
768 767 0.0 0.0 ellipse
769 768 0.0 0.0 ellipse
770 769 0.0 0.0 ellipse
771 770 0.0 0.0 ellipse
772 771 0.0 0.0 ellipse
773 772 0.0 0.0 ellipse
774 773 0.0 0.0 ellipse
775 774 0.0 0.0 ellipse
776 775 0.0 0.0 ellipse
777 776 0.0 0.0 ellipse
778 777 0.0 0.0 ellipse
779 778 0.0 0.0 ellipse
780 779 0.0 0.0 ellipse
781 780 0.0 0.0 ellipse
782 781 0.0 0.0 ellipse
783 782 0.0 0.0 ellipse
784 783 0.0 0.0 ellipse
785 784 0.0 0.0 ellipse
786 785 0.0 0.0 ellipse
787 786 0.0 0.0 ellipse
788 787 0.0 0.0 ellipse
789 788 0.0 0.0 ellipse
790 789 0.0 0.0 ellipse
791 790 0.0 0.0 ellipse
792 791 0.0 0.0 ellipse
793 792 0.0 0.0 ellipse
794 793 0.0 0.0 ellipse
795 794 0.0 0.0 ellipse
796 795 0.0 0.0 ellipse
797 796 0.0 0.0 ellipse
798 797 0.0 0.0 ellipse
799 798 0.0 0.0 ellipse
800 799 0.0 0.0 ellipse
801 800 0.0 0.0 ellipse
802 801 0.0 0.0 ellipse
803 802 0.0 0.0 ellipse
804 803 0.0 0.0 ellipse
805 804 0.0 0.0 ellipse
806 805 0.0 0.0 ellipse
807 806 0.0 0.0 ellipse
808 807 0.0 0.0 ellipse
809 808 0.0 0.0 ellipse
810 809 0.0 0.0 ellipse
811 810 0.0 0.0 ellipse
812 811 0.0 0.0 ellipse
813 812 0.0 0.0 ellipse
814 813 0.0 0.0 ellipse
815 814 0.0 0.0 ellipse
816 815 0.0 0.0 ellipse
817 816 0.0 0.0 ellipse
818 817 0.0 0.0 ellipse
819 818 0.0 0.0 ellipse
820 819 0.0 0.0 ellipse
821 820 0.0 0.0 ellipse
822 821 0.0 0.0 ellipse
823 822 0.0 0.0 ellipse
824 823 0.0 0.0 ellipse
825 824 0.0 0.0 ellipse
826 825 0.0 0.0 ellipse
827 826 0.0 0.0 ellipse
828 827 0.0 0.0 ellipse
829 828 0.0 0.0 ellipse
830 829 0.0 0.0 ellipse
831 830 0.0 0.0 ellipse
832 831 0.0 0.0 ellipse
833 832 0.0 0.0 ellipse
834 833 0.0 0.0 ellipse
835 834 0.0 0.0 ellipse
836 835 0.0 0.0 ellipse
837 836 0.0 0.0 ellipse
838 837 0.0 0.0 ellipse
839 838 0.0 0.0 ellipse
840 839 0.0 0.0 ellipse
841 840 0.0 0.0 ellipse
842 841 0.0 0.0 ellipse
843 842 0.0 0.0 ellipse
844 843 0.0 0.0 ellipse
845 844 0.0 0.0 ellipse
846 845 0.0 0.0 ellipse
847 846 0.0 0.0 ellipse
848 847 0.0 0.0 ellipse
849 848 0.0 0.0 ellipse
850 849 0.0 0.0 ellipse
851 850 0.0 0.0 ellipse
852 851 0.0 0.0 ellipse
853 852 0.0 0.0 ellipse
854 853 0.0 0.0 ellipse
855 854 0.0 0.0 ellipse
856 855 0.0 0.0 ellipse
857 856 0.0 0.0 ellipse
858 857 0.0 0.0 ellipse
859 858 0.0 0.0 ellipse
860 859 0.0 0.0 ellipse
861 860 0.0 0.0 ellipse
862 861 0.0 0.0 ellipse
863 862 0.0 0.0 ellipse
864 863 0.0 0.0 ellipse
865 864 0.0 0.0 ellipse
866 865 0.0 0.0 ellipse
867 866 0.0 0.0 ellipse
868 867 0.0 0.0 ellipse
869 868 0.0 0.0 ellipse
870 869 0.0 0.0 ellipse
871 870 0.0 0.0 ellipse
872 871 0.0 0.0 ellipse
873 872 0.0 0.0 ellipse
874 873 0.0 0.0 ellipse
875 874 0.0 0.0 ellipse
876 875 0.0 0.0 ellipse
877 876 0.0 0.0 ellipse
878 877 0.0 0.0 ellipse
879 878 0.0 0.0 ellipse
880 879 0.0 0.0 ellipse
881 880 0.0 0.0 ellipse
882 881 0.0 0.0 ellipse
883 882 0.0 0.0 ellipse
884 883 0.0 0.0 ellipse
885 884 0.0 0.0 ellipse
886 885 0.0 0.0 ellipse
887 886 0.0 0.0 ellipse
888 887 0.0 0.0 ellipse
889 888 0.0 0.0 ellipse
890 889 0.0 0.0 ellipse
891 890 0.0 0.0 ellipse
892 891 0.0 0.0 ellipse
893 892 0.0 0.0 ellipse
894 893 0.0 0.0 ellipse
895 894 0.0 0.0 ellipse
896 895 0.0 0.0 ellipse
897 896 0.0 0.0 ellipse
898 897 0.0 0.0 ellipse
899 898 0.0 0.0 ellipse
900 899 0.0 0.0 ellipse
901 900 0.0 0.0 ellipse
902 901 0.0 0.0 ellipse
903 902 0.0 0.0 ellipse
904 903 0.0 0.0 ellipse
905 904 0.0 0.0 ellipse
906 905 0.0 0.0 ellipse
907 906 0.0 0.0 ellipse
908 907 0.0 0.0 ellipse
909 908 0.0 0.0 ellipse
910 909 0.0 0.0 ellipse
911 910 0.0 0.0 ellipse
912 911 0.0 0.0 ellipse
913 912 0.0 0.0 ellipse
914 913 0.0 0.0 ellipse
915 914 0.0 0.0 ellipse
916 915 0.0 0.0 ellipse
917 916 0.0 0.0 ellipse
918 917 0.0 0.0 ellipse
919 918 0.0 0.0 ellipse
920 919 0.0 0.0 ellipse
921 920 0.0 0.0 ellipse
922 921 0.0 0.0 ellipse
923 922 0.0 0.0 ellipse
924 923 0.0 0.0 ellipse
925 924 0.0 0.0 ellipse
926 925 0.0 0.0 ellipse
927 926 0.0 0.0 ellipse
928 927 0.0 0.0 ellipse
929 928 0.0 0.0 ellipse
930 929 0.0 0.0 ellipse
931 930 0.0 0.0 ellipse
932 931 0.0 0.0 ellipse
933 932 0.0 0.0 ellipse
934 933 0.0 0.0 ellipse
935 934 0.0 0.0 ellipse
936 935 0.0 0.0 ellipse
937 936 0.0 0.0 ellipse
938 937 0.0 0.0 ellipse
939 938 0.0 0.0 ellipse
940 939 0.0 0.0 ellipse
941 940 0.0 0.0 ellipse
942 941 0.0 0.0 ellipse
943 942 0.0 0.0 ellipse
944 943 0.0 0.0 ellipse
945 944 0.0 0.0 ellipse
946 945 0.0 0.0 ellipse
947 946 0.0 0.0 ellipse
948 947 0.0 0.0 ellipse
949 948 0.0 0.0 ellipse
950 949 0.0 0.0 ellipse
951 950 0.0 0.0 ellipse
952 951 0.0 0.0 ellipse
953 952 0.0 0.0 ellipse
954 953 0.0 0.0 ellipse
955 954 0.0 0.0 ellipse
956 955 0.0 0.0 ellipse
957 956 0.0 0.0 ellipse
958 957 0.0 0.0 ellipse
959 958 0.0 0.0 ellipse
960 959 0.0 0.0 ellipse
961 960 0.0 0.0 ellipse
962 961 0.0 0.0 ellipse
963 962 0.0 0.0 ellipse
964 963 0.0 0.0 ellipse
965 964 0.0 0.0 ellipse
966 965 0.0 0.0 ellipse
967 966 0.0 0.0 ellipse
968 967 0.0 0.0 ellipse
969 968 0.0 0.0 ellipse
970 969 0.0 0.0 ellipse
971 970 0.0 0.0 ellipse
972 971 0.0 0.0 ellipse
973 972 0.0 0.0 ellipse
974 973 0.0 0.0 ellipse
975 974 0.0 0.0 ellipse
976 975 0.0 0.0 ellipse
977 976 0.0 0.0 ellipse
978 977 0.0 0.0 ellipse
979 978 0.0 0.0 ellipse
980 979 0.0 0.0 ellipse
981 980 0.0 0.0 ellipse
982 981 0.0 0.0 ellipse
983 982 0.0 0.0 ellipse
984 983 0.0 0.0 ellipse
985 984 0.0 0.0 ellipse
986 985 0.0 0.0 ellipse
987 986 0.0 0.0 ellipse
988 987 0.0 0.0 ellipse
989 988 0.0 0.0 ellipse
990 989 0.0 0.0 ellipse
991 990 0.0 0.0 ellipse
992 991 0.0 0.0 ellipse
993 992 0.0 0.0 ellipse
994 993 0.0 0.0 ellipse
995 994 0.0 0.0 ellipse
996 995 0.0 0.0 ellipse
997 996 0.0 0.0 ellipse
998 997 0.0 0.0 ellipse
999 998 0.0 0.0 ellipse
1000 999 0.0 0.0 ellipse
*edges
1 153 1.0
2 330 1.0
3 513 1.0
3 130 1.0
3 875 1.0
3 391 1.0
3 72 1.0
3 521 1.0
3 332 1.0
3 611 1.0
3 14 1.0
3 594 1.0
3 339 1.0
3 854 1.0
3 122 1.0
3 601 1.0
3 538 1.0
3 411 1.0
3 924 1.0
3 605 1.0
3 542 1.0
3 362 1.0
3 547 1.0
3 807 1.0
3 667 1.0
3 530 1.0
3 810 1.0
3 427 1.0
3 172 1.0
3 648 1.0
3 750 1.0
3 883 1.0
3 244 1.0
3 746 1.0
3 577 1.0
3 443 1.0
3 120 1.0
3 62 1.0
3 575 1.0
3 576 1.0
4 137 1.0
5 436 1.0
6 667 1.0
7 479 1.0
8 207 1.0
9 199 1.0
10 567 1.0
11 918 1.0
12 962 1.0
12 172 1.0
13 309 1.0
13 614 1.0
14 225 1.0
15 42 1.0
15 941 1.0
16 442 1.0
16 110 1.0
17 589 1.0
17 144 1.0
18 505 1.0
18 935 1.0
19 979 1.0
20 846 1.0
21 681 1.0
21 492 1.0
22 452 1.0
23 625 1.0
23 260 1.0
24 340 1.0
24 790 1.0
25 185 1.0
25 179 1.0
26 153 1.0
27 493 1.0
28 322 1.0
29 309 1.0
30 667 1.0
31 86 1.0
32 229 1.0
33 87 1.0
34 123 1.0
34 215 1.0
35 873 1.0
36 752 1.0
37 156 1.0
38 353 1.0
39 57 1.0
40 531 1.0
41 163 1.0
43 769 1.0
43 850 1.0
43 229 1.0
44 982 1.0
44 744 1.0
45 846 1.0
45 534 1.0
46 212 1.0
46 727 1.0
46 215 1.0
47 865 1.0
48 87 1.0
49 108 1.0
49 711 1.0
50 854 1.0
51 547 1.0
52 810 1.0
53 983 1.0
54 285 1.0
55 501 1.0
56 615 1.0
57 233 1.0
58 480 1.0
59 457 1.0
60 172 1.0
61 226 1.0
61 531 1.0
61 181 1.0
61 818 1.0
61 810 1.0
61 764 1.0
61 965 1.0
61 526 1.0
62 756 1.0
63 959 1.0
63 760 1.0
64 813 1.0
65 490 1.0
65 451 1.0
65 774 1.0
65 974 1.0
65 834 1.0
66 363 1.0
66 703 1.0
67 381 1.0
68 270 1.0
68 792 1.0
69 377 1.0
70 761 1.0
71 922 1.0
71 900 1.0
71 813 1.0
72 737 1.0
72 386 1.0
72 322 1.0
72 105 1.0
72 174 1.0
72 81 1.0
72 979 1.0
72 891 1.0
72 738 1.0
72 286 1.0
72 831 1.0
73 1000 1.0
74 639 1.0
75 810 1.0
76 663 1.0
77 722 1.0
78 617 1.0
79 956 1.0
79 390 1.0
80 527 1.0
81 418 1.0
81 739 1.0
81 772 1.0
81 718 1.0
81 622 1.0
81 786 1.0
81 388 1.0
81 437 1.0
81 502 1.0
81 599 1.0
81 408 1.0
81 859 1.0
81 956 1.0
82 863 1.0
83 177 1.0
83 826 1.0
83 437 1.0
83 247 1.0
83 728 1.0
84 810 1.0
85 301 1.0
86 336 1.0
87 114 1.0
87 625 1.0
88 137 1.0
89 657 1.0
90 613 1.0
91 101 1.0
92 747 1.0
92 936 1.0
93 677 1.0
94 399 1.0
95 278 1.0
95 359 1.0
95 442 1.0
95 557 1.0
95 135 1.0
95 272 1.0
96 238 1.0
97 473 1.0
97 984 1.0
98 609 1.0
99 500 1.0
99 629 1.0
100 469 1.0
100 902 1.0
102 139 1.0
103 878 1.0
104 436 1.0
105 270 1.0
106 556 1.0
107 740 1.0
107 736 1.0
109 151 1.0
110 733 1.0
111 919 1.0
112 240 1.0
113 377 1.0
114 421 1.0
115 867 1.0
116 538 1.0
117 914 1.0
117 397 1.0
118 846 1.0
119 602 1.0
119 528 1.0
120 246 1.0
120 699 1.0
120 224 1.0
120 856 1.0
121 727 1.0
122 700 1.0
122 229 1.0
124 540 1.0
125 508 1.0
126 650 1.0
127 465 1.0
127 962 1.0
128 457 1.0
128 793 1.0
129 810 1.0
129 885 1.0
130 669 1.0
130 427 1.0
130 872 1.0
131 693 1.0
132 995 1.0
133 546 1.0
134 881 1.0
134 559 1.0
135 299 1.0
135 316 1.0
135 317 1.0
135 323 1.0
136 361 1.0
137 667 1.0
137 253 1.0
138 854 1.0
139 358 1.0
140 614 1.0
141 810 1.0
142 325 1.0
143 522 1.0
144 448 1.0
144 693 1.0
144 750 1.0
144 854 1.0
145 705 1.0
145 572 1.0
145 928 1.0
145 736 1.0
146 211 1.0
147 907 1.0
148 214 1.0
149 965 1.0
149 398 1.0
150 810 1.0
152 531 1.0
153 887 1.0
153 895 1.0
154 474 1.0
154 622 1.0
155 503 1.0
156 794 1.0
156 483 1.0
156 165 1.0
156 607 1.0
157 198 1.0
158 205 1.0
159 545 1.0
160 810 1.0
161 219 1.0
161 359 1.0
162 819 1.0
162 439 1.0
163 965 1.0
163 335 1.0
164 753 1.0
165 449 1.0
165 377 1.0
165 836 1.0
166 809 1.0
167 268 1.0
168 701 1.0
168 551 1.0
169 744 1.0
170 410 1.0
171 214 1.0
173 755 1.0
175 537 1.0
175 199 1.0
176 850 1.0
177 566 1.0
178 965 1.0
179 937 1.0
179 323 1.0
180 790 1.0
181 810 1.0
182 810 1.0
182 298 1.0
183 993 1.0
183 352 1.0
184 526 1.0
185 424 1.0
186 187 1.0
186 916 1.0
188 906 1.0
189 777 1.0
189 896 1.0
190 568 1.0
190 584 1.0
191 934 1.0
192 582 1.0
193 433 1.0
193 302 1.0
194 913 1.0
194 219 1.0
194 798 1.0
195 345 1.0
195 531 1.0
195 336 1.0
196 935 1.0
197 217 1.0
197 835 1.0
199 445 1.0
200 955 1.0
200 318 1.0
201 836 1.0
201 670 1.0
202 828 1.0
203 810 1.0
204 404 1.0
204 528 1.0
206 210 1.0
207 753 1.0
207 841 1.0
208 595 1.0
209 397 1.0
210 564 1.0
211 920 1.0
213 336 1.0
214 801 1.0
216 436 1.0
216 446 1.0
216 590 1.0
217 717 1.0
217 810 1.0
218 522 1.0
218 237 1.0
218 614 1.0
218 272 1.0
219 241 1.0
220 810 1.0
220 238 1.0
220 354 1.0
221 838 1.0
222 306 1.0
223 689 1.0
223 338 1.0
223 754 1.0
224 939 1.0
227 876 1.0
228 810 1.0
229 850 1.0
229 467 1.0
229 618 1.0
229 713 1.0
229 810 1.0
229 346 1.0
230 284 1.0
230 693 1.0
231 276 1.0
232 617 1.0
232 810 1.0
232 851 1.0
232 804 1.0
233 895 1.0
234 314 1.0
235 415 1.0
236 624 1.0
239 796 1.0
242 963 1.0
243 974 1.0
245 870 1.0
246 557 1.0
246 390 1.0
248 356 1.0
249 530 1.0
250 377 1.0
250 900 1.0
251 457 1.0
252 893 1.0
254 684 1.0
255 913 1.0
256 848 1.0
257 294 1.0
258 391 1.0
258 712 1.0
259 995 1.0
259 614 1.0
261 956 1.0
261 900 1.0
261 390 1.0
261 718 1.0
262 590 1.0
263 887 1.0
264 506 1.0
264 989 1.0
264 431 1.0
264 810 1.0
265 724 1.0
266 486 1.0
266 400 1.0
267 469 1.0
269 946 1.0
269 711 1.0
270 614 1.0
270 775 1.0
270 456 1.0
271 879 1.0
272 965 1.0
273 661 1.0
274 562 1.0
274 498 1.0
274 978 1.0
275 958 1.0
277 738 1.0
277 840 1.0
279 886 1.0
280 884 1.0
280 351 1.0
281 884 1.0
281 516 1.0
281 390 1.0
281 991 1.0
282 393 1.0
283 645 1.0
283 998 1.0
283 886 1.0
284 810 1.0
284 340 1.0
285 929 1.0
285 659 1.0
285 572 1.0
285 422 1.0
286 780 1.0
286 498 1.0
286 340 1.0
286 442 1.0
287 965 1.0
287 550 1.0
288 433 1.0
289 930 1.0
289 687 1.0
289 498 1.0
290 940 1.0
291 885 1.0
292 923 1.0
292 848 1.0
293 540 1.0
294 576 1.0
295 810 1.0
295 356 1.0
295 965 1.0
296 760 1.0
297 617 1.0
298 729 1.0
299 787 1.0
299 686 1.0
300 927 1.0
302 545 1.0
303 376 1.0
304 910 1.0
304 672 1.0
305 614 1.0
306 905 1.0
306 920 1.0
307 394 1.0
307 526 1.0
308 650 1.0
308 864 1.0
309 476 1.0
309 810 1.0
310 391 1.0
311 425 1.0
311 504 1.0
312 614 1.0
313 767 1.0
314 803 1.0
315 746 1.0
319 820 1.0
320 630 1.0
320 854 1.0
321 337 1.0
322 680 1.0
324 846 1.0
326 644 1.0
327 762 1.0
328 544 1.0
329 690 1.0
329 900 1.0
329 766 1.0
330 557 1.0
331 519 1.0
333 981 1.0
334 529 1.0
335 667 1.0
336 697 1.0
336 411 1.0
336 923 1.0
338 574 1.0
339 506 1.0
339 691 1.0
340 611 1.0
340 412 1.0
340 810 1.0
340 960 1.0
341 981 1.0
341 421 1.0
342 810 1.0
343 657 1.0
343 829 1.0
343 966 1.0
344 679 1.0
345 676 1.0
345 759 1.0
346 810 1.0
347 668 1.0
347 751 1.0
348 497 1.0
349 541 1.0
349 510 1.0
350 810 1.0
350 627 1.0
351 950 1.0
351 843 1.0
351 595 1.0
355 380 1.0
355 886 1.0
357 634 1.0
360 643 1.0
361 828 1.0
363 463 1.0
364 963 1.0
365 725 1.0
365 381 1.0
366 756 1.0
367 592 1.0
368 442 1.0
369 434 1.0
370 810 1.0
370 716 1.0
371 640 1.0
372 657 1.0
373 907 1.0
373 512 1.0
374 562 1.0
375 394 1.0
375 811 1.0
375 927 1.0
375 528 1.0
376 854 1.0
377 442 1.0
377 883 1.0
377 884 1.0
377 725 1.0
377 933 1.0
377 957 1.0
377 820 1.0
378 430 1.0
379 622 1.0
379 671 1.0
382 797 1.0
383 838 1.0
383 832 1.0
384 738 1.0
384 603 1.0
384 416 1.0
385 512 1.0
387 458 1.0
387 828 1.0
388 676 1.0
389 842 1.0
389 751 1.0
390 834 1.0
390 580 1.0
390 810 1.0
391 392 1.0
391 810 1.0
391 844 1.0
391 403 1.0
391 814 1.0
394 408 1.0
394 702 1.0
394 880 1.0
395 471 1.0
396 938 1.0
398 524 1.0
399 417 1.0
399 609 1.0
399 475 1.0
401 918 1.0
402 764 1.0
405 919 1.0
406 763 1.0
406 749 1.0
407 595 1.0
408 657 1.0
408 420 1.0
408 810 1.0
408 873 1.0
409 467 1.0
410 698 1.0
412 531 1.0
413 965 1.0
413 526 1.0
413 438 1.0
414 876 1.0
419 491 1.0
421 653 1.0
421 557 1.0
421 549 1.0
422 459 1.0
422 632 1.0
423 577 1.0
426 845 1.0
428 658 1.0
428 854 1.0
429 461 1.0
432 734 1.0
434 464 1.0
435 977 1.0
436 584 1.0
437 886 1.0
439 862 1.0
439 888 1.0
440 716 1.0
441 948 1.0
442 497 1.0
442 651 1.0
442 551 1.0
442 968 1.0
442 987 1.0
442 461 1.0
443 517 1.0
443 805 1.0
444 781 1.0
445 603 1.0
446 734 1.0
447 997 1.0
450 756 1.0
451 896 1.0
453 540 1.0
454 980 1.0
455 619 1.0
457 852 1.0
459 979 1.0
460 487 1.0
462 726 1.0
464 924 1.0
466 803 1.0
468 569 1.0
468 656 1.0
470 612 1.0
470 920 1.0
471 972 1.0
472 832 1.0
473 838 1.0
473 504 1.0
475 815 1.0
477 949 1.0
478 667 1.0
480 810 1.0
481 827 1.0
482 785 1.0
482 531 1.0
483 990 1.0
483 487 1.0
484 810 1.0
484 664 1.0
485 578 1.0
487 738 1.0
488 976 1.0
489 890 1.0
491 764 1.0
492 612 1.0
494 631 1.0
495 805 1.0
496 516 1.0
497 603 1.0
498 579 1.0
498 868 1.0
498 706 1.0
498 732 1.0
499 667 1.0
505 791 1.0
507 854 1.0
508 717 1.0
509 810 1.0
509 936 1.0
511 580 1.0
513 709 1.0
514 531 1.0
515 942 1.0
516 812 1.0
516 940 1.0
517 642 1.0
517 965 1.0
517 728 1.0
517 523 1.0
517 654 1.0
518 748 1.0
520 874 1.0
522 954 1.0
524 675 1.0
524 798 1.0
525 854 1.0
526 916 1.0
526 599 1.0
526 858 1.0
528 529 1.0
530 810 1.0
531 828 1.0
532 581 1.0
533 536 1.0
534 570 1.0
534 810 1.0
535 965 1.0
535 639 1.0
536 627 1.0
539 605 1.0
540 798 1.0
542 647 1.0
543 731 1.0
545 795 1.0
546 862 1.0
548 641 1.0
549 911 1.0
551 758 1.0
552 799 1.0
553 942 1.0
554 965 1.0
555 961 1.0
555 931 1.0
557 996 1.0
557 797 1.0
557 905 1.0
557 847 1.0
557 606 1.0
557 719 1.0
557 830 1.0
558 571 1.0
560 987 1.0
561 626 1.0
563 593 1.0
565 710 1.0
565 776 1.0
573 817 1.0
573 648 1.0
575 881 1.0
575 977 1.0
575 946 1.0
577 769 1.0
577 588 1.0
577 696 1.0
583 714 1.0
584 673 1.0
584 643 1.0
585 909 1.0
586 965 1.0
587 669 1.0
588 999 1.0
591 743 1.0
594 810 1.0
594 883 1.0
595 897 1.0
595 736 1.0
595 842 1.0
595 683 1.0
595 796 1.0
595 891 1.0
596 705 1.0
597 869 1.0
597 941 1.0
598 810 1.0
600 810 1.0
601 866 1.0
604 685 1.0
608 816 1.0
610 614 1.0
611 912 1.0
614 999 1.0
614 967 1.0
616 782 1.0
618 810 1.0
620 886 1.0
621 660 1.0
621 734 1.0
621 864 1.0
623 969 1.0
623 920 1.0
628 842 1.0
628 944 1.0
633 808 1.0
635 770 1.0
636 646 1.0
637 810 1.0
638 951 1.0
639 715 1.0
640 943 1.0
645 769 1.0
646 810 1.0
646 764 1.0
649 810 1.0
652 810 1.0
654 813 1.0
654 823 1.0
654 866 1.0
655 657 1.0
659 804 1.0
660 745 1.0
662 765 1.0
663 667 1.0
665 701 1.0
666 975 1.0
667 961 1.0
667 921 1.0
671 926 1.0
674 842 1.0
674 679 1.0
678 979 1.0
681 822 1.0
682 828 1.0
688 810 1.0
692 803 1.0
693 865 1.0
693 850 1.0
693 902 1.0
694 904 1.0
695 900 1.0
702 930 1.0
703 900 1.0
703 992 1.0
704 762 1.0
707 883 1.0
708 810 1.0
711 913 1.0
720 859 1.0
721 982 1.0
722 741 1.0
722 843 1.0
723 857 1.0
724 981 1.0
726 892 1.0
727 986 1.0
728 830 1.0
730 839 1.0
732 771 1.0
732 813 1.0
733 965 1.0
733 952 1.0
735 871 1.0
738 825 1.0
742 861 1.0
744 824 1.0
747 810 1.0
748 993 1.0
755 965 1.0
756 847 1.0
757 850 1.0
758 769 1.0
762 897 1.0
762 913 1.0
768 854 1.0
769 800 1.0
771 782 1.0
772 950 1.0
773 810 1.0
774 939 1.0
778 915 1.0
778 932 1.0
779 810 1.0
782 892 1.0
783 983 1.0
784 859 1.0
784 973 1.0
788 933 1.0
789 903 1.0
802 849 1.0
803 837 1.0
806 901 1.0
807 899 1.0
810 898 1.0
810 836 1.0
810 917 1.0
810 919 1.0
810 945 1.0
810 860 1.0
810 828 1.0
810 839 1.0
810 853 1.0
810 876 1.0
821 934 1.0
823 881 1.0
828 842 1.0
829 962 1.0
833 955 1.0
845 889 1.0
850 882 1.0
855 985 1.0
870 876 1.0
870 988 1.0
877 965 1.0
888 959 1.0
894 969 1.0
894 900 1.0
906 938 1.0
908 962 1.0
910 925 1.0
913 965 1.0
921 984 1.0
941 965 1.0
947 953 1.0
964 983 1.0
965 970 1.0
971 974 1.0
979 981 1.0
992 994 1.0
