*vertices 1000
1 0 0.0 0.0 ellipse
2 1 0.0 0.0 ellipse
3 2 0.0 0.0 ellipse
4 3 0.0 0.0 ellipse
5 4 0.0 0.0 ellipse
6 5 0.0 0.0 ellipse
7 6 0.0 0.0 ellipse
8 7 0.0 0.0 ellipse
9 8 0.0 0.0 ellipse
10 9 0.0 0.0 ellipse
11 10 0.0 0.0 ellipse
12 11 0.0 0.0 ellipse
13 12 0.0 0.0 ellipse
14 13 0.0 0.0 ellipse
15 14 0.0 0.0 ellipse
16 15 0.0 0.0 ellipse
17 16 0.0 0.0 ellipse
18 17 0.0 0.0 ellipse
19 18 0.0 0.0 ellipse
20 19 0.0 0.0 ellipse
21 20 0.0 0.0 ellipse
22 21 0.0 0.0 ellipse
23 22 0.0 0.0 ellipse
24 23 0.0 0.0 ellipse
25 24 0.0 0.0 ellipse
26 25 0.0 0.0 ellipse
27 26 0.0 0.0 ellipse
28 27 0.0 0.0 ellipse
29 28 0.0 0.0 ellipse
30 29 0.0 0.0 ellipse
31 30 0.0 0.0 ellipse
32 31 0.0 0.0 ellipse
33 32 0.0 0.0 ellipse
34 33 0.0 0.0 ellipse
35 34 0.0 0.0 ellipse
36 35 0.0 0.0 ellipse
37 36 0.0 0.0 ellipse
38 37 0.0 0.0 ellipse
39 38 0.0 0.0 ellipse
40 39 0.0 0.0 ellipse
41 40 0.0 0.0 ellipse
42 41 0.0 0.0 ellipse
43 42 0.0 0.0 ellipse
44 43 0.0 0.0 ellipse
45 44 0.0 0.0 ellipse
46 45 0.0 0.0 ellipse
47 46 0.0 0.0 ellipse
48 47 0.0 0.0 ellipse
49 48 0.0 0.0 ellipse
50 49 0.0 0.0 ellipse
51 50 0.0 0.0 ellipse
52 51 0.0 0.0 ellipse
53 52 0.0 0.0 ellipse
54 53 0.0 0.0 ellipse
55 54 0.0 0.0 ellipse
56 55 0.0 0.0 ellipse
57 56 0.0 0.0 ellipse
58 57 0.0 0.0 ellipse
59 58 0.0 0.0 ellipse
60 59 0.0 0.0 ellipse
61 60 0.0 0.0 ellipse
62 61 0.0 0.0 ellipse
63 62 0.0 0.0 ellipse
64 63 0.0 0.0 ellipse
65 64 0.0 0.0 ellipse
66 65 0.0 0.0 ellipse
67 66 0.0 0.0 ellipse
68 67 0.0 0.0 ellipse
69 68 0.0 0.0 ellipse
70 69 0.0 0.0 ellipse
71 70 0.0 0.0 ellipse
72 71 0.0 0.0 ellipse
73 72 0.0 0.0 ellipse
74 73 0.0 0.0 ellipse
75 74 0.0 0.0 ellipse
76 75 0.0 0.0 ellipse
77 76 0.0 0.0 ellipse
78 77 0.0 0.0 ellipse
79 78 0.0 0.0 ellipse
80 79 0.0 0.0 ellipse
81 80 0.0 0.0 ellipse
82 81 0.0 0.0 ellipse
83 82 0.0 0.0 ellipse
84 83 0.0 0.0 ellipse
85 84 0.0 0.0 ellipse
86 85 0.0 0.0 ellipse
87 86 0.0 0.0 ellipse
88 87 0.0 0.0 ellipse
89 88 0.0 0.0 ellipse
90 89 0.0 0.0 ellipse
91 90 0.0 0.0 ellipse
92 91 0.0 0.0 ellipse
93 92 0.0 0.0 ellipse
94 93 0.0 0.0 ellipse
95 94 0.0 0.0 ellipse
96 95 0.0 0.0 ellipse
97 96 0.0 0.0 ellipse
98 97 0.0 0.0 ellipse
99 98 0.0 0.0 ellipse
100 99 0.0 0.0 ellipse
101 100 0.0 0.0 ellipse
102 101 0.0 0.0 ellipse
103 102 0.0 0.0 ellipse
104 103 0.0 0.0 ellipse
105 104 0.0 0.0 ellipse
106 105 0.0 0.0 ellipse
107 106 0.0 0.0 ellipse
108 107 0.0 0.0 ellipse
109 108 0.0 0.0 ellipse
110 109 0.0 0.0 ellipse
111 110 0.0 0.0 ellipse
112 111 0.0 0.0 ellipse
113 112 0.0 0.0 ellipse
114 113 0.0 0.0 ellipse
115 114 0.0 0.0 ellipse
116 115 0.0 0.0 ellipse
117 116 0.0 0.0 ellipse
118 117 0.0 0.0 ellipse
119 118 0.0 0.0 ellipse
120 119 0.0 0.0 ellipse
121 120 0.0 0.0 ellipse
122 121 0.0 0.0 ellipse
123 122 0.0 0.0 ellipse
124 123 0.0 0.0 ellipse
125 124 0.0 0.0 ellipse
126 125 0.0 0.0 ellipse
127 126 0.0 0.0 ellipse
128 127 0.0 0.0 ellipse
129 128 0.0 0.0 ellipse
130 129 0.0 0.0 ellipse
131 130 0.0 0.0 ellipse
132 131 0.0 0.0 ellipse
133 132 0.0 0.0 ellipse
134 133 0.0 0.0 ellipse
135 134 0.0 0.0 ellipse
136 135 0.0 0.0 ellipse
137 136 0.0 0.0 ellipse
138 137 0.0 0.0 ellipse
139 138 0.0 0.0 ellipse
140 139 0.0 0.0 ellipse
141 140 0.0 0.0 ellipse
142 141 0.0 0.0 ellipse
143 142 0.0 0.0 ellipse
144 143 0.0 0.0 ellipse
145 144 0.0 0.0 ellipse
146 145 0.0 0.0 ellipse
147 146 0.0 0.0 ellipse
148 147 0.0 0.0 ellipse
149 148 0.0 0.0 ellipse
150 149 0.0 0.0 ellipse
151 150 0.0 0.0 ellipse
152 151 0.0 0.0 ellipse
153 152 0.0 0.0 ellipse
154 153 0.0 0.0 ellipse
155 154 0.0 0.0 ellipse
156 155 0.0 0.0 ellipse
157 156 0.0 0.0 ellipse
158 157 0.0 0.0 ellipse
159 158 0.0 0.0 ellipse
160 159 0.0 0.0 ellipse
161 160 0.0 0.0 ellipse
162 161 0.0 0.0 ellipse
163 162 0.0 0.0 ellipse
164 163 0.0 0.0 ellipse
165 164 0.0 0.0 ellipse
166 165 0.0 0.0 ellipse
167 166 0.0 0.0 ellipse
168 167 0.0 0.0 ellipse
169 168 0.0 0.0 ellipse
170 169 0.0 0.0 ellipse
171 170 0.0 0.0 ellipse
172 171 0.0 0.0 ellipse
173 172 0.0 0.0 ellipse
174 173 0.0 0.0 ellipse
175 174 0.0 0.0 ellipse
176 175 0.0 0.0 ellipse
177 176 0.0 0.0 ellipse
178 177 0.0 0.0 ellipse
179 178 0.0 0.0 ellipse
180 179 0.0 0.0 ellipse
181 180 0.0 0.0 ellipse
182 181 0.0 0.0 ellipse
183 182 0.0 0.0 ellipse
184 183 0.0 0.0 ellipse
185 184 0.0 0.0 ellipse
186 185 0.0 0.0 ellipse
187 186 0.0 0.0 ellipse
188 187 0.0 0.0 ellipse
189 188 0.0 0.0 ellipse
190 189 0.0 0.0 ellipse
191 190 0.0 0.0 ellipse
192 191 0.0 0.0 ellipse
193 192 0.0 0.0 ellipse
194 193 0.0 0.0 ellipse
195 194 0.0 0.0 ellipse
196 195 0.0 0.0 ellipse
197 196 0.0 0.0 ellipse
198 197 0.0 0.0 ellipse
199 198 0.0 0.0 ellipse
200 199 0.0 0.0 ellipse
201 200 0.0 0.0 ellipse
202 201 0.0 0.0 ellipse
203 202 0.0 0.0 ellipse
204 203 0.0 0.0 ellipse
205 204 0.0 0.0 ellipse
206 205 0.0 0.0 ellipse
207 206 0.0 0.0 ellipse
208 207 0.0 0.0 ellipse
209 208 0.0 0.0 ellipse
210 209 0.0 0.0 ellipse
211 210 0.0 0.0 ellipse
212 211 0.0 0.0 ellipse
213 212 0.0 0.0 ellipse
214 213 0.0 0.0 ellipse
215 214 0.0 0.0 ellipse
216 215 0.0 0.0 ellipse
217 216 0.0 0.0 ellipse
218 217 0.0 0.0 ellipse
219 218 0.0 0.0 ellipse
220 219 0.0 0.0 ellipse
221 220 0.0 0.0 ellipse
222 221 0.0 0.0 ellipse
223 222 0.0 0.0 ellipse
224 223 0.0 0.0 ellipse
225 224 0.0 0.0 ellipse
226 225 0.0 0.0 ellipse
227 226 0.0 0.0 ellipse
228 227 0.0 0.0 ellipse
229 228 0.0 0.0 ellipse
230 229 0.0 0.0 ellipse
231 230 0.0 0.0 ellipse
232 231 0.0 0.0 ellipse
233 232 0.0 0.0 ellipse
234 233 0.0 0.0 ellipse
235 234 0.0 0.0 ellipse
236 235 0.0 0.0 ellipse
237 236 0.0 0.0 ellipse
238 237 0.0 0.0 ellipse
239 238 0.0 0.0 ellipse
240 239 0.0 0.0 ellipse
241 240 0.0 0.0 ellipse
242 241 0.0 0.0 ellipse
243 242 0.0 0.0 ellipse
244 243 0.0 0.0 ellipse
245 244 0.0 0.0 ellipse
246 245 0.0 0.0 ellipse
247 246 0.0 0.0 ellipse
248 247 0.0 0.0 ellipse
249 248 0.0 0.0 ellipse
250 249 0.0 0.0 ellipse
251 250 0.0 0.0 ellipse
252 251 0.0 0.0 ellipse
253 252 0.0 0.0 ellipse
254 253 0.0 0.0 ellipse
255 254 0.0 0.0 ellipse
256 255 0.0 0.0 ellipse
257 256 0.0 0.0 ellipse
258 257 0.0 0.0 ellipse
259 258 0.0 0.0 ellipse
260 259 0.0 0.0 ellipse
261 260 0.0 0.0 ellipse
262 261 0.0 0.0 ellipse
263 262 0.0 0.0 ellipse
264 263 0.0 0.0 ellipse
265 264 0.0 0.0 ellipse
266 265 0.0 0.0 ellipse
267 266 0.0 0.0 ellipse
268 267 0.0 0.0 ellipse
269 268 0.0 0.0 ellipse
270 269 0.0 0.0 ellipse
271 270 0.0 0.0 ellipse
272 271 0.0 0.0 ellipse
273 272 0.0 0.0 ellipse
274 273 0.0 0.0 ellipse
275 274 0.0 0.0 ellipse
276 275 0.0 0.0 ellipse
277 276 0.0 0.0 ellipse
278 277 0.0 0.0 ellipse
279 278 0.0 0.0 ellipse
280 279 0.0 0.0 ellipse
281 280 0.0 0.0 ellipse
282 281 0.0 0.0 ellipse
283 282 0.0 0.0 ellipse
284 283 0.0 0.0 ellipse
285 284 0.0 0.0 ellipse
286 285 0.0 0.0 ellipse
287 286 0.0 0.0 ellipse
288 287 0.0 0.0 ellipse
289 288 0.0 0.0 ellipse
290 289 0.0 0.0 ellipse
291 290 0.0 0.0 ellipse
292 291 0.0 0.0 ellipse
293 292 0.0 0.0 ellipse
294 293 0.0 0.0 ellipse
295 294 0.0 0.0 ellipse
296 295 0.0 0.0 ellipse
297 296 0.0 0.0 ellipse
298 297 0.0 0.0 ellipse
299 298 0.0 0.0 ellipse
300 299 0.0 0.0 ellipse
301 300 0.0 0.0 ellipse
302 301 0.0 0.0 ellipse
303 302 0.0 0.0 ellipse
304 303 0.0 0.0 ellipse
305 304 0.0 0.0 ellipse
306 305 0.0 0.0 ellipse
307 306 0.0 0.0 ellipse
308 307 0.0 0.0 ellipse
309 308 0.0 0.0 ellipse
310 309 0.0 0.0 ellipse
311 310 0.0 0.0 ellipse
312 311 0.0 0.0 ellipse
313 312 0.0 0.0 ellipse
314 313 0.0 0.0 ellipse
315 314 0.0 0.0 ellipse
316 315 0.0 0.0 ellipse
317 316 0.0 0.0 ellipse
318 317 0.0 0.0 ellipse
319 318 0.0 0.0 ellipse
320 319 0.0 0.0 ellipse
321 320 0.0 0.0 ellipse
322 321 0.0 0.0 ellipse
323 322 0.0 0.0 ellipse
324 323 0.0 0.0 ellipse
325 324 0.0 0.0 ellipse
326 325 0.0 0.0 ellipse
327 326 0.0 0.0 ellipse
328 327 0.0 0.0 ellipse
329 328 0.0 0.0 ellipse
330 329 0.0 0.0 ellipse
331 330 0.0 0.0 ellipse
332 331 0.0 0.0 ellipse
333 332 0.0 0.0 ellipse
334 333 0.0 0.0 ellipse
335 334 0.0 0.0 ellipse
336 335 0.0 0.0 ellipse
337 336 0.0 0.0 ellipse
338 337 0.0 0.0 ellipse
339 338 0.0 0.0 ellipse
340 339 0.0 0.0 ellipse
341 340 0.0 0.0 ellipse
342 341 0.0 0.0 ellipse
343 342 0.0 0.0 ellipse
344 343 0.0 0.0 ellipse
345 344 0.0 0.0 ellipse
346 345 0.0 0.0 ellipse
347 346 0.0 0.0 ellipse
348 347 0.0 0.0 ellipse
349 348 0.0 0.0 ellipse
350 349 0.0 0.0 ellipse
351 350 0.0 0.0 ellipse
352 351 0.0 0.0 ellipse
353 352 0.0 0.0 ellipse
354 353 0.0 0.0 ellipse
355 354 0.0 0.0 ellipse
356 355 0.0 0.0 ellipse
357 356 0.0 0.0 ellipse
358 357 0.0 0.0 ellipse
359 358 0.0 0.0 ellipse
360 359 0.0 0.0 ellipse
361 360 0.0 0.0 ellipse
362 361 0.0 0.0 ellipse
363 362 0.0 0.0 ellipse
364 363 0.0 0.0 ellipse
365 364 0.0 0.0 ellipse
366 365 0.0 0.0 ellipse
367 366 0.0 0.0 ellipse
368 367 0.0 0.0 ellipse
369 368 0.0 0.0 ellipse
370 369 0.0 0.0 ellipse
371 370 0.0 0.0 ellipse
372 371 0.0 0.0 ellipse
373 372 0.0 0.0 ellipse
374 373 0.0 0.0 ellipse
375 374 0.0 0.0 ellipse
376 375 0.0 0.0 ellipse
377 376 0.0 0.0 ellipse
378 377 0.0 0.0 ellipse
379 378 0.0 0.0 ellipse
380 379 0.0 0.0 ellipse
381 380 0.0 0.0 ellipse
382 381 0.0 0.0 ellipse
383 382 0.0 0.0 ellipse
384 383 0.0 0.0 ellipse
385 384 0.0 0.0 ellipse
386 385 0.0 0.0 ellipse
387 386 0.0 0.0 ellipse
388 387 0.0 0.0 ellipse
389 388 0.0 0.0 ellipse
390 389 0.0 0.0 ellipse
391 390 0.0 0.0 ellipse
392 391 0.0 0.0 ellipse
393 392 0.0 0.0 ellipse
394 393 0.0 0.0 ellipse
395 394 0.0 0.0 ellipse
396 395 0.0 0.0 ellipse
397 396 0.0 0.0 ellipse
398 397 0.0 0.0 ellipse
399 398 0.0 0.0 ellipse
400 399 0.0 0.0 ellipse
401 400 0.0 0.0 ellipse
402 401 0.0 0.0 ellipse
403 402 0.0 0.0 ellipse
404 403 0.0 0.0 ellipse
405 404 0.0 0.0 ellipse
406 405 0.0 0.0 ellipse
407 406 0.0 0.0 ellipse
408 407 0.0 0.0 ellipse
409 408 0.0 0.0 ellipse
410 409 0.0 0.0 ellipse
411 410 0.0 0.0 ellipse
412 411 0.0 0.0 ellipse
413 412 0.0 0.0 ellipse
414 413 0.0 0.0 ellipse
415 414 0.0 0.0 ellipse
416 415 0.0 0.0 ellipse
417 416 0.0 0.0 ellipse
418 417 0.0 0.0 ellipse
419 418 0.0 0.0 ellipse
420 419 0.0 0.0 ellipse
421 420 0.0 0.0 ellipse
422 421 0.0 0.0 ellipse
423 422 0.0 0.0 ellipse
424 423 0.0 0.0 ellipse
425 424 0.0 0.0 ellipse
426 425 0.0 0.0 ellipse
427 426 0.0 0.0 ellipse
428 427 0.0 0.0 ellipse
429 428 0.0 0.0 ellipse
430 429 0.0 0.0 ellipse
431 430 0.0 0.0 ellipse
432 431 0.0 0.0 ellipse
433 432 0.0 0.0 ellipse
434 433 0.0 0.0 ellipse
435 434 0.0 0.0 ellipse
436 435 0.0 0.0 ellipse
437 436 0.0 0.0 ellipse
438 437 0.0 0.0 ellipse
439 438 0.0 0.0 ellipse
440 439 0.0 0.0 ellipse
441 440 0.0 0.0 ellipse
442 441 0.0 0.0 ellipse
443 442 0.0 0.0 ellipse
444 443 0.0 0.0 ellipse
445 444 0.0 0.0 ellipse
446 445 0.0 0.0 ellipse
447 446 0.0 0.0 ellipse
448 447 0.0 0.0 ellipse
449 448 0.0 0.0 ellipse
450 449 0.0 0.0 ellipse
451 450 0.0 0.0 ellipse
452 451 0.0 0.0 ellipse
453 452 0.0 0.0 ellipse
454 453 0.0 0.0 ellipse
455 454 0.0 0.0 ellipse
456 455 0.0 0.0 ellipse
457 456 0.0 0.0 ellipse
458 457 0.0 0.0 ellipse
459 458 0.0 0.0 ellipse
460 459 0.0 0.0 ellipse
461 460 0.0 0.0 ellipse
462 461 0.0 0.0 ellipse
463 462 0.0 0.0 ellipse
464 463 0.0 0.0 ellipse
465 464 0.0 0.0 ellipse
466 465 0.0 0.0 ellipse
467 466 0.0 0.0 ellipse
468 467 0.0 0.0 ellipse
469 468 0.0 0.0 ellipse
470 469 0.0 0.0 ellipse
471 470 0.0 0.0 ellipse
472 471 0.0 0.0 ellipse
473 472 0.0 0.0 ellipse
474 473 0.0 0.0 ellipse
475 474 0.0 0.0 ellipse
476 475 0.0 0.0 ellipse
477 476 0.0 0.0 ellipse
478 477 0.0 0.0 ellipse
479 478 0.0 0.0 ellipse
480 479 0.0 0.0 ellipse
481 480 0.0 0.0 ellipse
482 481 0.0 0.0 ellipse
483 482 0.0 0.0 ellipse
484 483 0.0 0.0 ellipse
485 484 0.0 0.0 ellipse
486 485 0.0 0.0 ellipse
487 486 0.0 0.0 ellipse
488 487 0.0 0.0 ellipse
489 488 0.0 0.0 ellipse
490 489 0.0 0.0 ellipse
491 490 0.0 0.0 ellipse
492 491 0.0 0.0 ellipse
493 492 0.0 0.0 ellipse
494 493 0.0 0.0 ellipse
495 494 0.0 0.0 ellipse
496 495 0.0 0.0 ellipse
497 496 0.0 0.0 ellipse
498 497 0.0 0.0 ellipse
499 498 0.0 0.0 ellipse
500 499 0.0 0.0 ellipse
501 500 0.0 0.0 ellipse
502 501 0.0 0.0 ellipse
503 502 0.0 0.0 ellipse
504 503 0.0 0.0 ellipse
505 504 0.0 0.0 ellipse
506 505 0.0 0.0 ellipse
507 506 0.0 0.0 ellipse
508 507 0.0 0.0 ellipse
509 508 0.0 0.0 ellipse
510 509 0.0 0.0 ellipse
511 510 0.0 0.0 ellipse
512 511 0.0 0.0 ellipse
513 512 0.0 0.0 ellipse
514 513 0.0 0.0 ellipse
515 514 0.0 0.0 ellipse
516 515 0.0 0.0 ellipse
517 516 0.0 0.0 ellipse
518 517 0.0 0.0 ellipse
519 518 0.0 0.0 ellipse
520 519 0.0 0.0 ellipse
521 520 0.0 0.0 ellipse
522 521 0.0 0.0 ellipse
523 522 0.0 0.0 ellipse
524 523 0.0 0.0 ellipse
525 524 0.0 0.0 ellipse
526 525 0.0 0.0 ellipse
527 526 0.0 0.0 ellipse
528 527 0.0 0.0 ellipse
529 528 0.0 0.0 ellipse
530 529 0.0 0.0 ellipse
531 530 0.0 0.0 ellipse
532 531 0.0 0.0 ellipse
533 532 0.0 0.0 ellipse
534 533 0.0 0.0 ellipse
535 534 0.0 0.0 ellipse
536 535 0.0 0.0 ellipse
537 536 0.0 0.0 ellipse
538 537 0.0 0.0 ellipse
539 538 0.0 0.0 ellipse
540 539 0.0 0.0 ellipse
541 540 0.0 0.0 ellipse
542 541 0.0 0.0 ellipse
543 542 0.0 0.0 ellipse
544 543 0.0 0.0 ellipse
545 544 0.0 0.0 ellipse
546 545 0.0 0.0 ellipse
547 546 0.0 0.0 ellipse
548 547 0.0 0.0 ellipse
549 548 0.0 0.0 ellipse
550 549 0.0 0.0 ellipse
551 550 0.0 0.0 ellipse
552 551 0.0 0.0 ellipse
553 552 0.0 0.0 ellipse
554 553 0.0 0.0 ellipse
555 554 0.0 0.0 ellipse
556 555 0.0 0.0 ellipse
557 556 0.0 0.0 ellipse
558 557 0.0 0.0 ellipse
559 558 0.0 0.0 ellipse
560 559 0.0 0.0 ellipse
561 560 0.0 0.0 ellipse
562 561 0.0 0.0 ellipse
563 562 0.0 0.0 ellipse
564 563 0.0 0.0 ellipse
565 564 0.0 0.0 ellipse
566 565 0.0 0.0 ellipse
567 566 0.0 0.0 ellipse
568 567 0.0 0.0 ellipse
569 568 0.0 0.0 ellipse
570 569 0.0 0.0 ellipse
571 570 0.0 0.0 ellipse
572 571 0.0 0.0 ellipse
573 572 0.0 0.0 ellipse
574 573 0.0 0.0 ellipse
575 574 0.0 0.0 ellipse
576 575 0.0 0.0 ellipse
577 576 0.0 0.0 ellipse
578 577 0.0 0.0 ellipse
579 578 0.0 0.0 ellipse
580 579 0.0 0.0 ellipse
581 580 0.0 0.0 ellipse
582 581 0.0 0.0 ellipse
583 582 0.0 0.0 ellipse
584 583 0.0 0.0 ellipse
585 584 0.0 0.0 ellipse
586 585 0.0 0.0 ellipse
587 586 0.0 0.0 ellipse
588 587 0.0 0.0 ellipse
589 588 0.0 0.0 ellipse
590 589 0.0 0.0 ellipse
591 590 0.0 0.0 ellipse
592 591 0.0 0.0 ellipse
593 592 0.0 0.0 ellipse
594 593 0.0 0.0 ellipse
595 594 0.0 0.0 ellipse
596 595 0.0 0.0 ellipse
597 596 0.0 0.0 ellipse
598 597 0.0 0.0 ellipse
599 598 0.0 0.0 ellipse
600 599 0.0 0.0 ellipse
601 600 0.0 0.0 ellipse
602 601 0.0 0.0 ellipse
603 602 0.0 0.0 ellipse
604 603 0.0 0.0 ellipse
605 604 0.0 0.0 ellipse
606 605 0.0 0.0 ellipse
607 606 0.0 0.0 ellipse
608 607 0.0 0.0 ellipse
609 608 0.0 0.0 ellipse
610 609 0.0 0.0 ellipse
611 610 0.0 0.0 ellipse
612 611 0.0 0.0 ellipse
613 612 0.0 0.0 ellipse
614 613 0.0 0.0 ellipse
615 614 0.0 0.0 ellipse
616 615 0.0 0.0 ellipse
617 616 0.0 0.0 ellipse
618 617 0.0 0.0 ellipse
619 618 0.0 0.0 ellipse
620 619 0.0 0.0 ellipse
621 620 0.0 0.0 ellipse
622 621 0.0 0.0 ellipse
623 622 0.0 0.0 ellipse
624 623 0.0 0.0 ellipse
625 624 0.0 0.0 ellipse
626 625 0.0 0.0 ellipse
627 626 0.0 0.0 ellipse
628 627 0.0 0.0 ellipse
629 628 0.0 0.0 ellipse
630 629 0.0 0.0 ellipse
631 630 0.0 0.0 ellipse
632 631 0.0 0.0 ellipse
633 632 0.0 0.0 ellipse
634 633 0.0 0.0 ellipse
635 634 0.0 0.0 ellipse
636 635 0.0 0.0 ellipse
637 636 0.0 0.0 ellipse
638 637 0.0 0.0 ellipse
639 638 0.0 0.0 ellipse
640 639 0.0 0.0 ellipse
641 640 0.0 0.0 ellipse
642 641 0.0 0.0 ellipse
643 642 0.0 0.0 ellipse
644 643 0.0 0.0 ellipse
645 644 0.0 0.0 ellipse
646 645 0.0 0.0 ellipse
647 646 0.0 0.0 ellipse
648 647 0.0 0.0 ellipse
649 648 0.0 0.0 ellipse
650 649 0.0 0.0 ellipse
651 650 0.0 0.0 ellipse
652 651 0.0 0.0 ellipse
653 652 0.0 0.0 ellipse
654 653 0.0 0.0 ellipse
655 654 0.0 0.0 ellipse
656 655 0.0 0.0 ellipse
657 656 0.0 0.0 ellipse
658 657 0.0 0.0 ellipse
659 658 0.0 0.0 ellipse
660 659 0.0 0.0 ellipse
661 660 0.0 0.0 ellipse
662 661 0.0 0.0 ellipse
663 662 0.0 0.0 ellipse
664 663 0.0 0.0 ellipse
665 664 0.0 0.0 ellipse
666 665 0.0 0.0 ellipse
667 666 0.0 0.0 ellipse
668 667 0.0 0.0 ellipse
669 668 0.0 0.0 ellipse
670 669 0.0 0.0 ellipse
671 670 0.0 0.0 ellipse
672 671 0.0 0.0 ellipse
673 672 0.0 0.0 ellipse
674 673 0.0 0.0 ellipse
675 674 0.0 0.0 ellipse
676 675 0.0 0.0 ellipse
677 676 0.0 0.0 ellipse
678 677 0.0 0.0 ellipse
679 678 0.0 0.0 ellipse
680 679 0.0 0.0 ellipse
681 680 0.0 0.0 ellipse
682 681 0.0 0.0 ellipse
683 682 0.0 0.0 ellipse
684 683 0.0 0.0 ellipse
685 684 0.0 0.0 ellipse
686 685 0.0 0.0 ellipse
687 686 0.0 0.0 ellipse
688 687 0.0 0.0 ellipse
689 688 0.0 0.0 ellipse
690 689 0.0 0.0 ellipse
691 690 0.0 0.0 ellipse
692 691 0.0 0.0 ellipse
693 692 0.0 0.0 ellipse
694 693 0.0 0.0 ellipse
695 694 0.0 0.0 ellipse
696 695 0.0 0.0 ellipse
697 696 0.0 0.0 ellipse
698 697 0.0 0.0 ellipse
699 698 0.0 0.0 ellipse
700 699 0.0 0.0 ellipse
701 700 0.0 0.0 ellipse
702 701 0.0 0.0 ellipse
703 702 0.0 0.0 ellipse
704 703 0.0 0.0 ellipse
705 704 0.0 0.0 ellipse
706 705 0.0 0.0 ellipse
707 706 0.0 0.0 ellipse
708 707 0.0 0.0 ellipse
709 708 0.0 0.0 ellipse
710 709 0.0 0.0 ellipse
711 710 0.0 0.0 ellipse
712 711 0.0 0.0 ellipse
713 712 0.0 0.0 ellipse
714 713 0.0 0.0 ellipse
715 714 0.0 0.0 ellipse
716 715 0.0 0.0 ellipse
717 716 0.0 0.0 ellipse
718 717 0.0 0.0 ellipse
719 718 0.0 0.0 ellipse
720 719 0.0 0.0 ellipse
721 720 0.0 0.0 ellipse
722 721 0.0 0.0 ellipse
723 722 0.0 0.0 ellipse
724 723 0.0 0.0 ellipse
725 724 0.0 0.0 ellipse
726 725 0.0 0.0 ellipse
727 726 0.0 0.0 ellipse
728 727 0.0 0.0 ellipse
729 728 0.0 0.0 ellipse
730 729 0.0 0.0 ellipse
731 730 0.0 0.0 ellipse
732 731 0.0 0.0 ellipse
733 732 0.0 0.0 ellipse
734 733 0.0 0.0 ellipse
735 734 0.0 0.0 ellipse
736 735 0.0 0.0 ellipse
737 736 0.0 0.0 ellipse
738 737 0.0 0.0 ellipse
739 738 0.0 0.0 ellipse
740 739 0.0 0.0 ellipse
741 740 0.0 0.0 ellipse
742 741 0.0 0.0 ellipse
743 742 0.0 0.0 ellipse
744 743 0.0 0.0 ellipse
745 744 0.0 0.0 ellipse
746 745 0.0 0.0 ellipse
747 746 0.0 0.0 ellipse
748 747 0.0 0.0 ellipse
749 748 0.0 0.0 ellipse
750 749 0.0 0.0 ellipse
751 750 0.0 0.0 ellipse
752 751 0.0 0.0 ellipse
753 752 0.0 0.0 ellipse
754 753 0.0 0.0 ellipse
755 754 0.0 0.0 ellipse
756 755 0.0 0.0 ellipse
757 756 0.0 0.0 ellipse
758 757 0.0 0.0 ellipse
759 758 0.0 0.0 ellipse
760 759 0.0 0.0 ellipse
761 760 0.0 0.0 ellipse
762 761 0.0 0.0 ellipse
763 762 0.0 0.0 ellipse
764 763 0.0 0.0 ellipse
765 764 0.0 0.0 ellipse
766 765 0.0 0.0 ellipse
767 766 0.0 0.0 ellipse
768 767 0.0 0.0 ellipse
769 768 0.0 0.0 ellipse
770 769 0.0 0.0 ellipse
771 770 0.0 0.0 ellipse
772 771 0.0 0.0 ellipse
773 772 0.0 0.0 ellipse
774 773 0.0 0.0 ellipse
775 774 0.0 0.0 ellipse
776 775 0.0 0.0 ellipse
777 776 0.0 0.0 ellipse
778 777 0.0 0.0 ellipse
779 778 0.0 0.0 ellipse
780 779 0.0 0.0 ellipse
781 780 0.0 0.0 ellipse
782 781 0.0 0.0 ellipse
783 782 0.0 0.0 ellipse
784 783 0.0 0.0 ellipse
785 784 0.0 0.0 ellipse
786 785 0.0 0.0 ellipse
787 786 0.0 0.0 ellipse
788 787 0.0 0.0 ellipse
789 788 0.0 0.0 ellipse
790 789 0.0 0.0 ellipse
791 790 0.0 0.0 ellipse
792 791 0.0 0.0 ellipse
793 792 0.0 0.0 ellipse
794 793 0.0 0.0 ellipse
795 794 0.0 0.0 ellipse
796 795 0.0 0.0 ellipse
797 796 0.0 0.0 ellipse
798 797 0.0 0.0 ellipse
799 798 0.0 0.0 ellipse
800 799 0.0 0.0 ellipse
801 800 0.0 0.0 ellipse
802 801 0.0 0.0 ellipse
803 802 0.0 0.0 ellipse
804 803 0.0 0.0 ellipse
805 804 0.0 0.0 ellipse
806 805 0.0 0.0 ellipse
807 806 0.0 0.0 ellipse
808 807 0.0 0.0 ellipse
809 808 0.0 0.0 ellipse
810 809 0.0 0.0 ellipse
811 810 0.0 0.0 ellipse
812 811 0.0 0.0 ellipse
813 812 0.0 0.0 ellipse
814 813 0.0 0.0 ellipse
815 814 0.0 0.0 ellipse
816 815 0.0 0.0 ellipse
817 816 0.0 0.0 ellipse
818 817 0.0 0.0 ellipse
819 818 0.0 0.0 ellipse
820 819 0.0 0.0 ellipse
821 820 0.0 0.0 ellipse
822 821 0.0 0.0 ellipse
823 822 0.0 0.0 ellipse
824 823 0.0 0.0 ellipse
825 824 0.0 0.0 ellipse
826 825 0.0 0.0 ellipse
827 826 0.0 0.0 ellipse
828 827 0.0 0.0 ellipse
829 828 0.0 0.0 ellipse
830 829 0.0 0.0 ellipse
831 830 0.0 0.0 ellipse
832 831 0.0 0.0 ellipse
833 832 0.0 0.0 ellipse
834 833 0.0 0.0 ellipse
835 834 0.0 0.0 ellipse
836 835 0.0 0.0 ellipse
837 836 0.0 0.0 ellipse
838 837 0.0 0.0 ellipse
839 838 0.0 0.0 ellipse
840 839 0.0 0.0 ellipse
841 840 0.0 0.0 ellipse
842 841 0.0 0.0 ellipse
843 842 0.0 0.0 ellipse
844 843 0.0 0.0 ellipse
845 844 0.0 0.0 ellipse
846 845 0.0 0.0 ellipse
847 846 0.0 0.0 ellipse
848 847 0.0 0.0 ellipse
849 848 0.0 0.0 ellipse
850 849 0.0 0.0 ellipse
851 850 0.0 0.0 ellipse
852 851 0.0 0.0 ellipse
853 852 0.0 0.0 ellipse
854 853 0.0 0.0 ellipse
855 854 0.0 0.0 ellipse
856 855 0.0 0.0 ellipse
857 856 0.0 0.0 ellipse
858 857 0.0 0.0 ellipse
859 858 0.0 0.0 ellipse
860 859 0.0 0.0 ellipse
861 860 0.0 0.0 ellipse
862 861 0.0 0.0 ellipse
863 862 0.0 0.0 ellipse
864 863 0.0 0.0 ellipse
865 864 0.0 0.0 ellipse
866 865 0.0 0.0 ellipse
867 866 0.0 0.0 ellipse
868 867 0.0 0.0 ellipse
869 868 0.0 0.0 ellipse
870 869 0.0 0.0 ellipse
871 870 0.0 0.0 ellipse
872 871 0.0 0.0 ellipse
873 872 0.0 0.0 ellipse
874 873 0.0 0.0 ellipse
875 874 0.0 0.0 ellipse
876 875 0.0 0.0 ellipse
877 876 0.0 0.0 ellipse
878 877 0.0 0.0 ellipse
879 878 0.0 0.0 ellipse
880 879 0.0 0.0 ellipse
881 880 0.0 0.0 ellipse
882 881 0.0 0.0 ellipse
883 882 0.0 0.0 ellipse
884 883 0.0 0.0 ellipse
885 884 0.0 0.0 ellipse
886 885 0.0 0.0 ellipse
887 886 0.0 0.0 ellipse
888 887 0.0 0.0 ellipse
889 888 0.0 0.0 ellipse
890 889 0.0 0.0 ellipse
891 890 0.0 0.0 ellipse
892 891 0.0 0.0 ellipse
893 892 0.0 0.0 ellipse
894 893 0.0 0.0 ellipse
895 894 0.0 0.0 ellipse
896 895 0.0 0.0 ellipse
897 896 0.0 0.0 ellipse
898 897 0.0 0.0 ellipse
899 898 0.0 0.0 ellipse
900 899 0.0 0.0 ellipse
901 900 0.0 0.0 ellipse
902 901 0.0 0.0 ellipse
903 902 0.0 0.0 ellipse
904 903 0.0 0.0 ellipse
905 904 0.0 0.0 ellipse
906 905 0.0 0.0 ellipse
907 906 0.0 0.0 ellipse
908 907 0.0 0.0 ellipse
909 908 0.0 0.0 ellipse
910 909 0.0 0.0 ellipse
911 910 0.0 0.0 ellipse
912 911 0.0 0.0 ellipse
913 912 0.0 0.0 ellipse
914 913 0.0 0.0 ellipse
915 914 0.0 0.0 ellipse
916 915 0.0 0.0 ellipse
917 916 0.0 0.0 ellipse
918 917 0.0 0.0 ellipse
919 918 0.0 0.0 ellipse
920 919 0.0 0.0 ellipse
921 920 0.0 0.0 ellipse
922 921 0.0 0.0 ellipse
923 922 0.0 0.0 ellipse
924 923 0.0 0.0 ellipse
925 924 0.0 0.0 ellipse
926 925 0.0 0.0 ellipse
927 926 0.0 0.0 ellipse
928 927 0.0 0.0 ellipse
929 928 0.0 0.0 ellipse
930 929 0.0 0.0 ellipse
931 930 0.0 0.0 ellipse
932 931 0.0 0.0 ellipse
933 932 0.0 0.0 ellipse
934 933 0.0 0.0 ellipse
935 934 0.0 0.0 ellipse
936 935 0.0 0.0 ellipse
937 936 0.0 0.0 ellipse
938 937 0.0 0.0 ellipse
939 938 0.0 0.0 ellipse
940 939 0.0 0.0 ellipse
941 940 0.0 0.0 ellipse
942 941 0.0 0.0 ellipse
943 942 0.0 0.0 ellipse
944 943 0.0 0.0 ellipse
945 944 0.0 0.0 ellipse
946 945 0.0 0.0 ellipse
947 946 0.0 0.0 ellipse
948 947 0.0 0.0 ellipse
949 948 0.0 0.0 ellipse
950 949 0.0 0.0 ellipse
951 950 0.0 0.0 ellipse
952 951 0.0 0.0 ellipse
953 952 0.0 0.0 ellipse
954 953 0.0 0.0 ellipse
955 954 0.0 0.0 ellipse
956 955 0.0 0.0 ellipse
957 956 0.0 0.0 ellipse
958 957 0.0 0.0 ellipse
959 958 0.0 0.0 ellipse
960 959 0.0 0.0 ellipse
961 960 0.0 0.0 ellipse
962 961 0.0 0.0 ellipse
963 962 0.0 0.0 ellipse
964 963 0.0 0.0 ellipse
965 964 0.0 0.0 ellipse
966 965 0.0 0.0 ellipse
967 966 0.0 0.0 ellipse
968 967 0.0 0.0 ellipse
969 968 0.0 0.0 ellipse
970 969 0.0 0.0 ellipse
971 970 0.0 0.0 ellipse
972 971 0.0 0.0 ellipse
973 972 0.0 0.0 ellipse
974 973 0.0 0.0 ellipse
975 974 0.0 0.0 ellipse
976 975 0.0 0.0 ellipse
977 976 0.0 0.0 ellipse
978 977 0.0 0.0 ellipse
979 978 0.0 0.0 ellipse
980 979 0.0 0.0 ellipse
981 980 0.0 0.0 ellipse
982 981 0.0 0.0 ellipse
983 982 0.0 0.0 ellipse
984 983 0.0 0.0 ellipse
985 984 0.0 0.0 ellipse
986 985 0.0 0.0 ellipse
987 986 0.0 0.0 ellipse
988 987 0.0 0.0 ellipse
989 988 0.0 0.0 ellipse
990 989 0.0 0.0 ellipse
991 990 0.0 0.0 ellipse
992 991 0.0 0.0 ellipse
993 992 0.0 0.0 ellipse
994 993 0.0 0.0 ellipse
995 994 0.0 0.0 ellipse
996 995 0.0 0.0 ellipse
997 996 0.0 0.0 ellipse
998 997 0.0 0.0 ellipse
999 998 0.0 0.0 ellipse
1000 999 0.0 0.0 ellipse
*edges
1 745 1.0
1 805 1.0
2 994 1.0
3 313 1.0
3 641 1.0
4 315 1.0
5 448 1.0
6 529 1.0
6 415 1.0
7 860 1.0
7 615 1.0
7 732 1.0
8 363 1.0
8 397 1.0
9 240 1.0
10 322 1.0
11 307 1.0
11 789 1.0
11 423 1.0
12 327 1.0
13 638 1.0
14 931 1.0
15 530 1.0
16 647 1.0
17 737 1.0
18 707 1.0
18 99 1.0
18 735 1.0
18 472 1.0
19 449 1.0
20 478 1.0
21 821 1.0
22 885 1.0
23 393 1.0
23 386 1.0
23 212 1.0
23 254 1.0
23 265 1.0
24 150 1.0
25 268 1.0
26 232 1.0
27 143 1.0
28 477 1.0
28 984 1.0
29 537 1.0
29 581 1.0
30 335 1.0
31 89 1.0
32 929 1.0
32 100 1.0
33 733 1.0
34 421 1.0
34 88 1.0
35 943 1.0
36 770 1.0
36 308 1.0
36 970 1.0
36 171 1.0
36 491 1.0
36 767 1.0
36 576 1.0
37 691 1.0
38 345 1.0
39 73 1.0
39 331 1.0
39 182 1.0
40 561 1.0
40 474 1.0
41 394 1.0
41 724 1.0
42 449 1.0
43 293 1.0
44 313 1.0
45 358 1.0
46 841 1.0
46 395 1.0
47 348 1.0
47 861 1.0
48 839 1.0
49 499 1.0
50 182 1.0
51 103 1.0
52 109 1.0
53 358 1.0
54 312 1.0
55 772 1.0
55 804 1.0
55 895 1.0
56 677 1.0
56 487 1.0
56 879 1.0
56 552 1.0
57 473 1.0
58 329 1.0
59 143 1.0
60 679 1.0
61 702 1.0
61 790 1.0
62 188 1.0
63 220 1.0
63 120 1.0
64 297 1.0
64 763 1.0
65 922 1.0
65 364 1.0
65 429 1.0
65 950 1.0
65 686 1.0
66 598 1.0
67 776 1.0
68 422 1.0
69 763 1.0
69 582 1.0
69 552 1.0
70 878 1.0
70 398 1.0
71 497 1.0
71 143 1.0
72 182 1.0
72 694 1.0
73 593 1.0
73 890 1.0
73 143 1.0
74 626 1.0
74 863 1.0
75 187 1.0
75 260 1.0
76 281 1.0
76 499 1.0
77 769 1.0
77 902 1.0
77 359 1.0
78 993 1.0
79 801 1.0
79 690 1.0
79 499 1.0
79 212 1.0
79 471 1.0
79 746 1.0
79 476 1.0
79 479 1.0
80 585 1.0
80 883 1.0
81 277 1.0
81 149 1.0
81 216 1.0
82 674 1.0
83 856 1.0
84 421 1.0
85 353 1.0
85 937 1.0
85 171 1.0
85 556 1.0
85 766 1.0
86 618 1.0
87 667 1.0
88 983 1.0
89 928 1.0
90 555 1.0
90 791 1.0
91 600 1.0
92 164 1.0
92 184 1.0
93 176 1.0
94 995 1.0
94 597 1.0
94 326 1.0
94 167 1.0
94 233 1.0
94 243 1.0
94 527 1.0
94 206 1.0
95 692 1.0
96 957 1.0
97 598 1.0
98 714 1.0
99 497 1.0
99 605 1.0
99 110 1.0
99 593 1.0
100 902 1.0
101 257 1.0
102 629 1.0
102 647 1.0
102 775 1.0
104 763 1.0
104 956 1.0
105 652 1.0
106 698 1.0
106 948 1.0
107 446 1.0
108 294 1.0
109 540 1.0
109 499 1.0
110 122 1.0
110 995 1.0
111 647 1.0
112 483 1.0
112 636 1.0
113 386 1.0
114 628 1.0
115 739 1.0
116 688 1.0
117 603 1.0
118 820 1.0
119 643 1.0
120 478 1.0
121 177 1.0
121 399 1.0
122 862 1.0
123 324 1.0
123 438 1.0
123 958 1.0
124 865 1.0
124 690 1.0
124 640 1.0
125 554 1.0
125 542 1.0
125 463 1.0
125 320 1.0
126 830 1.0
127 248 1.0
128 739 1.0
128 278 1.0
128 967 1.0
128 360 1.0
128 842 1.0
128 477 1.0
128 131 1.0
128 959 1.0
128 654 1.0
129 626 1.0
130 161 1.0
130 869 1.0
130 966 1.0
131 594 1.0
131 667 1.0
132 212 1.0
133 834 1.0
134 378 1.0
135 934 1.0
136 499 1.0
136 541 1.0
137 599 1.0
138 497 1.0
138 785 1.0
138 739 1.0
139 256 1.0
140 660 1.0
141 679 1.0
142 908 1.0
142 143 1.0
143 450 1.0
143 387 1.0
143 197 1.0
143 208 1.0
143 722 1.0
143 147 1.0
143 790 1.0
143 792 1.0
143 729 1.0
143 282 1.0
143 541 1.0
143 379 1.0
143 521 1.0
143 612 1.0
143 421 1.0
143 871 1.0
143 616 1.0
143 489 1.0
143 234 1.0
143 235 1.0
143 620 1.0
143 943 1.0
143 176 1.0
143 497 1.0
143 777 1.0
143 243 1.0
143 948 1.0
143 566 1.0
143 314 1.0
143 636 1.0
143 637 1.0
143 171 1.0
143 822 1.0
144 876 1.0
144 832 1.0
145 401 1.0
146 968 1.0
146 984 1.0
147 354 1.0
148 658 1.0
148 412 1.0
149 473 1.0
150 585 1.0
150 667 1.0
150 748 1.0
150 486 1.0
151 861 1.0
151 243 1.0
151 549 1.0
151 743 1.0
151 392 1.0
152 421 1.0
153 843 1.0
154 549 1.0
155 634 1.0
155 701 1.0
156 219 1.0
156 221 1.0
157 906 1.0
157 923 1.0
158 821 1.0
159 189 1.0
159 792 1.0
160 681 1.0
160 466 1.0
161 739 1.0
161 292 1.0
161 261 1.0
161 470 1.0
161 920 1.0
161 427 1.0
161 477 1.0
161 171 1.0
161 256 1.0
162 689 1.0
162 927 1.0
163 273 1.0
163 708 1.0
165 457 1.0
165 171 1.0
166 972 1.0
168 330 1.0
169 262 1.0
169 664 1.0
170 995 1.0
171 355 1.0
171 522 1.0
171 913 1.0
171 626 1.0
171 708 1.0
171 923 1.0
171 415 1.0
172 949 1.0
172 647 1.0
172 944 1.0
173 402 1.0
174 531 1.0
175 556 1.0
176 882 1.0
176 835 1.0
176 440 1.0
176 777 1.0
176 483 1.0
177 692 1.0
177 870 1.0
178 715 1.0
179 785 1.0
179 626 1.0
179 243 1.0
179 244 1.0
179 805 1.0
179 595 1.0
180 345 1.0
180 578 1.0
180 371 1.0
180 498 1.0
181 265 1.0
182 388 1.0
182 738 1.0
182 364 1.0
183 724 1.0
184 319 1.0
185 850 1.0
185 563 1.0
185 499 1.0
186 585 1.0
186 311 1.0
187 963 1.0
188 469 1.0
189 945 1.0
189 978 1.0
189 278 1.0
189 647 1.0
189 777 1.0
189 570 1.0
189 718 1.0
190 667 1.0
191 348 1.0
192 433 1.0
193 899 1.0
193 454 1.0
194 285 1.0
194 367 1.0
195 919 1.0
196 746 1.0
196 603 1.0
197 502 1.0
197 598 1.0
198 861 1.0
199 229 1.0
199 902 1.0
200 779 1.0
200 212 1.0
201 647 1.0
202 626 1.0
203 453 1.0
204 666 1.0
204 422 1.0
204 456 1.0
205 837 1.0
205 212 1.0
205 957 1.0
205 533 1.0
206 411 1.0
206 245 1.0
206 287 1.0
207 773 1.0
207 917 1.0
209 269 1.0
210 769 1.0
210 488 1.0
211 602 1.0
212 902 1.0
212 396 1.0
212 272 1.0
212 499 1.0
212 821 1.0
212 918 1.0
212 951 1.0
212 475 1.0
213 386 1.0
213 435 1.0
214 549 1.0
214 567 1.0
215 647 1.0
216 241 1.0
216 715 1.0
217 696 1.0
218 689 1.0
218 996 1.0
218 501 1.0
218 888 1.0
219 457 1.0
222 695 1.0
223 753 1.0
223 903 1.0
224 451 1.0
225 479 1.0
226 715 1.0
227 345 1.0
227 468 1.0
228 499 1.0
230 683 1.0
230 823 1.0
231 603 1.0
231 767 1.0
232 371 1.0
232 556 1.0
233 850 1.0
233 499 1.0
233 789 1.0
233 312 1.0
233 329 1.0
233 613 1.0
234 383 1.0
234 656 1.0
235 818 1.0
235 967 1.0
236 747 1.0
237 730 1.0
237 499 1.0
237 397 1.0
237 494 1.0
237 671 1.0
238 792 1.0
239 247 1.0
240 505 1.0
240 421 1.0
240 705 1.0
241 619 1.0
241 771 1.0
242 796 1.0
242 820 1.0
243 993 1.0
243 866 1.0
243 581 1.0
243 809 1.0
243 718 1.0
243 798 1.0
243 497 1.0
243 244 1.0
243 662 1.0
243 632 1.0
243 668 1.0
243 817 1.0
243 980 1.0
243 960 1.0
245 611 1.0
245 356 1.0
245 421 1.0
245 937 1.0
245 989 1.0
245 526 1.0
245 499 1.0
245 568 1.0
245 986 1.0
245 603 1.0
245 861 1.0
246 337 1.0
249 706 1.0
249 581 1.0
250 817 1.0
250 626 1.0
251 456 1.0
252 481 1.0
253 290 1.0
255 892 1.0
255 980 1.0
257 763 1.0
257 910 1.0
258 513 1.0
258 603 1.0
259 509 1.0
260 820 1.0
261 345 1.0
262 724 1.0
263 948 1.0
263 541 1.0
263 984 1.0
264 747 1.0
264 348 1.0
264 484 1.0
264 280 1.0
265 273 1.0
265 690 1.0
265 880 1.0
266 632 1.0
267 598 1.0
267 407 1.0
267 904 1.0
269 384 1.0
270 407 1.0
271 622 1.0
272 823 1.0
272 596 1.0
272 852 1.0
272 294 1.0
272 576 1.0
273 870 1.0
273 319 1.0
274 690 1.0
275 624 1.0
276 586 1.0
276 864 1.0
277 291 1.0
277 428 1.0
277 781 1.0
278 806 1.0
278 647 1.0
279 746 1.0
279 923 1.0
279 944 1.0
280 911 1.0
281 434 1.0
282 499 1.0
283 433 1.0
283 690 1.0
283 567 1.0
283 354 1.0
283 477 1.0
283 944 1.0
284 473 1.0
284 661 1.0
284 678 1.0
284 552 1.0
284 313 1.0
284 549 1.0
284 716 1.0
284 648 1.0
285 922 1.0
286 426 1.0
286 932 1.0
288 372 1.0
289 626 1.0
290 506 1.0
290 462 1.0
290 311 1.0
292 333 1.0
292 703 1.0
293 578 1.0
294 500 1.0
294 980 1.0
295 389 1.0
295 872 1.0
296 944 1.0
297 708 1.0
298 763 1.0
299 697 1.0
299 564 1.0
300 623 1.0
301 419 1.0
301 820 1.0
302 989 1.0
302 767 1.0
303 554 1.0
303 388 1.0
303 812 1.0
303 964 1.0
304 603 1.0
305 952 1.0
306 759 1.0
306 592 1.0
309 984 1.0
310 364 1.0
310 711 1.0
311 948 1.0
311 421 1.0
311 647 1.0
311 712 1.0
311 521 1.0
311 412 1.0
312 571 1.0
312 983 1.0
313 741 1.0
315 437 1.0
316 591 1.0
317 954 1.0
317 960 1.0
318 361 1.0
320 630 1.0
320 703 1.0
320 552 1.0
321 565 1.0
322 785 1.0
323 538 1.0
324 967 1.0
325 603 1.0
325 421 1.0
325 680 1.0
327 604 1.0
327 589 1.0
328 1000 1.0
329 792 1.0
330 593 1.0
331 477 1.0
332 813 1.0
334 367 1.0
336 739 1.0
338 521 1.0
338 482 1.0
338 822 1.0
338 702 1.0
338 368 1.0
339 421 1.0
340 517 1.0
340 966 1.0
340 792 1.0
340 554 1.0
340 891 1.0
340 971 1.0
341 461 1.0
342 408 1.0
343 421 1.0
344 582 1.0
345 475 1.0
345 860 1.0
345 779 1.0
345 399 1.0
345 500 1.0
345 977 1.0
345 789 1.0
345 756 1.0
345 997 1.0
345 667 1.0
345 412 1.0
345 766 1.0
346 537 1.0
347 368 1.0
348 421 1.0
349 763 1.0
350 885 1.0
350 694 1.0
351 394 1.0
352 573 1.0
354 697 1.0
354 364 1.0
355 897 1.0
355 626 1.0
355 534 1.0
355 423 1.0
355 603 1.0
355 768 1.0
356 498 1.0
356 515 1.0
356 484 1.0
356 406 1.0
356 407 1.0
356 521 1.0
356 598 1.0
357 997 1.0
358 963 1.0
358 479 1.0
360 641 1.0
360 728 1.0
362 918 1.0
363 603 1.0
363 878 1.0
364 626 1.0
364 457 1.0
364 817 1.0
365 820 1.0
366 650 1.0
368 559 1.0
369 965 1.0
370 566 1.0
371 817 1.0
371 388 1.0
371 631 1.0
371 999 1.0
371 521 1.0
371 971 1.0
371 556 1.0
371 497 1.0
371 982 1.0
371 439 1.0
371 603 1.0
371 541 1.0
371 478 1.0
373 552 1.0
374 619 1.0
375 961 1.0
376 423 1.0
377 966 1.0
378 497 1.0
380 917 1.0
381 466 1.0
382 787 1.0
383 443 1.0
384 778 1.0
385 966 1.0
386 433 1.0
386 931 1.0
386 875 1.0
386 620 1.0
386 899 1.0
386 910 1.0
386 857 1.0
386 505 1.0
386 763 1.0
386 541 1.0
389 817 1.0
389 518 1.0
390 907 1.0
391 526 1.0
392 610 1.0
394 827 1.0
395 749 1.0
397 590 1.0
398 923 1.0
400 418 1.0
400 739 1.0
402 762 1.0
403 405 1.0
404 682 1.0
405 778 1.0
409 692 1.0
410 723 1.0
410 854 1.0
412 881 1.0
412 511 1.0
413 739 1.0
413 460 1.0
413 976 1.0
414 497 1.0
414 845 1.0
414 856 1.0
416 539 1.0
417 801 1.0
417 931 1.0
417 983 1.0
419 598 1.0
420 965 1.0
421 967 1.0
421 904 1.0
421 552 1.0
421 647 1.0
421 934 1.0
421 440 1.0
421 790 1.0
422 427 1.0
422 932 1.0
422 598 1.0
424 555 1.0
425 690 1.0
425 451 1.0
425 708 1.0
425 574 1.0
426 461 1.0
428 521 1.0
429 730 1.0
429 979 1.0
430 994 1.0
430 669 1.0
431 859 1.0
432 690 1.0
433 549 1.0
433 918 1.0
435 725 1.0
436 984 1.0
438 966 1.0
438 752 1.0
439 991 1.0
441 840 1.0
442 994 1.0
443 626 1.0
444 923 1.0
445 794 1.0
447 719 1.0
448 739 1.0
450 497 1.0
450 475 1.0
451 552 1.0
451 916 1.0
451 655 1.0
452 585 1.0
452 684 1.0
455 647 1.0
456 922 1.0
456 775 1.0
456 672 1.0
457 527 1.0
458 829 1.0
458 967 1.0
459 572 1.0
462 799 1.0
464 744 1.0
465 797 1.0
467 636 1.0
467 909 1.0
467 574 1.0
468 816 1.0
471 936 1.0
472 918 1.0
473 927 1.0
474 889 1.0
474 902 1.0
475 923 1.0
475 785 1.0
477 556 1.0
477 949 1.0
477 598 1.0
477 677 1.0
477 893 1.0
478 739 1.0
479 990 1.0
480 760 1.0
481 521 1.0
482 579 1.0
483 595 1.0
483 512 1.0
483 585 1.0
483 699 1.0
483 832 1.0
485 499 1.0
485 984 1.0
489 962 1.0
489 708 1.0
489 584 1.0
490 981 1.0
492 744 1.0
493 497 1.0
493 877 1.0
495 663 1.0
495 631 1.0
496 734 1.0
497 838 1.0
497 632 1.0
497 530 1.0
497 984 1.0
497 795 1.0
497 775 1.0
497 575 1.0
499 589 1.0
499 783 1.0
499 545 1.0
499 618 1.0
499 553 1.0
499 821 1.0
499 831 1.0
499 554 1.0
499 527 1.0
499 639 1.0
499 918 1.0
500 692 1.0
500 733 1.0
502 526 1.0
502 536 1.0
503 966 1.0
503 934 1.0
504 980 1.0
505 763 1.0
506 918 1.0
507 689 1.0
507 603 1.0
507 821 1.0
507 790 1.0
508 923 1.0
510 805 1.0
513 997 1.0
514 647 1.0
515 619 1.0
516 789 1.0
517 890 1.0
517 739 1.0
517 650 1.0
519 817 1.0
519 790 1.0
520 746 1.0
521 806 1.0
521 685 1.0
521 948 1.0
521 789 1.0
521 632 1.0
521 669 1.0
522 620 1.0
523 991 1.0
524 678 1.0
525 589 1.0
525 799 1.0
526 777 1.0
527 933 1.0
528 911 1.0
529 969 1.0
532 966 1.0
534 636 1.0
534 605 1.0
534 663 1.0
534 864 1.0
535 767 1.0
536 764 1.0
537 568 1.0
541 842 1.0
541 570 1.0
543 600 1.0
544 562 1.0
544 598 1.0
546 690 1.0
547 974 1.0
547 671 1.0
548 988 1.0
549 949 1.0
549 808 1.0
549 795 1.0
549 607 1.0
550 969 1.0
551 750 1.0
552 670 1.0
552 919 1.0
552 739 1.0
553 912 1.0
554 786 1.0
554 789 1.0
554 902 1.0
554 797 1.0
554 714 1.0
554 876 1.0
554 784 1.0
555 868 1.0
555 610 1.0
556 609 1.0
557 763 1.0
558 887 1.0
560 746 1.0
563 939 1.0
568 755 1.0
568 700 1.0
569 743 1.0
571 757 1.0
572 603 1.0
573 812 1.0
576 626 1.0
576 727 1.0
577 709 1.0
580 673 1.0
581 620 1.0
583 727 1.0
587 905 1.0
588 774 1.0
590 980 1.0
591 668 1.0
593 918 1.0
593 663 1.0
597 814 1.0
598 807 1.0
598 744 1.0
598 989 1.0
598 613 1.0
598 767 1.0
600 714 1.0
600 971 1.0
600 675 1.0
601 854 1.0
603 967 1.0
603 994 1.0
603 876 1.0
603 794 1.0
603 871 1.0
603 632 1.0
603 763 1.0
603 720 1.0
605 739 1.0
605 695 1.0
605 872 1.0
606 743 1.0
607 665 1.0
608 717 1.0
609 824 1.0
612 964 1.0
613 961 1.0
613 663 1.0
613 754 1.0
614 754 1.0
614 818 1.0
615 645 1.0
615 790 1.0
617 873 1.0
618 767 1.0
620 851 1.0
620 724 1.0
620 765 1.0
621 758 1.0
625 908 1.0
626 713 1.0
626 874 1.0
626 931 1.0
626 752 1.0
626 721 1.0
626 884 1.0
626 860 1.0
627 983 1.0
629 973 1.0
630 649 1.0
633 810 1.0
634 935 1.0
635 637 1.0
642 937 1.0
644 872 1.0
645 731 1.0
645 647 1.0
646 682 1.0
646 918 1.0
647 975 1.0
647 941 1.0
647 693 1.0
647 667 1.0
647 801 1.0
651 963 1.0
653 973 1.0
655 915 1.0
657 726 1.0
659 816 1.0
663 777 1.0
663 667 1.0
664 837 1.0
664 669 1.0
667 834 1.0
667 933 1.0
667 843 1.0
667 835 1.0
667 670 1.0
667 966 1.0
672 908 1.0
673 983 1.0
674 781 1.0
674 887 1.0
675 861 1.0
676 957 1.0
676 927 1.0
685 694 1.0
687 785 1.0
688 805 1.0
689 957 1.0
690 841 1.0
690 789 1.0
690 937 1.0
691 694 1.0
693 812 1.0
697 799 1.0
698 950 1.0
704 799 1.0
704 992 1.0
706 716 1.0
710 898 1.0
711 780 1.0
712 785 1.0
714 951 1.0
719 969 1.0
720 867 1.0
721 914 1.0
724 836 1.0
724 875 1.0
724 998 1.0
730 745 1.0
730 767 1.0
734 739 1.0
734 776 1.0
735 891 1.0
736 937 1.0
736 979 1.0
739 902 1.0
739 853 1.0
739 983 1.0
740 934 1.0
742 898 1.0
743 985 1.0
743 963 1.0
743 760 1.0
744 881 1.0
746 803 1.0
746 944 1.0
747 767 1.0
748 829 1.0
751 931 1.0
752 951 1.0
756 940 1.0
761 832 1.0
763 855 1.0
767 987 1.0
767 971 1.0
770 943 1.0
772 937 1.0
773 886 1.0
775 958 1.0
781 953 1.0
782 947 1.0
782 869 1.0
785 844 1.0
785 864 1.0
788 817 1.0
789 913 1.0
789 973 1.0
790 888 1.0
790 869 1.0
790 832 1.0
790 902 1.0
793 933 1.0
795 856 1.0
799 821 1.0
799 858 1.0
800 966 1.0
802 963 1.0
811 817 1.0
812 962 1.0
812 963 1.0
812 901 1.0
815 831 1.0
818 923 1.0
819 927 1.0
820 989 1.0
825 983 1.0
826 833 1.0
828 852 1.0
830 949 1.0
830 846 1.0
834 836 1.0
838 931 1.0
847 896 1.0
848 975 1.0
849 956 1.0
849 967 1.0
851 861 1.0
859 924 1.0
861 965 1.0
861 919 1.0
867 886 1.0
869 967 1.0
869 938 1.0
872 931 1.0
873 910 1.0
883 921 1.0
888 981 1.0
888 917 1.0
892 967 1.0
894 942 1.0
897 914 1.0
900 903 1.0
914 947 1.0
916 990 1.0
918 967 1.0
918 983 1.0
924 980 1.0
925 980 1.0
926 937 1.0
930 959 1.0
931 943 1.0
946 955 1.0
948 978 1.0
994 995 1.0
