*vertices 1001
1 0 0.0 0.0 ellipse
2 1 0.0 0.0 ellipse
3 2 0.0 0.0 ellipse
4 3 0.0 0.0 ellipse
5 4 0.0 0.0 ellipse
6 5 0.0 0.0 ellipse
7 6 0.0 0.0 ellipse
8 7 0.0 0.0 ellipse
9 8 0.0 0.0 ellipse
10 9 0.0 0.0 ellipse
11 10 0.0 0.0 ellipse
12 11 0.0 0.0 ellipse
13 12 0.0 0.0 ellipse
14 13 0.0 0.0 ellipse
15 14 0.0 0.0 ellipse
16 15 0.0 0.0 ellipse
17 16 0.0 0.0 ellipse
18 17 0.0 0.0 ellipse
19 18 0.0 0.0 ellipse
20 19 0.0 0.0 ellipse
21 20 0.0 0.0 ellipse
22 21 0.0 0.0 ellipse
23 22 0.0 0.0 ellipse
24 23 0.0 0.0 ellipse
25 24 0.0 0.0 ellipse
26 25 0.0 0.0 ellipse
27 26 0.0 0.0 ellipse
28 27 0.0 0.0 ellipse
29 28 0.0 0.0 ellipse
30 29 0.0 0.0 ellipse
31 30 0.0 0.0 ellipse
32 31 0.0 0.0 ellipse
33 32 0.0 0.0 ellipse
34 33 0.0 0.0 ellipse
35 34 0.0 0.0 ellipse
36 35 0.0 0.0 ellipse
37 36 0.0 0.0 ellipse
38 37 0.0 0.0 ellipse
39 38 0.0 0.0 ellipse
40 39 0.0 0.0 ellipse
41 40 0.0 0.0 ellipse
42 41 0.0 0.0 ellipse
43 42 0.0 0.0 ellipse
44 43 0.0 0.0 ellipse
45 44 0.0 0.0 ellipse
46 45 0.0 0.0 ellipse
47 46 0.0 0.0 ellipse
48 47 0.0 0.0 ellipse
49 48 0.0 0.0 ellipse
50 49 0.0 0.0 ellipse
51 50 0.0 0.0 ellipse
52 51 0.0 0.0 ellipse
53 52 0.0 0.0 ellipse
54 53 0.0 0.0 ellipse
55 54 0.0 0.0 ellipse
56 55 0.0 0.0 ellipse
57 56 0.0 0.0 ellipse
58 57 0.0 0.0 ellipse
59 58 0.0 0.0 ellipse
60 59 0.0 0.0 ellipse
61 60 0.0 0.0 ellipse
62 61 0.0 0.0 ellipse
63 62 0.0 0.0 ellipse
64 63 0.0 0.0 ellipse
65 64 0.0 0.0 ellipse
66 65 0.0 0.0 ellipse
67 66 0.0 0.0 ellipse
68 67 0.0 0.0 ellipse
69 68 0.0 0.0 ellipse
70 69 0.0 0.0 ellipse
71 70 0.0 0.0 ellipse
72 71 0.0 0.0 ellipse
73 72 0.0 0.0 ellipse
74 73 0.0 0.0 ellipse
75 74 0.0 0.0 ellipse
76 75 0.0 0.0 ellipse
77 76 0.0 0.0 ellipse
78 77 0.0 0.0 ellipse
79 78 0.0 0.0 ellipse
80 79 0.0 0.0 ellipse
81 80 0.0 0.0 ellipse
82 81 0.0 0.0 ellipse
83 82 0.0 0.0 ellipse
84 83 0.0 0.0 ellipse
85 84 0.0 0.0 ellipse
86 85 0.0 0.0 ellipse
87 86 0.0 0.0 ellipse
88 87 0.0 0.0 ellipse
89 88 0.0 0.0 ellipse
90 89 0.0 0.0 ellipse
91 90 0.0 0.0 ellipse
92 91 0.0 0.0 ellipse
93 92 0.0 0.0 ellipse
94 93 0.0 0.0 ellipse
95 94 0.0 0.0 ellipse
96 95 0.0 0.0 ellipse
97 96 0.0 0.0 ellipse
98 97 0.0 0.0 ellipse
99 98 0.0 0.0 ellipse
100 99 0.0 0.0 ellipse
101 100 0.0 0.0 ellipse
102 101 0.0 0.0 ellipse
103 102 0.0 0.0 ellipse
104 103 0.0 0.0 ellipse
105 104 0.0 0.0 ellipse
106 105 0.0 0.0 ellipse
107 106 0.0 0.0 ellipse
108 107 0.0 0.0 ellipse
109 108 0.0 0.0 ellipse
110 109 0.0 0.0 ellipse
111 110 0.0 0.0 ellipse
112 111 0.0 0.0 ellipse
113 112 0.0 0.0 ellipse
114 113 0.0 0.0 ellipse
115 114 0.0 0.0 ellipse
116 115 0.0 0.0 ellipse
117 116 0.0 0.0 ellipse
118 117 0.0 0.0 ellipse
119 118 0.0 0.0 ellipse
120 119 0.0 0.0 ellipse
121 120 0.0 0.0 ellipse
122 121 0.0 0.0 ellipse
123 122 0.0 0.0 ellipse
124 123 0.0 0.0 ellipse
125 124 0.0 0.0 ellipse
126 125 0.0 0.0 ellipse
127 126 0.0 0.0 ellipse
128 127 0.0 0.0 ellipse
129 128 0.0 0.0 ellipse
130 129 0.0 0.0 ellipse
131 130 0.0 0.0 ellipse
132 131 0.0 0.0 ellipse
133 132 0.0 0.0 ellipse
134 133 0.0 0.0 ellipse
135 134 0.0 0.0 ellipse
136 135 0.0 0.0 ellipse
137 136 0.0 0.0 ellipse
138 137 0.0 0.0 ellipse
139 138 0.0 0.0 ellipse
140 139 0.0 0.0 ellipse
141 140 0.0 0.0 ellipse
142 141 0.0 0.0 ellipse
143 142 0.0 0.0 ellipse
144 143 0.0 0.0 ellipse
145 144 0.0 0.0 ellipse
146 145 0.0 0.0 ellipse
147 146 0.0 0.0 ellipse
148 147 0.0 0.0 ellipse
149 148 0.0 0.0 ellipse
150 149 0.0 0.0 ellipse
151 150 0.0 0.0 ellipse
152 151 0.0 0.0 ellipse
153 152 0.0 0.0 ellipse
154 153 0.0 0.0 ellipse
155 154 0.0 0.0 ellipse
156 155 0.0 0.0 ellipse
157 156 0.0 0.0 ellipse
158 157 0.0 0.0 ellipse
159 158 0.0 0.0 ellipse
160 159 0.0 0.0 ellipse
161 160 0.0 0.0 ellipse
162 161 0.0 0.0 ellipse
163 162 0.0 0.0 ellipse
164 163 0.0 0.0 ellipse
165 164 0.0 0.0 ellipse
166 165 0.0 0.0 ellipse
167 166 0.0 0.0 ellipse
168 167 0.0 0.0 ellipse
169 168 0.0 0.0 ellipse
170 169 0.0 0.0 ellipse
171 170 0.0 0.0 ellipse
172 171 0.0 0.0 ellipse
173 172 0.0 0.0 ellipse
174 173 0.0 0.0 ellipse
175 174 0.0 0.0 ellipse
176 175 0.0 0.0 ellipse
177 176 0.0 0.0 ellipse
178 177 0.0 0.0 ellipse
179 178 0.0 0.0 ellipse
180 179 0.0 0.0 ellipse
181 180 0.0 0.0 ellipse
182 181 0.0 0.0 ellipse
183 182 0.0 0.0 ellipse
184 183 0.0 0.0 ellipse
185 184 0.0 0.0 ellipse
186 185 0.0 0.0 ellipse
187 186 0.0 0.0 ellipse
188 187 0.0 0.0 ellipse
189 188 0.0 0.0 ellipse
190 189 0.0 0.0 ellipse
191 190 0.0 0.0 ellipse
192 191 0.0 0.0 ellipse
193 192 0.0 0.0 ellipse
194 193 0.0 0.0 ellipse
195 194 0.0 0.0 ellipse
196 195 0.0 0.0 ellipse
197 196 0.0 0.0 ellipse
198 197 0.0 0.0 ellipse
199 198 0.0 0.0 ellipse
200 199 0.0 0.0 ellipse
201 200 0.0 0.0 ellipse
202 201 0.0 0.0 ellipse
203 202 0.0 0.0 ellipse
204 203 0.0 0.0 ellipse
205 204 0.0 0.0 ellipse
206 205 0.0 0.0 ellipse
207 206 0.0 0.0 ellipse
208 207 0.0 0.0 ellipse
209 208 0.0 0.0 ellipse
210 209 0.0 0.0 ellipse
211 210 0.0 0.0 ellipse
212 211 0.0 0.0 ellipse
213 212 0.0 0.0 ellipse
214 213 0.0 0.0 ellipse
215 214 0.0 0.0 ellipse
216 215 0.0 0.0 ellipse
217 216 0.0 0.0 ellipse
218 217 0.0 0.0 ellipse
219 218 0.0 0.0 ellipse
220 219 0.0 0.0 ellipse
221 220 0.0 0.0 ellipse
222 221 0.0 0.0 ellipse
223 222 0.0 0.0 ellipse
224 223 0.0 0.0 ellipse
225 224 0.0 0.0 ellipse
226 225 0.0 0.0 ellipse
227 226 0.0 0.0 ellipse
228 227 0.0 0.0 ellipse
229 228 0.0 0.0 ellipse
230 229 0.0 0.0 ellipse
231 230 0.0 0.0 ellipse
232 231 0.0 0.0 ellipse
233 232 0.0 0.0 ellipse
234 233 0.0 0.0 ellipse
235 234 0.0 0.0 ellipse
236 235 0.0 0.0 ellipse
237 236 0.0 0.0 ellipse
238 237 0.0 0.0 ellipse
239 238 0.0 0.0 ellipse
240 239 0.0 0.0 ellipse
241 240 0.0 0.0 ellipse
242 241 0.0 0.0 ellipse
243 242 0.0 0.0 ellipse
244 243 0.0 0.0 ellipse
245 244 0.0 0.0 ellipse
246 245 0.0 0.0 ellipse
247 246 0.0 0.0 ellipse
248 247 0.0 0.0 ellipse
249 248 0.0 0.0 ellipse
250 249 0.0 0.0 ellipse
251 250 0.0 0.0 ellipse
252 251 0.0 0.0 ellipse
253 252 0.0 0.0 ellipse
254 253 0.0 0.0 ellipse
255 254 0.0 0.0 ellipse
256 255 0.0 0.0 ellipse
257 256 0.0 0.0 ellipse
258 257 0.0 0.0 ellipse
259 258 0.0 0.0 ellipse
260 259 0.0 0.0 ellipse
261 260 0.0 0.0 ellipse
262 261 0.0 0.0 ellipse
263 262 0.0 0.0 ellipse
264 263 0.0 0.0 ellipse
265 264 0.0 0.0 ellipse
266 265 0.0 0.0 ellipse
267 266 0.0 0.0 ellipse
268 267 0.0 0.0 ellipse
269 268 0.0 0.0 ellipse
270 269 0.0 0.0 ellipse
271 270 0.0 0.0 ellipse
272 271 0.0 0.0 ellipse
273 272 0.0 0.0 ellipse
274 273 0.0 0.0 ellipse
275 274 0.0 0.0 ellipse
276 275 0.0 0.0 ellipse
277 276 0.0 0.0 ellipse
278 277 0.0 0.0 ellipse
279 278 0.0 0.0 ellipse
280 279 0.0 0.0 ellipse
281 280 0.0 0.0 ellipse
282 281 0.0 0.0 ellipse
283 282 0.0 0.0 ellipse
284 283 0.0 0.0 ellipse
285 284 0.0 0.0 ellipse
286 285 0.0 0.0 ellipse
287 286 0.0 0.0 ellipse
288 287 0.0 0.0 ellipse
289 288 0.0 0.0 ellipse
290 289 0.0 0.0 ellipse
291 290 0.0 0.0 ellipse
292 291 0.0 0.0 ellipse
293 292 0.0 0.0 ellipse
294 293 0.0 0.0 ellipse
295 294 0.0 0.0 ellipse
296 295 0.0 0.0 ellipse
297 296 0.0 0.0 ellipse
298 297 0.0 0.0 ellipse
299 298 0.0 0.0 ellipse
300 299 0.0 0.0 ellipse
301 300 0.0 0.0 ellipse
302 301 0.0 0.0 ellipse
303 302 0.0 0.0 ellipse
304 303 0.0 0.0 ellipse
305 304 0.0 0.0 ellipse
306 305 0.0 0.0 ellipse
307 306 0.0 0.0 ellipse
308 307 0.0 0.0 ellipse
309 308 0.0 0.0 ellipse
310 309 0.0 0.0 ellipse
311 310 0.0 0.0 ellipse
312 311 0.0 0.0 ellipse
313 312 0.0 0.0 ellipse
314 313 0.0 0.0 ellipse
315 314 0.0 0.0 ellipse
316 315 0.0 0.0 ellipse
317 316 0.0 0.0 ellipse
318 317 0.0 0.0 ellipse
319 318 0.0 0.0 ellipse
320 319 0.0 0.0 ellipse
321 320 0.0 0.0 ellipse
322 321 0.0 0.0 ellipse
323 322 0.0 0.0 ellipse
324 323 0.0 0.0 ellipse
325 324 0.0 0.0 ellipse
326 325 0.0 0.0 ellipse
327 326 0.0 0.0 ellipse
328 327 0.0 0.0 ellipse
329 328 0.0 0.0 ellipse
330 329 0.0 0.0 ellipse
331 330 0.0 0.0 ellipse
332 331 0.0 0.0 ellipse
333 332 0.0 0.0 ellipse
334 333 0.0 0.0 ellipse
335 334 0.0 0.0 ellipse
336 335 0.0 0.0 ellipse
337 336 0.0 0.0 ellipse
338 337 0.0 0.0 ellipse
339 338 0.0 0.0 ellipse
340 339 0.0 0.0 ellipse
341 340 0.0 0.0 ellipse
342 341 0.0 0.0 ellipse
343 342 0.0 0.0 ellipse
344 343 0.0 0.0 ellipse
345 344 0.0 0.0 ellipse
346 345 0.0 0.0 ellipse
347 346 0.0 0.0 ellipse
348 347 0.0 0.0 ellipse
349 348 0.0 0.0 ellipse
350 349 0.0 0.0 ellipse
351 350 0.0 0.0 ellipse
352 351 0.0 0.0 ellipse
353 352 0.0 0.0 ellipse
354 353 0.0 0.0 ellipse
355 354 0.0 0.0 ellipse
356 355 0.0 0.0 ellipse
357 356 0.0 0.0 ellipse
358 357 0.0 0.0 ellipse
359 358 0.0 0.0 ellipse
360 359 0.0 0.0 ellipse
361 360 0.0 0.0 ellipse
362 361 0.0 0.0 ellipse
363 362 0.0 0.0 ellipse
364 363 0.0 0.0 ellipse
365 364 0.0 0.0 ellipse
366 365 0.0 0.0 ellipse
367 366 0.0 0.0 ellipse
368 367 0.0 0.0 ellipse
369 368 0.0 0.0 ellipse
370 369 0.0 0.0 ellipse
371 370 0.0 0.0 ellipse
372 371 0.0 0.0 ellipse
373 372 0.0 0.0 ellipse
374 373 0.0 0.0 ellipse
375 374 0.0 0.0 ellipse
376 375 0.0 0.0 ellipse
377 376 0.0 0.0 ellipse
378 377 0.0 0.0 ellipse
379 378 0.0 0.0 ellipse
380 379 0.0 0.0 ellipse
381 380 0.0 0.0 ellipse
382 381 0.0 0.0 ellipse
383 382 0.0 0.0 ellipse
384 383 0.0 0.0 ellipse
385 384 0.0 0.0 ellipse
386 385 0.0 0.0 ellipse
387 386 0.0 0.0 ellipse
388 387 0.0 0.0 ellipse
389 388 0.0 0.0 ellipse
390 389 0.0 0.0 ellipse
391 390 0.0 0.0 ellipse
392 391 0.0 0.0 ellipse
393 392 0.0 0.0 ellipse
394 393 0.0 0.0 ellipse
395 394 0.0 0.0 ellipse
396 395 0.0 0.0 ellipse
397 396 0.0 0.0 ellipse
398 397 0.0 0.0 ellipse
399 398 0.0 0.0 ellipse
400 399 0.0 0.0 ellipse
401 400 0.0 0.0 ellipse
402 401 0.0 0.0 ellipse
403 402 0.0 0.0 ellipse
404 403 0.0 0.0 ellipse
405 404 0.0 0.0 ellipse
406 405 0.0 0.0 ellipse
407 406 0.0 0.0 ellipse
408 407 0.0 0.0 ellipse
409 408 0.0 0.0 ellipse
410 409 0.0 0.0 ellipse
411 410 0.0 0.0 ellipse
412 411 0.0 0.0 ellipse
413 412 0.0 0.0 ellipse
414 413 0.0 0.0 ellipse
415 414 0.0 0.0 ellipse
416 415 0.0 0.0 ellipse
417 416 0.0 0.0 ellipse
418 417 0.0 0.0 ellipse
419 418 0.0 0.0 ellipse
420 419 0.0 0.0 ellipse
421 420 0.0 0.0 ellipse
422 421 0.0 0.0 ellipse
423 422 0.0 0.0 ellipse
424 423 0.0 0.0 ellipse
425 424 0.0 0.0 ellipse
426 425 0.0 0.0 ellipse
427 426 0.0 0.0 ellipse
428 427 0.0 0.0 ellipse
429 428 0.0 0.0 ellipse
430 429 0.0 0.0 ellipse
431 430 0.0 0.0 ellipse
432 431 0.0 0.0 ellipse
433 432 0.0 0.0 ellipse
434 433 0.0 0.0 ellipse
435 434 0.0 0.0 ellipse
436 435 0.0 0.0 ellipse
437 436 0.0 0.0 ellipse
438 437 0.0 0.0 ellipse
439 438 0.0 0.0 ellipse
440 439 0.0 0.0 ellipse
441 440 0.0 0.0 ellipse
442 441 0.0 0.0 ellipse
443 442 0.0 0.0 ellipse
444 443 0.0 0.0 ellipse
445 444 0.0 0.0 ellipse
446 445 0.0 0.0 ellipse
447 446 0.0 0.0 ellipse
448 447 0.0 0.0 ellipse
449 448 0.0 0.0 ellipse
450 449 0.0 0.0 ellipse
451 450 0.0 0.0 ellipse
452 451 0.0 0.0 ellipse
453 452 0.0 0.0 ellipse
454 453 0.0 0.0 ellipse
455 454 0.0 0.0 ellipse
456 455 0.0 0.0 ellipse
457 456 0.0 0.0 ellipse
458 457 0.0 0.0 ellipse
459 458 0.0 0.0 ellipse
460 459 0.0 0.0 ellipse
461 460 0.0 0.0 ellipse
462 461 0.0 0.0 ellipse
463 462 0.0 0.0 ellipse
464 463 0.0 0.0 ellipse
465 464 0.0 0.0 ellipse
466 465 0.0 0.0 ellipse
467 466 0.0 0.0 ellipse
468 467 0.0 0.0 ellipse
469 468 0.0 0.0 ellipse
470 469 0.0 0.0 ellipse
471 470 0.0 0.0 ellipse
472 471 0.0 0.0 ellipse
473 472 0.0 0.0 ellipse
474 473 0.0 0.0 ellipse
475 474 0.0 0.0 ellipse
476 475 0.0 0.0 ellipse
477 476 0.0 0.0 ellipse
478 477 0.0 0.0 ellipse
479 478 0.0 0.0 ellipse
480 479 0.0 0.0 ellipse
481 480 0.0 0.0 ellipse
482 481 0.0 0.0 ellipse
483 482 0.0 0.0 ellipse
484 483 0.0 0.0 ellipse
485 484 0.0 0.0 ellipse
486 485 0.0 0.0 ellipse
487 486 0.0 0.0 ellipse
488 487 0.0 0.0 ellipse
489 488 0.0 0.0 ellipse
490 489 0.0 0.0 ellipse
491 490 0.0 0.0 ellipse
492 491 0.0 0.0 ellipse
493 492 0.0 0.0 ellipse
494 493 0.0 0.0 ellipse
495 494 0.0 0.0 ellipse
496 495 0.0 0.0 ellipse
497 496 0.0 0.0 ellipse
498 497 0.0 0.0 ellipse
499 498 0.0 0.0 ellipse
500 499 0.0 0.0 ellipse
501 500 0.0 0.0 ellipse
502 501 0.0 0.0 ellipse
503 502 0.0 0.0 ellipse
504 503 0.0 0.0 ellipse
505 504 0.0 0.0 ellipse
506 505 0.0 0.0 ellipse
507 506 0.0 0.0 ellipse
508 507 0.0 0.0 ellipse
509 508 0.0 0.0 ellipse
510 509 0.0 0.0 ellipse
511 510 0.0 0.0 ellipse
512 511 0.0 0.0 ellipse
513 512 0.0 0.0 ellipse
514 513 0.0 0.0 ellipse
515 514 0.0 0.0 ellipse
516 515 0.0 0.0 ellipse
517 516 0.0 0.0 ellipse
518 517 0.0 0.0 ellipse
519 518 0.0 0.0 ellipse
520 519 0.0 0.0 ellipse
521 520 0.0 0.0 ellipse
522 521 0.0 0.0 ellipse
523 522 0.0 0.0 ellipse
524 523 0.0 0.0 ellipse
525 524 0.0 0.0 ellipse
526 525 0.0 0.0 ellipse
527 526 0.0 0.0 ellipse
528 527 0.0 0.0 ellipse
529 528 0.0 0.0 ellipse
530 529 0.0 0.0 ellipse
531 530 0.0 0.0 ellipse
532 531 0.0 0.0 ellipse
533 532 0.0 0.0 ellipse
534 533 0.0 0.0 ellipse
535 534 0.0 0.0 ellipse
536 535 0.0 0.0 ellipse
537 536 0.0 0.0 ellipse
538 537 0.0 0.0 ellipse
539 538 0.0 0.0 ellipse
540 539 0.0 0.0 ellipse
541 540 0.0 0.0 ellipse
542 541 0.0 0.0 ellipse
543 542 0.0 0.0 ellipse
544 543 0.0 0.0 ellipse
545 544 0.0 0.0 ellipse
546 545 0.0 0.0 ellipse
547 546 0.0 0.0 ellipse
548 547 0.0 0.0 ellipse
549 548 0.0 0.0 ellipse
550 549 0.0 0.0 ellipse
551 550 0.0 0.0 ellipse
552 551 0.0 0.0 ellipse
553 552 0.0 0.0 ellipse
554 553 0.0 0.0 ellipse
555 554 0.0 0.0 ellipse
556 555 0.0 0.0 ellipse
557 556 0.0 0.0 ellipse
558 557 0.0 0.0 ellipse
559 558 0.0 0.0 ellipse
560 559 0.0 0.0 ellipse
561 560 0.0 0.0 ellipse
562 561 0.0 0.0 ellipse
563 562 0.0 0.0 ellipse
564 563 0.0 0.0 ellipse
565 564 0.0 0.0 ellipse
566 565 0.0 0.0 ellipse
567 566 0.0 0.0 ellipse
568 567 0.0 0.0 ellipse
569 568 0.0 0.0 ellipse
570 569 0.0 0.0 ellipse
571 570 0.0 0.0 ellipse
572 571 0.0 0.0 ellipse
573 572 0.0 0.0 ellipse
574 573 0.0 0.0 ellipse
575 574 0.0 0.0 ellipse
576 575 0.0 0.0 ellipse
577 576 0.0 0.0 ellipse
578 577 0.0 0.0 ellipse
579 578 0.0 0.0 ellipse
580 579 0.0 0.0 ellipse
581 580 0.0 0.0 ellipse
582 581 0.0 0.0 ellipse
583 582 0.0 0.0 ellipse
584 583 0.0 0.0 ellipse
585 584 0.0 0.0 ellipse
586 585 0.0 0.0 ellipse
587 586 0.0 0.0 ellipse
588 587 0.0 0.0 ellipse
589 588 0.0 0.0 ellipse
590 589 0.0 0.0 ellipse
591 590 0.0 0.0 ellipse
592 591 0.0 0.0 ellipse
593 592 0.0 0.0 ellipse
594 593 0.0 0.0 ellipse
595 594 0.0 0.0 ellipse
596 595 0.0 0.0 ellipse
597 596 0.0 0.0 ellipse
598 597 0.0 0.0 ellipse
599 598 0.0 0.0 ellipse
600 599 0.0 0.0 ellipse
601 600 0.0 0.0 ellipse
602 601 0.0 0.0 ellipse
603 602 0.0 0.0 ellipse
604 603 0.0 0.0 ellipse
605 604 0.0 0.0 ellipse
606 605 0.0 0.0 ellipse
607 606 0.0 0.0 ellipse
608 607 0.0 0.0 ellipse
609 608 0.0 0.0 ellipse
610 609 0.0 0.0 ellipse
611 610 0.0 0.0 ellipse
612 611 0.0 0.0 ellipse
613 612 0.0 0.0 ellipse
614 613 0.0 0.0 ellipse
615 614 0.0 0.0 ellipse
616 615 0.0 0.0 ellipse
617 616 0.0 0.0 ellipse
618 617 0.0 0.0 ellipse
619 618 0.0 0.0 ellipse
620 619 0.0 0.0 ellipse
621 620 0.0 0.0 ellipse
622 621 0.0 0.0 ellipse
623 622 0.0 0.0 ellipse
624 623 0.0 0.0 ellipse
625 624 0.0 0.0 ellipse
626 625 0.0 0.0 ellipse
627 626 0.0 0.0 ellipse
628 627 0.0 0.0 ellipse
629 628 0.0 0.0 ellipse
630 629 0.0 0.0 ellipse
631 630 0.0 0.0 ellipse
632 631 0.0 0.0 ellipse
633 632 0.0 0.0 ellipse
634 633 0.0 0.0 ellipse
635 634 0.0 0.0 ellipse
636 635 0.0 0.0 ellipse
637 636 0.0 0.0 ellipse
638 637 0.0 0.0 ellipse
639 638 0.0 0.0 ellipse
640 639 0.0 0.0 ellipse
641 640 0.0 0.0 ellipse
642 641 0.0 0.0 ellipse
643 642 0.0 0.0 ellipse
644 643 0.0 0.0 ellipse
645 644 0.0 0.0 ellipse
646 645 0.0 0.0 ellipse
647 646 0.0 0.0 ellipse
648 647 0.0 0.0 ellipse
649 648 0.0 0.0 ellipse
650 649 0.0 0.0 ellipse
651 650 0.0 0.0 ellipse
652 651 0.0 0.0 ellipse
653 652 0.0 0.0 ellipse
654 653 0.0 0.0 ellipse
655 654 0.0 0.0 ellipse
656 655 0.0 0.0 ellipse
657 656 0.0 0.0 ellipse
658 657 0.0 0.0 ellipse
659 658 0.0 0.0 ellipse
660 659 0.0 0.0 ellipse
661 660 0.0 0.0 ellipse
662 661 0.0 0.0 ellipse
663 662 0.0 0.0 ellipse
664 663 0.0 0.0 ellipse
665 664 0.0 0.0 ellipse
666 665 0.0 0.0 ellipse
667 666 0.0 0.0 ellipse
668 667 0.0 0.0 ellipse
669 668 0.0 0.0 ellipse
670 669 0.0 0.0 ellipse
671 670 0.0 0.0 ellipse
672 671 0.0 0.0 ellipse
673 672 0.0 0.0 ellipse
674 673 0.0 0.0 ellipse
675 674 0.0 0.0 ellipse
676 675 0.0 0.0 ellipse
677 676 0.0 0.0 ellipse
678 677 0.0 0.0 ellipse
679 678 0.0 0.0 ellipse
680 679 0.0 0.0 ellipse
681 680 0.0 0.0 ellipse
682 681 0.0 0.0 ellipse
683 682 0.0 0.0 ellipse
684 683 0.0 0.0 ellipse
685 684 0.0 0.0 ellipse
686 685 0.0 0.0 ellipse
687 686 0.0 0.0 ellipse
688 687 0.0 0.0 ellipse
689 688 0.0 0.0 ellipse
690 689 0.0 0.0 ellipse
691 690 0.0 0.0 ellipse
692 691 0.0 0.0 ellipse
693 692 0.0 0.0 ellipse
694 693 0.0 0.0 ellipse
695 694 0.0 0.0 ellipse
696 695 0.0 0.0 ellipse
697 696 0.0 0.0 ellipse
698 697 0.0 0.0 ellipse
699 698 0.0 0.0 ellipse
700 699 0.0 0.0 ellipse
701 700 0.0 0.0 ellipse
702 701 0.0 0.0 ellipse
703 702 0.0 0.0 ellipse
704 703 0.0 0.0 ellipse
705 704 0.0 0.0 ellipse
706 705 0.0 0.0 ellipse
707 706 0.0 0.0 ellipse
708 707 0.0 0.0 ellipse
709 708 0.0 0.0 ellipse
710 709 0.0 0.0 ellipse
711 710 0.0 0.0 ellipse
712 711 0.0 0.0 ellipse
713 712 0.0 0.0 ellipse
714 713 0.0 0.0 ellipse
715 714 0.0 0.0 ellipse
716 715 0.0 0.0 ellipse
717 716 0.0 0.0 ellipse
718 717 0.0 0.0 ellipse
719 718 0.0 0.0 ellipse
720 719 0.0 0.0 ellipse
721 720 0.0 0.0 ellipse
722 721 0.0 0.0 ellipse
723 722 0.0 0.0 ellipse
724 723 0.0 0.0 ellipse
725 724 0.0 0.0 ellipse
726 725 0.0 0.0 ellipse
727 726 0.0 0.0 ellipse
728 727 0.0 0.0 ellipse
729 728 0.0 0.0 ellipse
730 729 0.0 0.0 ellipse
731 730 0.0 0.0 ellipse
732 731 0.0 0.0 ellipse
733 732 0.0 0.0 ellipse
734 733 0.0 0.0 ellipse
735 734 0.0 0.0 ellipse
736 735 0.0 0.0 ellipse
737 736 0.0 0.0 ellipse
738 737 0.0 0.0 ellipse
739 738 0.0 0.0 ellipse
740 739 0.0 0.0 ellipse
741 740 0.0 0.0 ellipse
742 741 0.0 0.0 ellipse
743 742 0.0 0.0 ellipse
744 743 0.0 0.0 ellipse
745 744 0.0 0.0 ellipse
746 745 0.0 0.0 ellipse
747 746 0.0 0.0 ellipse
748 747 0.0 0.0 ellipse
749 748 0.0 0.0 ellipse
750 749 0.0 0.0 ellipse
751 750 0.0 0.0 ellipse
752 751 0.0 0.0 ellipse
753 752 0.0 0.0 ellipse
754 753 0.0 0.0 ellipse
755 754 0.0 0.0 ellipse
756 755 0.0 0.0 ellipse
757 756 0.0 0.0 ellipse
758 757 0.0 0.0 ellipse
759 758 0.0 0.0 ellipse
760 759 0.0 0.0 ellipse
761 760 0.0 0.0 ellipse
762 761 0.0 0.0 ellipse
763 762 0.0 0.0 ellipse
764 763 0.0 0.0 ellipse
765 764 0.0 0.0 ellipse
766 765 0.0 0.0 ellipse
767 766 0.0 0.0 ellipse
768 767 0.0 0.0 ellipse
769 768 0.0 0.0 ellipse
770 769 0.0 0.0 ellipse
771 770 0.0 0.0 ellipse
772 771 0.0 0.0 ellipse
773 772 0.0 0.0 ellipse
774 773 0.0 0.0 ellipse
775 774 0.0 0.0 ellipse
776 775 0.0 0.0 ellipse
777 776 0.0 0.0 ellipse
778 777 0.0 0.0 ellipse
779 778 0.0 0.0 ellipse
780 779 0.0 0.0 ellipse
781 780 0.0 0.0 ellipse
782 781 0.0 0.0 ellipse
783 782 0.0 0.0 ellipse
784 783 0.0 0.0 ellipse
785 784 0.0 0.0 ellipse
786 785 0.0 0.0 ellipse
787 786 0.0 0.0 ellipse
788 787 0.0 0.0 ellipse
789 788 0.0 0.0 ellipse
790 789 0.0 0.0 ellipse
791 790 0.0 0.0 ellipse
792 791 0.0 0.0 ellipse
793 792 0.0 0.0 ellipse
794 793 0.0 0.0 ellipse
795 794 0.0 0.0 ellipse
796 795 0.0 0.0 ellipse
797 796 0.0 0.0 ellipse
798 797 0.0 0.0 ellipse
799 798 0.0 0.0 ellipse
800 799 0.0 0.0 ellipse
801 800 0.0 0.0 ellipse
802 801 0.0 0.0 ellipse
803 802 0.0 0.0 ellipse
804 803 0.0 0.0 ellipse
805 804 0.0 0.0 ellipse
806 805 0.0 0.0 ellipse
807 806 0.0 0.0 ellipse
808 807 0.0 0.0 ellipse
809 808 0.0 0.0 ellipse
810 809 0.0 0.0 ellipse
811 810 0.0 0.0 ellipse
812 811 0.0 0.0 ellipse
813 812 0.0 0.0 ellipse
814 813 0.0 0.0 ellipse
815 814 0.0 0.0 ellipse
816 815 0.0 0.0 ellipse
817 816 0.0 0.0 ellipse
818 817 0.0 0.0 ellipse
819 818 0.0 0.0 ellipse
820 819 0.0 0.0 ellipse
821 820 0.0 0.0 ellipse
822 821 0.0 0.0 ellipse
823 822 0.0 0.0 ellipse
824 823 0.0 0.0 ellipse
825 824 0.0 0.0 ellipse
826 825 0.0 0.0 ellipse
827 826 0.0 0.0 ellipse
828 827 0.0 0.0 ellipse
829 828 0.0 0.0 ellipse
830 829 0.0 0.0 ellipse
831 830 0.0 0.0 ellipse
832 831 0.0 0.0 ellipse
833 832 0.0 0.0 ellipse
834 833 0.0 0.0 ellipse
835 834 0.0 0.0 ellipse
836 835 0.0 0.0 ellipse
837 836 0.0 0.0 ellipse
838 837 0.0 0.0 ellipse
839 838 0.0 0.0 ellipse
840 839 0.0 0.0 ellipse
841 840 0.0 0.0 ellipse
842 841 0.0 0.0 ellipse
843 842 0.0 0.0 ellipse
844 843 0.0 0.0 ellipse
845 844 0.0 0.0 ellipse
846 845 0.0 0.0 ellipse
847 846 0.0 0.0 ellipse
848 847 0.0 0.0 ellipse
849 848 0.0 0.0 ellipse
850 849 0.0 0.0 ellipse
851 850 0.0 0.0 ellipse
852 851 0.0 0.0 ellipse
853 852 0.0 0.0 ellipse
854 853 0.0 0.0 ellipse
855 854 0.0 0.0 ellipse
856 855 0.0 0.0 ellipse
857 856 0.0 0.0 ellipse
858 857 0.0 0.0 ellipse
859 858 0.0 0.0 ellipse
860 859 0.0 0.0 ellipse
861 860 0.0 0.0 ellipse
862 861 0.0 0.0 ellipse
863 862 0.0 0.0 ellipse
864 863 0.0 0.0 ellipse
865 864 0.0 0.0 ellipse
866 865 0.0 0.0 ellipse
867 866 0.0 0.0 ellipse
868 867 0.0 0.0 ellipse
869 868 0.0 0.0 ellipse
870 869 0.0 0.0 ellipse
871 870 0.0 0.0 ellipse
872 871 0.0 0.0 ellipse
873 872 0.0 0.0 ellipse
874 873 0.0 0.0 ellipse
875 874 0.0 0.0 ellipse
876 875 0.0 0.0 ellipse
877 876 0.0 0.0 ellipse
878 877 0.0 0.0 ellipse
879 878 0.0 0.0 ellipse
880 879 0.0 0.0 ellipse
881 880 0.0 0.0 ellipse
882 881 0.0 0.0 ellipse
883 882 0.0 0.0 ellipse
884 883 0.0 0.0 ellipse
885 884 0.0 0.0 ellipse
886 885 0.0 0.0 ellipse
887 886 0.0 0.0 ellipse
888 887 0.0 0.0 ellipse
889 888 0.0 0.0 ellipse
890 889 0.0 0.0 ellipse
891 890 0.0 0.0 ellipse
892 891 0.0 0.0 ellipse
893 892 0.0 0.0 ellipse
894 893 0.0 0.0 ellipse
895 894 0.0 0.0 ellipse
896 895 0.0 0.0 ellipse
897 896 0.0 0.0 ellipse
898 897 0.0 0.0 ellipse
899 898 0.0 0.0 ellipse
900 899 0.0 0.0 ellipse
901 900 0.0 0.0 ellipse
902 901 0.0 0.0 ellipse
903 902 0.0 0.0 ellipse
904 903 0.0 0.0 ellipse
905 904 0.0 0.0 ellipse
906 905 0.0 0.0 ellipse
907 906 0.0 0.0 ellipse
908 907 0.0 0.0 ellipse
909 908 0.0 0.0 ellipse
910 909 0.0 0.0 ellipse
911 910 0.0 0.0 ellipse
912 911 0.0 0.0 ellipse
913 912 0.0 0.0 ellipse
914 913 0.0 0.0 ellipse
915 914 0.0 0.0 ellipse
916 915 0.0 0.0 ellipse
917 916 0.0 0.0 ellipse
918 917 0.0 0.0 ellipse
919 918 0.0 0.0 ellipse
920 919 0.0 0.0 ellipse
921 920 0.0 0.0 ellipse
922 921 0.0 0.0 ellipse
923 922 0.0 0.0 ellipse
924 923 0.0 0.0 ellipse
925 924 0.0 0.0 ellipse
926 925 0.0 0.0 ellipse
927 926 0.0 0.0 ellipse
928 927 0.0 0.0 ellipse
929 928 0.0 0.0 ellipse
930 929 0.0 0.0 ellipse
931 930 0.0 0.0 ellipse
932 931 0.0 0.0 ellipse
933 932 0.0 0.0 ellipse
934 933 0.0 0.0 ellipse
935 934 0.0 0.0 ellipse
936 935 0.0 0.0 ellipse
937 936 0.0 0.0 ellipse
938 937 0.0 0.0 ellipse
939 938 0.0 0.0 ellipse
940 939 0.0 0.0 ellipse
941 940 0.0 0.0 ellipse
942 941 0.0 0.0 ellipse
943 942 0.0 0.0 ellipse
944 943 0.0 0.0 ellipse
945 944 0.0 0.0 ellipse
946 945 0.0 0.0 ellipse
947 946 0.0 0.0 ellipse
948 947 0.0 0.0 ellipse
949 948 0.0 0.0 ellipse
950 949 0.0 0.0 ellipse
951 950 0.0 0.0 ellipse
952 951 0.0 0.0 ellipse
953 952 0.0 0.0 ellipse
954 953 0.0 0.0 ellipse
955 954 0.0 0.0 ellipse
956 955 0.0 0.0 ellipse
957 956 0.0 0.0 ellipse
958 957 0.0 0.0 ellipse
959 958 0.0 0.0 ellipse
960 959 0.0 0.0 ellipse
961 960 0.0 0.0 ellipse
962 961 0.0 0.0 ellipse
963 962 0.0 0.0 ellipse
964 963 0.0 0.0 ellipse
965 964 0.0 0.0 ellipse
966 965 0.0 0.0 ellipse
967 966 0.0 0.0 ellipse
968 967 0.0 0.0 ellipse
969 968 0.0 0.0 ellipse
970 969 0.0 0.0 ellipse
971 970 0.0 0.0 ellipse
972 971 0.0 0.0 ellipse
973 972 0.0 0.0 ellipse
974 973 0.0 0.0 ellipse
975 974 0.0 0.0 ellipse
976 975 0.0 0.0 ellipse
977 976 0.0 0.0 ellipse
978 977 0.0 0.0 ellipse
979 978 0.0 0.0 ellipse
980 979 0.0 0.0 ellipse
981 980 0.0 0.0 ellipse
982 981 0.0 0.0 ellipse
983 982 0.0 0.0 ellipse
984 983 0.0 0.0 ellipse
985 984 0.0 0.0 ellipse
986 985 0.0 0.0 ellipse
987 986 0.0 0.0 ellipse
988 987 0.0 0.0 ellipse
989 988 0.0 0.0 ellipse
990 989 0.0 0.0 ellipse
991 990 0.0 0.0 ellipse
992 991 0.0 0.0 ellipse
993 992 0.0 0.0 ellipse
994 993 0.0 0.0 ellipse
995 994 0.0 0.0 ellipse
996 995 0.0 0.0 ellipse
997 996 0.0 0.0 ellipse
998 997 0.0 0.0 ellipse
999 998 0.0 0.0 ellipse
1000 999 0.0 0.0 ellipse
1001 1000 0.0 0.0 ellipse
*edges
1 3 1.0
1 5 1.0
1 6 1.0
1 7 1.0
1 8 1.0
1 9 1.0
1 10 1.0
1 13 1.0
1 15 1.0
1 19 1.0
1 20 1.0
1 21 1.0
1 23 1.0
1 24 1.0
1 25 1.0
1 26 1.0
1 28 1.0
1 31 1.0
1 32 1.0
1 33 1.0
1 35 1.0
1 38 1.0
1 40 1.0
1 42 1.0
1 43 1.0
1 44 1.0
1 45 1.0
1 47 1.0
1 48 1.0
1 49 1.0
1 52 1.0
1 55 1.0
1 56 1.0
1 57 1.0
1 60 1.0
1 61 1.0
1 62 1.0
1 64 1.0
1 67 1.0
1 68 1.0
1 70 1.0
1 71 1.0
1 72 1.0
1 73 1.0
1 74 1.0
1 75 1.0
1 76 1.0
1 78 1.0
1 79 1.0
1 80 1.0
1 82 1.0
1 83 1.0
1 84 1.0
1 85 1.0
1 86 1.0
1 87 1.0
1 89 1.0
1 91 1.0
1 92 1.0
1 93 1.0
1 94 1.0
1 95 1.0
1 97 1.0
1 98 1.0
1 99 1.0
1 100 1.0
1 101 1.0
1 102 1.0
1 103 1.0
1 104 1.0
1 105 1.0
1 106 1.0
1 108 1.0
1 109 1.0
1 111 1.0
1 112 1.0
1 114 1.0
1 115 1.0
1 116 1.0
1 117 1.0
1 118 1.0
1 121 1.0
1 124 1.0
1 126 1.0
1 129 1.0
1 132 1.0
1 133 1.0
1 135 1.0
1 139 1.0
1 140 1.0
1 141 1.0
1 143 1.0
1 144 1.0
1 145 1.0
1 146 1.0
1 149 1.0
1 152 1.0
1 153 1.0
1 154 1.0
1 155 1.0
1 156 1.0
1 157 1.0
1 158 1.0
1 159 1.0
1 160 1.0
1 161 1.0
1 162 1.0
1 163 1.0
1 164 1.0
1 165 1.0
1 166 1.0
1 167 1.0
1 168 1.0
1 169 1.0
1 172 1.0
1 174 1.0
1 175 1.0
1 176 1.0
1 177 1.0
1 181 1.0
1 182 1.0
1 183 1.0
1 184 1.0
1 185 1.0
1 186 1.0
1 187 1.0
1 189 1.0
1 190 1.0
1 192 1.0
1 194 1.0
1 195 1.0
1 196 1.0
1 197 1.0
1 198 1.0
1 203 1.0
1 204 1.0
1 205 1.0
1 206 1.0
1 207 1.0
1 209 1.0
1 210 1.0
1 211 1.0
1 212 1.0
1 213 1.0
1 214 1.0
1 215 1.0
1 217 1.0
1 218 1.0
1 219 1.0
1 220 1.0
1 221 1.0
1 222 1.0
1 223 1.0
1 225 1.0
1 226 1.0
1 227 1.0
1 229 1.0
1 231 1.0
1 232 1.0
1 233 1.0
1 235 1.0
1 236 1.0
1 237 1.0
1 238 1.0
1 239 1.0
1 240 1.0
1 242 1.0
1 243 1.0
1 244 1.0
1 246 1.0
1 247 1.0
1 248 1.0
1 250 1.0
1 252 1.0
1 253 1.0
1 254 1.0
1 258 1.0
1 260 1.0
1 262 1.0
1 263 1.0
1 264 1.0
1 265 1.0
1 266 1.0
1 267 1.0
1 268 1.0
1 271 1.0
1 272 1.0
1 273 1.0
1 274 1.0
1 277 1.0
1 279 1.0
1 281 1.0
1 283 1.0
1 284 1.0
1 289 1.0
1 290 1.0
1 292 1.0
1 295 1.0
1 296 1.0
1 298 1.0
1 299 1.0
1 300 1.0
1 301 1.0
1 304 1.0
1 305 1.0
1 306 1.0
1 308 1.0
1 309 1.0
1 311 1.0
1 313 1.0
1 314 1.0
1 315 1.0
1 316 1.0
1 317 1.0
1 318 1.0
1 320 1.0
1 321 1.0
1 326 1.0
1 328 1.0
1 329 1.0
1 332 1.0
1 335 1.0
1 336 1.0
1 337 1.0
1 338 1.0
1 340 1.0
1 342 1.0
1 346 1.0
1 348 1.0
1 350 1.0
1 351 1.0
1 352 1.0
1 354 1.0
1 357 1.0
1 358 1.0
1 359 1.0
1 360 1.0
1 362 1.0
1 363 1.0
1 366 1.0
1 367 1.0
1 368 1.0
1 370 1.0
1 372 1.0
1 373 1.0
1 376 1.0
1 377 1.0
1 378 1.0
1 379 1.0
1 381 1.0
1 382 1.0
1 383 1.0
1 384 1.0
1 385 1.0
1 386 1.0
1 388 1.0
1 392 1.0
1 394 1.0
1 395 1.0
1 398 1.0
1 400 1.0
1 401 1.0
1 402 1.0
1 403 1.0
1 406 1.0
1 407 1.0
1 408 1.0
1 410 1.0
1 412 1.0
1 417 1.0
1 418 1.0
1 419 1.0
1 420 1.0
1 421 1.0
1 424 1.0
1 425 1.0
1 426 1.0
1 427 1.0
1 428 1.0
1 430 1.0
1 433 1.0
1 436 1.0
1 438 1.0
1 440 1.0
1 441 1.0
1 442 1.0
1 444 1.0
1 445 1.0
1 448 1.0
1 449 1.0
1 450 1.0
1 451 1.0
1 452 1.0
1 453 1.0
1 456 1.0
1 457 1.0
1 458 1.0
1 460 1.0
1 463 1.0
1 464 1.0
1 466 1.0
1 467 1.0
1 468 1.0
1 469 1.0
1 470 1.0
1 471 1.0
1 472 1.0
1 473 1.0
1 474 1.0
1 476 1.0
1 477 1.0
1 478 1.0
1 480 1.0
1 483 1.0
1 485 1.0
1 487 1.0
1 489 1.0
1 490 1.0
1 491 1.0
1 492 1.0
1 493 1.0
1 496 1.0
1 497 1.0
1 498 1.0
1 502 1.0
1 503 1.0
1 505 1.0
1 506 1.0
1 507 1.0
1 508 1.0
1 509 1.0
1 510 1.0
1 511 1.0
1 512 1.0
1 514 1.0
1 517 1.0
1 518 1.0
1 519 1.0
1 521 1.0
1 522 1.0
1 523 1.0
1 524 1.0
1 527 1.0
1 531 1.0
1 532 1.0
1 534 1.0
1 536 1.0
1 538 1.0
1 541 1.0
1 543 1.0
1 544 1.0
1 545 1.0
1 546 1.0
1 547 1.0
1 550 1.0
1 551 1.0
1 553 1.0
1 554 1.0
1 555 1.0
1 556 1.0
1 557 1.0
1 558 1.0
1 559 1.0
1 560 1.0
1 561 1.0
1 562 1.0
1 564 1.0
1 565 1.0
1 567 1.0
1 570 1.0
1 571 1.0
1 572 1.0
1 573 1.0
1 574 1.0
1 575 1.0
1 577 1.0
1 580 1.0
1 581 1.0
1 582 1.0
1 583 1.0
1 586 1.0
1 587 1.0
1 588 1.0
1 594 1.0
1 595 1.0
1 596 1.0
1 598 1.0
1 599 1.0
1 600 1.0
1 601 1.0
1 602 1.0
1 603 1.0
1 606 1.0
1 609 1.0
1 610 1.0
1 615 1.0
1 616 1.0
1 617 1.0
1 618 1.0
1 619 1.0
1 622 1.0
1 623 1.0
1 625 1.0
1 626 1.0
1 629 1.0
1 632 1.0
1 633 1.0
1 635 1.0
1 636 1.0
1 637 1.0
1 639 1.0
1 640 1.0
1 642 1.0
1 647 1.0
1 648 1.0
1 651 1.0
1 652 1.0
1 653 1.0
1 655 1.0
1 658 1.0
1 660 1.0
1 662 1.0
1 664 1.0
1 668 1.0
1 669 1.0
1 671 1.0
1 672 1.0
1 673 1.0
1 674 1.0
1 678 1.0
1 679 1.0
1 680 1.0
1 684 1.0
1 685 1.0
1 686 1.0
1 687 1.0
1 688 1.0
1 689 1.0
1 692 1.0
1 693 1.0
1 697 1.0
1 698 1.0
1 699 1.0
1 700 1.0
1 702 1.0
1 703 1.0
1 704 1.0
1 707 1.0
1 709 1.0
1 710 1.0
1 711 1.0
1 713 1.0
1 715 1.0
1 719 1.0
1 721 1.0
1 723 1.0
1 725 1.0
1 728 1.0
1 729 1.0
1 731 1.0
1 732 1.0
1 733 1.0
1 734 1.0
1 735 1.0
1 736 1.0
1 737 1.0
1 738 1.0
1 739 1.0
1 740 1.0
1 741 1.0
1 744 1.0
1 746 1.0
1 747 1.0
1 749 1.0
1 750 1.0
1 752 1.0
1 753 1.0
1 755 1.0
1 757 1.0
1 758 1.0
1 759 1.0
1 760 1.0
1 761 1.0
1 763 1.0
1 764 1.0
1 765 1.0
1 766 1.0
1 767 1.0
1 768 1.0
1 769 1.0
1 771 1.0
1 775 1.0
1 776 1.0
1 780 1.0
1 781 1.0
1 783 1.0
1 784 1.0
1 785 1.0
1 787 1.0
1 788 1.0
1 790 1.0
1 792 1.0
1 794 1.0
1 796 1.0
1 798 1.0
1 799 1.0
1 800 1.0
1 801 1.0
1 803 1.0
1 805 1.0
1 806 1.0
1 807 1.0
1 810 1.0
1 811 1.0
1 812 1.0
1 813 1.0
1 814 1.0
1 816 1.0
1 817 1.0
1 819 1.0
1 821 1.0
1 822 1.0
1 825 1.0
1 826 1.0
1 828 1.0
1 829 1.0
1 830 1.0
1 834 1.0
1 836 1.0
1 838 1.0
1 839 1.0
1 841 1.0
1 843 1.0
1 845 1.0
1 846 1.0
1 849 1.0
1 852 1.0
1 854 1.0
1 856 1.0
1 857 1.0
1 858 1.0
1 860 1.0
1 865 1.0
1 867 1.0
1 868 1.0
1 869 1.0
1 871 1.0
1 878 1.0
1 879 1.0
1 881 1.0
1 883 1.0
1 885 1.0
1 887 1.0
1 888 1.0
1 890 1.0
1 892 1.0
1 893 1.0
1 894 1.0
1 895 1.0
1 898 1.0
1 901 1.0
1 902 1.0
1 905 1.0
1 907 1.0
1 909 1.0
1 910 1.0
1 912 1.0
1 913 1.0
1 914 1.0
1 917 1.0
1 918 1.0
1 919 1.0
1 921 1.0
1 925 1.0
1 927 1.0
1 928 1.0
1 930 1.0
1 931 1.0
1 932 1.0
1 934 1.0
1 936 1.0
1 938 1.0
1 939 1.0
1 940 1.0
1 941 1.0
1 942 1.0
1 943 1.0
1 944 1.0
1 947 1.0
1 948 1.0
1 949 1.0
1 950 1.0
1 951 1.0
1 952 1.0
1 953 1.0
1 955 1.0
1 957 1.0
1 958 1.0
1 960 1.0
1 962 1.0
1 964 1.0
1 965 1.0
1 967 1.0
1 969 1.0
1 970 1.0
1 973 1.0
1 975 1.0
1 977 1.0
1 978 1.0
1 980 1.0
1 982 1.0
1 983 1.0
1 985 1.0
1 986 1.0
1 987 1.0
1 989 1.0
1 990 1.0
1 991 1.0
1 992 1.0
1 994 1.0
1 999 1.0
1 1001 1.0
2 3 1.0
2 4 1.0
2 264 1.0
2 521 1.0
2 138 1.0
2 652 1.0
2 525 1.0
2 142 1.0
2 777 1.0
2 276 1.0
2 790 1.0
2 22 1.0
2 667 1.0
2 30 1.0
2 161 1.0
2 34 1.0
2 35 1.0
2 36 1.0
2 38 1.0
2 562 1.0
2 41 1.0
2 299 1.0
2 648 1.0
2 47 1.0
2 620 1.0
2 306 1.0
2 183 1.0
2 57 1.0
2 58 1.0
2 60 1.0
2 317 1.0
2 192 1.0
2 579 1.0
2 196 1.0
2 197 1.0
2 969 1.0
2 78 1.0
2 270 1.0
2 84 1.0
2 85 1.0
2 598 1.0
2 732 1.0
2 864 1.0
2 99 1.0
2 104 1.0
2 364 1.0
2 368 1.0
2 297 1.0
2 660 1.0
2 504 1.0
2 252 1.0
2 687 1.0
2 254 1.0
2 534 1.0
3 3 1.0
3 4 1.0
3 5 1.0
3 134 1.0
3 130 1.0
3 129 1.0
3 396 1.0
3 13 1.0
3 15 1.0
3 17 1.0
3 18 1.0
3 20 1.0
3 21 1.0
3 154 1.0
3 30 1.0
3 162 1.0
3 36 1.0
3 637 1.0
3 941 1.0
3 302 1.0
3 49 1.0
3 514 1.0
3 863 1.0
3 214 1.0
3 59 1.0
3 64 1.0
3 844 1.0
3 69 1.0
3 418 1.0
3 74 1.0
3 76 1.0
3 85 1.0
3 342 1.0
3 89 1.0
3 223 1.0
3 234 1.0
3 107 1.0
3 128 1.0
3 238 1.0
3 141 1.0
3 512 1.0
3 121 1.0
3 508 1.0
3 125 1.0
3 86 1.0
4 68 1.0
4 5 1.0
4 6 1.0
4 7 1.0
4 72 1.0
4 522 1.0
4 11 1.0
4 12 1.0
4 14 1.0
4 16 1.0
4 914 1.0
4 19 1.0
4 341 1.0
4 773 1.0
4 26 1.0
4 220 1.0
4 31 1.0
4 582 1.0
4 33 1.0
4 36 1.0
4 300 1.0
4 46 1.0
4 48 1.0
4 49 1.0
4 308 1.0
4 126 1.0
4 63 1.0
5 18 1.0
5 6 1.0
5 7 1.0
5 9 1.0
5 13 1.0
5 462 1.0
5 15 1.0
5 16 1.0
5 17 1.0
5 274 1.0
5 22 1.0
5 464 1.0
5 839 1.0
5 616 1.0
5 362 1.0
5 847 1.0
5 688 1.0
5 754 1.0
5 56 1.0
5 443 1.0
5 444 1.0
5 190 1.0
6 599 1.0
6 8 1.0
6 10 1.0
6 76 1.0
6 208 1.0
6 12 1.0
6 659 1.0
6 708 1.0
6 727 1.0
6 472 1.0
6 538 1.0
6 738 1.0
6 485 1.0
6 296 1.0
6 106 1.0
6 138 1.0
6 421 1.0
6 123 1.0
6 446 1.0
7 8 1.0
7 393 1.0
7 718 1.0
7 337 1.0
7 979 1.0
7 852 1.0
7 789 1.0
7 795 1.0
7 605 1.0
7 350 1.0
7 802 1.0
7 291 1.0
7 101 1.0
7 487 1.0
7 936 1.0
7 234 1.0
7 43 1.0
7 44 1.0
7 624 1.0
7 628 1.0
7 107 1.0
8 97 1.0
8 716 1.0
8 72 1.0
8 9 1.0
8 11 1.0
8 108 1.0
8 209 1.0
8 134 1.0
8 17 1.0
8 105 1.0
8 19 1.0
8 216 1.0
8 681 1.0
8 250 1.0
8 29 1.0
8 265 1.0
8 96 1.0
9 706 1.0
9 198 1.0
9 135 1.0
9 10 1.0
9 11 1.0
9 14 1.0
9 112 1.0
9 18 1.0
9 24 1.0
9 729 1.0
9 90 1.0
9 971 1.0
9 31 1.0
9 960 1.0
10 34 1.0
10 621 1.0
10 779 1.0
10 12 1.0
10 301 1.0
10 117 1.0
10 152 1.0
10 377 1.0
10 666 1.0
10 219 1.0
10 29 1.0
10 827 1.0
11 227 1.0
11 38 1.0
11 423 1.0
11 172 1.0
11 275 1.0
11 356 1.0
11 887 1.0
11 24 1.0
11 672 1.0
11 125 1.0
11 448 1.0
12 67 1.0
12 39 1.0
12 392 1.0
12 844 1.0
12 520 1.0
12 323 1.0
12 399 1.0
12 14 1.0
12 658 1.0
12 755 1.0
12 420 1.0
12 746 1.0
12 25 1.0
12 734 1.0
12 63 1.0
12 544 1.0
13 65 1.0
13 584 1.0
13 586 1.0
13 974 1.0
13 79 1.0
13 339 1.0
13 877 1.0
13 856 1.0
13 607 1.0
13 544 1.0
13 227 1.0
13 257 1.0
13 927 1.0
13 40 1.0
13 361 1.0
13 490 1.0
13 520 1.0
13 744 1.0
13 111 1.0
13 432 1.0
13 563 1.0
13 671 1.0
13 503 1.0
13 505 1.0
13 122 1.0
13 830 1.0
14 642 1.0
14 387 1.0
14 77 1.0
14 963 1.0
14 530 1.0
14 915 1.0
14 84 1.0
14 23 1.0
14 541 1.0
14 158 1.0
14 51 1.0
14 678 1.0
14 44 1.0
14 115 1.0
14 627 1.0
14 885 1.0
14 383 1.0
14 507 1.0
14 575 1.0
14 128 1.0
15 193 1.0
15 264 1.0
15 459 1.0
15 568 1.0
15 835 1.0
15 527 1.0
15 16 1.0
15 146 1.0
15 795 1.0
15 277 1.0
15 23 1.0
15 88 1.0
15 27 1.0
15 528 1.0
15 989 1.0
15 30 1.0
15 804 1.0
15 801 1.0
15 228 1.0
15 743 1.0
15 41 1.0
15 42 1.0
15 43 1.0
15 175 1.0
15 824 1.0
15 51 1.0
15 500 1.0
15 439 1.0
15 184 1.0
15 249 1.0
15 597 1.0
15 891 1.0
15 523 1.0
16 37 1.0
16 614 1.0
16 679 1.0
16 82 1.0
16 41 1.0
16 360 1.0
16 173 1.0
16 81 1.0
16 50 1.0
16 179 1.0
16 100 1.0
16 408 1.0
16 708 1.0
16 314 1.0
16 539 1.0
16 765 1.0
17 329 1.0
17 994 1.0
17 278 1.0
17 169 1.0
17 405 1.0
17 188 1.0
17 734 1.0
17 272 1.0
18 772 1.0
18 69 1.0
18 875 1.0
18 355 1.0
18 367 1.0
18 80 1.0
18 305 1.0
18 149 1.0
18 634 1.0
18 160 1.0
19 66 1.0
19 37 1.0
19 39 1.0
19 269 1.0
19 428 1.0
19 205 1.0
19 322 1.0
19 944 1.0
19 177 1.0
19 20 1.0
19 490 1.0
19 25 1.0
19 27 1.0
19 52 1.0
20 225 1.0
20 136 1.0
20 546 1.0
20 21 1.0
20 246 1.0
20 309 1.0
20 706 1.0
20 61 1.0
20 158 1.0
21 740 1.0
21 791 1.0
21 841 1.0
21 203 1.0
21 654 1.0
21 306 1.0
21 22 1.0
21 55 1.0
21 760 1.0
21 895 1.0
22 33 1.0
22 40 1.0
22 105 1.0
22 933 1.0
22 236 1.0
22 653 1.0
22 585 1.0
22 513 1.0
22 613 1.0
22 28 1.0
22 766 1.0
22 690 1.0
23 846 1.0
23 964 1.0
23 549 1.0
23 231 1.0
23 381 1.0
23 907 1.0
23 45 1.0
23 78 1.0
23 209 1.0
23 211 1.0
23 815 1.0
23 922 1.0
23 26 1.0
23 475 1.0
23 220 1.0
23 157 1.0
23 704 1.0
24 481 1.0
24 103 1.0
24 232 1.0
24 904 1.0
24 80 1.0
24 81 1.0
24 242 1.0
24 244 1.0
24 984 1.0
24 90 1.0
24 123 1.0
24 521 1.0
24 875 1.0
24 32 1.0
25 66 1.0
25 28 1.0
25 274 1.0
25 42 1.0
25 972 1.0
25 50 1.0
25 612 1.0
25 53 1.0
25 118 1.0
25 279 1.0
25 90 1.0
25 92 1.0
25 29 1.0
25 94 1.0
25 479 1.0
26 945 1.0
26 611 1.0
26 37 1.0
26 73 1.0
26 45 1.0
26 174 1.0
26 852 1.0
26 52 1.0
26 565 1.0
26 54 1.0
26 27 1.0
26 61 1.0
26 64 1.0
27 66 1.0
27 998 1.0
27 711 1.0
27 322 1.0
27 171 1.0
27 364 1.0
27 175 1.0
27 48 1.0
27 626 1.0
27 468 1.0
27 880 1.0
28 609 1.0
28 39 1.0
28 295 1.0
28 136 1.0
28 829 1.0
28 990 1.0
28 272 1.0
28 500 1.0
28 341 1.0
28 278 1.0
28 32 1.0
28 71 1.0
28 510 1.0
29 803 1.0
29 420 1.0
29 389 1.0
29 119 1.0
29 201 1.0
29 267 1.0
29 216 1.0
29 910 1.0
29 181 1.0
29 151 1.0
29 202 1.0
29 126 1.0
29 799 1.0
29 362 1.0
30 628 1.0
30 921 1.0
30 59 1.0
30 109 1.0
31 34 1.0
31 106 1.0
31 947 1.0
31 233 1.0
31 51 1.0
31 54 1.0
31 186 1.0
31 412 1.0
31 926 1.0
31 246 1.0
32 67 1.0
32 231 1.0
32 140 1.0
32 269 1.0
32 47 1.0
32 54 1.0
32 827 1.0
32 156 1.0
32 541 1.0
32 736 1.0
33 35 1.0
33 261 1.0
33 840 1.0
33 585 1.0
33 910 1.0
33 451 1.0
33 366 1.0
33 145 1.0
33 996 1.0
33 981 1.0
33 187 1.0
33 413 1.0
33 63 1.0
34 663 1.0
34 71 1.0
34 622 1.0
34 494 1.0
34 593 1.0
34 722 1.0
34 499 1.0
34 87 1.0
34 346 1.0
34 288 1.0
35 167 1.0
35 88 1.0
35 65 1.0
35 618 1.0
35 641 1.0
35 431 1.0
36 262 1.0
36 935 1.0
36 813 1.0
36 291 1.0
36 850 1.0
36 468 1.0
36 375 1.0
36 696 1.0
36 538 1.0
36 60 1.0
36 863 1.0
37 787 1.0
37 70 1.0
37 307 1.0
37 340 1.0
37 53 1.0
37 600 1.0
37 699 1.0
37 832 1.0
37 191 1.0
37 294 1.0
38 293 1.0
38 470 1.0
38 402 1.0
38 426 1.0
38 380 1.0
38 189 1.0
38 46 1.0
38 367 1.0
39 213 1.0
39 703 1.0
40 98 1.0
40 117 1.0
40 58 1.0
40 284 1.0
41 838 1.0
41 247 1.0
41 55 1.0
41 731 1.0
41 587 1.0
41 678 1.0
41 46 1.0
42 642 1.0
42 182 1.0
42 759 1.0
42 495 1.0
42 75 1.0
42 684 1.0
42 62 1.0
43 65 1.0
43 579 1.0
43 196 1.0
43 167 1.0
43 75 1.0
43 271 1.0
43 597 1.0
43 57 1.0
43 91 1.0
43 380 1.0
43 62 1.0
44 131 1.0
44 776 1.0
44 909 1.0
44 875 1.0
44 141 1.0
44 207 1.0
44 786 1.0
44 628 1.0
44 406 1.0
44 119 1.0
44 474 1.0
45 323 1.0
45 69 1.0
45 455 1.0
45 266 1.0
45 336 1.0
45 113 1.0
45 182 1.0
45 124 1.0
45 287 1.0
46 50 1.0
46 104 1.0
46 602 1.0
47 70 1.0
47 439 1.0
47 657 1.0
47 365 1.0
47 166 1.0
48 97 1.0
48 933 1.0
48 150 1.0
48 337 1.0
48 184 1.0
49 53 1.0
49 727 1.0
49 151 1.0
49 56 1.0
49 569 1.0
49 524 1.0
49 142 1.0
49 640 1.0
50 113 1.0
50 487 1.0
50 263 1.0
51 580 1.0
51 102 1.0
51 168 1.0
51 109 1.0
52 165 1.0
52 58 1.0
52 59 1.0
52 645 1.0
52 155 1.0
52 848 1.0
53 150 1.0
54 580 1.0
54 197 1.0
54 309 1.0
55 99 1.0
55 68 1.0
55 102 1.0
55 391 1.0
55 137 1.0
55 138 1.0
55 469 1.0
55 163 1.0
55 937 1.0
55 277 1.0
55 493 1.0
55 931 1.0
56 386 1.0
56 867 1.0
56 484 1.0
56 865 1.0
56 482 1.0
56 81 1.0
56 266 1.0
56 268 1.0
56 397 1.0
56 708 1.0
56 417 1.0
56 343 1.0
56 357 1.0
56 124 1.0
56 720 1.0
56 881 1.0
57 293 1.0
57 770 1.0
57 649 1.0
57 125 1.0
57 161 1.0
57 110 1.0
57 93 1.0
57 210 1.0
57 148 1.0
57 961 1.0
57 343 1.0
57 121 1.0
57 157 1.0
57 222 1.0
58 193 1.0
58 83 1.0
58 501 1.0
58 137 1.0
58 585 1.0
58 765 1.0
59 194 1.0
59 773 1.0
59 191 1.0
59 552 1.0
59 282 1.0
59 884 1.0
59 143 1.0
59 190 1.0
60 726 1.0
60 866 1.0
60 218 1.0
60 139 1.0
60 93 1.0
60 171 1.0
61 553 1.0
61 522 1.0
61 762 1.0
61 77 1.0
61 115 1.0
61 499 1.0
61 563 1.0
61 472 1.0
61 761 1.0
62 114 1.0
62 693 1.0
62 82 1.0
62 492 1.0
62 415 1.0
63 594 1.0
63 180 1.0
63 155 1.0
63 235 1.0
63 320 1.0
64 252 1.0
64 601 1.0
64 92 1.0
64 300 1.0
64 880 1.0
65 677 1.0
65 918 1.0
65 364 1.0
66 73 1.0
66 649 1.0
66 535 1.0
66 88 1.0
66 899 1.0
66 96 1.0
67 962 1.0
67 400 1.0
67 86 1.0
67 440 1.0
67 315 1.0
67 463 1.0
68 98 1.0
68 982 1.0
68 210 1.0
68 526 1.0
68 608 1.0
69 289 1.0
69 869 1.0
69 454 1.0
69 311 1.0
69 392 1.0
69 74 1.0
69 806 1.0
70 259 1.0
70 199 1.0
70 136 1.0
70 394 1.0
70 862 1.0
70 273 1.0
70 215 1.0
70 286 1.0
70 479 1.0
71 259 1.0
71 156 1.0
71 153 1.0
71 260 1.0
71 129 1.0
72 259 1.0
72 165 1.0
72 261 1.0
72 714 1.0
72 712 1.0
72 909 1.0
72 959 1.0
73 440 1.0
73 503 1.0
73 120 1.0
73 122 1.0
73 545 1.0
73 284 1.0
73 768 1.0
73 758 1.0
74 518 1.0
74 103 1.0
74 107 1.0
74 77 1.0
74 334 1.0
74 79 1.0
74 304 1.0
74 565 1.0
74 344 1.0
74 473 1.0
74 378 1.0
74 251 1.0
74 572 1.0
74 542 1.0
74 350 1.0
75 834 1.0
75 195 1.0
75 127 1.0
75 154 1.0
75 206 1.0
75 95 1.0
75 112 1.0
76 913 1.0
76 836 1.0
76 891 1.0
76 131 1.0
76 110 1.0
77 114 1.0
77 780 1.0
77 422 1.0
77 730 1.0
77 416 1.0
77 318 1.0
77 943 1.0
78 83 1.0
78 276 1.0
78 445 1.0
78 673 1.0
78 285 1.0
78 110 1.0
78 270 1.0
79 434 1.0
79 803 1.0
79 221 1.0
79 240 1.0
80 578 1.0
80 419 1.0
80 993 1.0
80 713 1.0
80 779 1.0
80 108 1.0
80 643 1.0
80 89 1.0
80 957 1.0
80 747 1.0
81 145 1.0
81 312 1.0
81 355 1.0
81 170 1.0
81 571 1.0
81 200 1.0
82 177 1.0
82 595 1.0
82 359 1.0
82 344 1.0
82 843 1.0
82 123 1.0
82 492 1.0
82 797 1.0
83 596 1.0
83 101 1.0
83 199 1.0
83 87 1.0
83 681 1.0
83 557 1.0
84 866 1.0
84 293 1.0
84 550 1.0
84 232 1.0
84 169 1.0
84 459 1.0
84 882 1.0
84 193 1.0
84 144 1.0
84 305 1.0
84 146 1.0
84 149 1.0
84 625 1.0
84 96 1.0
84 413 1.0
84 95 1.0
84 224 1.0
85 120 1.0
85 507 1.0
85 636 1.0
85 173 1.0
86 978 1.0
86 133 1.0
86 317 1.0
86 127 1.0
86 320 1.0
87 132 1.0
87 620 1.0
87 842 1.0
87 91 1.0
87 401 1.0
87 750 1.0
88 498 1.0
88 841 1.0
88 179 1.0
89 113 1.0
89 135 1.0
89 1000 1.0
89 718 1.0
90 742 1.0
91 449 1.0
91 740 1.0
91 170 1.0
92 970 1.0
92 791 1.0
92 200 1.0
92 442 1.0
92 94 1.0
92 351 1.0
92 192 1.0
93 153 1.0
93 531 1.0
93 100 1.0
93 453 1.0
93 329 1.0
93 340 1.0
93 404 1.0
93 908 1.0
94 241 1.0
94 316 1.0
94 480 1.0
94 946 1.0
94 122 1.0
94 111 1.0
94 304 1.0
95 627 1.0
95 148 1.0
95 504 1.0
95 905 1.0
95 906 1.0
95 496 1.0
96 862 1.0
96 343 1.0
96 827 1.0
96 859 1.0
96 436 1.0
96 590 1.0
96 484 1.0
97 388 1.0
97 245 1.0
97 519 1.0
97 119 1.0
97 949 1.0
97 583 1.0
97 206 1.0
98 198 1.0
98 554 1.0
98 299 1.0
98 808 1.0
98 655 1.0
98 147 1.0
98 132 1.0
98 118 1.0
98 868 1.0
99 116 1.0
99 230 1.0
99 968 1.0
99 363 1.0
99 356 1.0
99 253 1.0
100 133 1.0
100 282 1.0
100 334 1.0
100 128 1.0
101 562 1.0
101 809 1.0
101 859 1.0
101 243 1.0
102 130 1.0
102 229 1.0
102 215 1.0
102 313 1.0
102 903 1.0
102 294 1.0
103 996 1.0
103 390 1.0
103 216 1.0
103 463 1.0
103 465 1.0
103 178 1.0
103 116 1.0
103 757 1.0
103 143 1.0
103 729 1.0
103 443 1.0
103 635 1.0
103 980 1.0
103 886 1.0
104 371 1.0
104 260 1.0
104 374 1.0
104 855 1.0
104 584 1.0
104 856 1.0
104 589 1.0
104 511 1.0
105 858 1.0
105 152 1.0
105 998 1.0
105 511 1.0
105 270 1.0
105 159 1.0
105 240 1.0
106 531 1.0
106 213 1.0
106 279 1.0
106 661 1.0
106 911 1.0
106 127 1.0
106 144 1.0
107 164 1.0
107 151 1.0
107 201 1.0
107 251 1.0
107 173 1.0
108 147 1.0
108 700 1.0
109 245 1.0
110 818 1.0
110 341 1.0
110 603 1.0
110 471 1.0
110 1000 1.0
110 539 1.0
110 399 1.0
111 130 1.0
111 131 1.0
111 681 1.0
111 331 1.0
111 429 1.0
111 303 1.0
111 745 1.0
111 405 1.0
111 662 1.0
111 607 1.0
112 178 1.0
112 181 1.0
112 525 1.0
112 174 1.0
112 287 1.0
114 120 1.0
114 425 1.0
114 205 1.0
115 228 1.0
115 629 1.0
115 997 1.0
116 194 1.0
116 871 1.0
116 990 1.0
116 241 1.0
116 877 1.0
116 211 1.0
116 529 1.0
117 139 1.0
117 508 1.0
117 303 1.0
118 753 1.0
118 458 1.0
118 801 1.0
119 850 1.0
119 224 1.0
120 180 1.0
120 471 1.0
121 389 1.0
121 328 1.0
121 202 1.0
122 137 1.0
122 441 1.0
122 311 1.0
122 298 1.0
123 963 1.0
123 373 1.0
123 442 1.0
123 845 1.0
124 995 1.0
124 805 1.0
124 390 1.0
124 778 1.0
124 267 1.0
124 302 1.0
124 369 1.0
124 890 1.0
124 234 1.0
125 250 1.0
125 170 1.0
125 204 1.0
125 846 1.0
126 821 1.0
126 938 1.0
126 892 1.0
126 207 1.0
127 178 1.0
127 714 1.0
127 647 1.0
127 162 1.0
127 397 1.0
127 187 1.0
128 598 1.0
128 391 1.0
128 923 1.0
128 387 1.0
128 414 1.0
129 180 1.0
129 281 1.0
129 324 1.0
130 134 1.0
131 977 1.0
131 825 1.0
131 419 1.0
131 409 1.0
131 235 1.0
132 915 1.0
132 548 1.0
132 245 1.0
132 687 1.0
132 242 1.0
132 937 1.0
132 202 1.0
132 682 1.0
133 226 1.0
133 301 1.0
133 238 1.0
133 286 1.0
134 683 1.0
134 621 1.0
134 480 1.0
135 449 1.0
135 147 1.0
135 935 1.0
135 987 1.0
136 851 1.0
136 140 1.0
136 171 1.0
136 398 1.0
137 224 1.0
137 366 1.0
137 446 1.0
137 160 1.0
138 261 1.0
138 159 1.0
138 619 1.0
138 191 1.0
138 752 1.0
139 692 1.0
139 971 1.0
139 607 1.0
140 370 1.0
140 179 1.0
140 665 1.0
140 739 1.0
140 333 1.0
140 142 1.0
141 374 1.0
141 750 1.0
141 934 1.0
142 659 1.0
142 164 1.0
142 150 1.0
142 199 1.0
142 258 1.0
142 568 1.0
143 483 1.0
143 532 1.0
143 168 1.0
143 186 1.0
143 221 1.0
144 241 1.0
144 450 1.0
144 347 1.0
144 318 1.0
144 384 1.0
145 148 1.0
145 992 1.0
145 976 1.0
146 497 1.0
146 646 1.0
146 855 1.0
146 379 1.0
146 336 1.0
148 785 1.0
148 438 1.0
148 698 1.0
148 574 1.0
148 176 1.0
149 515 1.0
149 294 1.0
149 676 1.0
149 868 1.0
149 973 1.0
149 811 1.0
149 614 1.0
150 500 1.0
151 347 1.0
153 226 1.0
153 755 1.0
153 982 1.0
153 577 1.0
153 203 1.0
153 620 1.0
154 263 1.0
154 183 1.0
154 200 1.0
154 794 1.0
154 488 1.0
154 307 1.0
154 358 1.0
155 214 1.0
155 489 1.0
155 204 1.0
155 608 1.0
156 298 1.0
156 788 1.0
157 617 1.0
157 389 1.0
157 247 1.0
157 470 1.0
157 374 1.0
158 385 1.0
158 810 1.0
158 610 1.0
158 375 1.0
158 248 1.0
158 645 1.0
158 396 1.0
158 349 1.0
159 249 1.0
159 388 1.0
159 325 1.0
159 438 1.0
159 629 1.0
159 315 1.0
159 189 1.0
159 265 1.0
160 710 1.0
160 310 1.0
160 295 1.0
160 400 1.0
160 381 1.0
160 302 1.0
160 303 1.0
160 361 1.0
161 163 1.0
161 894 1.0
161 651 1.0
161 185 1.0
161 499 1.0
161 256 1.0
162 289 1.0
162 321 1.0
162 376 1.0
162 652 1.0
162 615 1.0
162 319 1.0
163 884 1.0
163 185 1.0
163 283 1.0
163 592 1.0
163 606 1.0
163 256 1.0
164 737 1.0
164 805 1.0
164 776 1.0
164 905 1.0
164 237 1.0
164 530 1.0
164 635 1.0
164 636 1.0
164 285 1.0
165 280 1.0
165 244 1.0
165 166 1.0
165 188 1.0
165 230 1.0
166 176 1.0
167 774 1.0
167 391 1.0
167 809 1.0
167 172 1.0
167 958 1.0
168 742 1.0
169 435 1.0
169 906 1.0
169 624 1.0
170 966 1.0
171 195 1.0
171 997 1.0
171 326 1.0
171 334 1.0
172 322 1.0
172 325 1.0
172 331 1.0
172 832 1.0
173 939 1.0
174 228 1.0
174 407 1.0
174 239 1.0
175 712 1.0
176 946 1.0
176 461 1.0
176 432 1.0
177 408 1.0
177 218 1.0
177 572 1.0
177 842 1.0
178 358 1.0
179 433 1.0
179 665 1.0
179 219 1.0
180 916 1.0
180 217 1.0
180 188 1.0
181 354 1.0
181 710 1.0
181 824 1.0
181 555 1.0
181 255 1.0
182 307 1.0
182 634 1.0
182 730 1.0
183 355 1.0
183 212 1.0
183 431 1.0
183 349 1.0
183 435 1.0
183 239 1.0
184 434 1.0
184 993 1.0
184 591 1.0
185 820 1.0
185 722 1.0
185 604 1.0
185 333 1.0
185 995 1.0
186 947 1.0
186 412 1.0
186 430 1.0
186 688 1.0
187 339 1.0
187 262 1.0
187 269 1.0
187 416 1.0
188 229 1.0
188 486 1.0
188 212 1.0
188 741 1.0
189 452 1.0
189 762 1.0
189 555 1.0
189 540 1.0
189 319 1.0
190 291 1.0
190 646 1.0
190 201 1.0
190 251 1.0
190 223 1.0
190 208 1.0
191 375 1.0
191 424 1.0
191 313 1.0
191 853 1.0
192 292 1.0
192 764 1.0
192 281 1.0
192 769 1.0
193 488 1.0
193 386 1.0
194 273 1.0
194 775 1.0
194 457 1.0
194 638 1.0
195 321 1.0
195 276 1.0
195 902 1.0
195 372 1.0
196 369 1.0
196 418 1.0
196 809 1.0
196 974 1.0
196 208 1.0
197 869 1.0
197 280 1.0
197 528 1.0
198 475 1.0
198 933 1.0
199 217 1.0
199 1001 1.0
200 695 1.0
200 857 1.0
201 672 1.0
202 706 1.0
202 950 1.0
202 380 1.0
203 353 1.0
203 467 1.0
203 884 1.0
203 945 1.0
203 899 1.0
204 721 1.0
204 853 1.0
206 865 1.0
206 920 1.0
206 923 1.0
207 694 1.0
207 310 1.0
207 423 1.0
207 728 1.0
207 233 1.0
207 721 1.0
207 342 1.0
208 786 1.0
208 533 1.0
208 519 1.0
208 591 1.0
209 354 1.0
209 477 1.0
209 283 1.0
209 236 1.0
209 413 1.0
210 345 1.0
210 409 1.0
210 516 1.0
210 328 1.0
210 735 1.0
211 705 1.0
211 611 1.0
211 573 1.0
212 225 1.0
212 257 1.0
213 258 1.0
213 701 1.0
213 248 1.0
213 493 1.0
213 820 1.0
215 603 1.0
215 478 1.0
215 495 1.0
216 481 1.0
216 255 1.0
217 705 1.0
217 280 1.0
217 560 1.0
217 349 1.0
217 256 1.0
218 584 1.0
218 689 1.0
218 699 1.0
218 461 1.0
219 870 1.0
219 407 1.0
219 243 1.0
220 698 1.0
220 275 1.0
221 356 1.0
221 569 1.0
221 396 1.0
221 222 1.0
222 404 1.0
222 230 1.0
222 1000 1.0
222 847 1.0
222 278 1.0
223 583 1.0
223 327 1.0
223 970 1.0
223 956 1.0
223 509 1.0
223 752 1.0
224 914 1.0
224 885 1.0
224 378 1.0
224 542 1.0
225 257 1.0
225 789 1.0
225 695 1.0
225 271 1.0
226 371 1.0
226 737 1.0
227 237 1.0
228 346 1.0
228 804 1.0
229 573 1.0
229 254 1.0
229 816 1.0
231 348 1.0
231 416 1.0
232 290 1.0
233 469 1.0
234 581 1.0
234 424 1.0
234 666 1.0
235 774 1.0
235 523 1.0
235 316 1.0
235 253 1.0
236 275 1.0
236 568 1.0
236 379 1.0
236 559 1.0
236 339 1.0
236 411 1.0
237 985 1.0
237 327 1.0
237 969 1.0
238 326 1.0
238 297 1.0
238 528 1.0
238 432 1.0
238 403 1.0
238 352 1.0
239 993 1.0
239 533 1.0
239 297 1.0
239 811 1.0
239 319 1.0
240 324 1.0
240 874 1.0
240 285 1.0
241 786 1.0
241 664 1.0
241 249 1.0
241 586 1.0
241 445 1.0
242 390 1.0
242 345 1.0
242 429 1.0
242 255 1.0
243 345 1.0
244 644 1.0
244 709 1.0
244 864 1.0
244 832 1.0
245 569 1.0
245 893 1.0
245 683 1.0
247 348 1.0
248 533 1.0
248 669 1.0
249 690 1.0
249 958 1.0
249 287 1.0
250 548 1.0
250 764 1.0
250 446 1.0
251 513 1.0
251 659 1.0
252 526 1.0
253 594 1.0
253 325 1.0
253 494 1.0
254 360 1.0
254 713 1.0
254 650 1.0
254 338 1.0
255 513 1.0
255 308 1.0
256 631 1.0
256 361 1.0
257 717 1.0
257 459 1.0
258 330 1.0
258 414 1.0
259 593 1.0
259 756 1.0
259 631 1.0
259 828 1.0
260 465 1.0
260 404 1.0
260 661 1.0
260 502 1.0
260 896 1.0
261 385 1.0
261 981 1.0
261 743 1.0
261 476 1.0
262 369 1.0
262 435 1.0
262 539 1.0
263 473 1.0
263 601 1.0
263 464 1.0
264 874 1.0
264 288 1.0
265 657 1.0
265 563 1.0
265 989 1.0
266 357 1.0
266 312 1.0
266 745 1.0
266 268 1.0
266 831 1.0
267 353 1.0
267 387 1.0
267 405 1.0
267 551 1.0
267 530 1.0
267 462 1.0
268 818 1.0
268 324 1.0
268 763 1.0
271 643 1.0
271 296 1.0
271 968 1.0
271 335 1.0
272 566 1.0
272 683 1.0
272 333 1.0
273 327 1.0
273 877 1.0
273 368 1.0
274 310 1.0
274 475 1.0
274 286 1.0
274 912 1.0
275 795 1.0
275 331 1.0
276 540 1.0
276 431 1.0
277 484 1.0
277 282 1.0
277 461 1.0
278 930 1.0
278 724 1.0
278 537 1.0
279 417 1.0
279 436 1.0
279 518 1.0
279 359 1.0
279 732 1.0
279 669 1.0
281 292 1.0
281 774 1.0
281 695 1.0
281 799 1.0
282 483 1.0
282 792 1.0
283 855 1.0
283 610 1.0
283 288 1.0
284 616 1.0
284 559 1.0
285 704 1.0
285 619 1.0
286 727 1.0
286 632 1.0
286 462 1.0
287 344 1.0
287 879 1.0
288 558 1.0
288 290 1.0
289 956 1.0
289 332 1.0
289 605 1.0
290 558 1.0
290 347 1.0
290 604 1.0
290 542 1.0
292 332 1.0
294 784 1.0
295 312 1.0
295 882 1.0
296 694 1.0
296 437 1.0
296 850 1.0
296 853 1.0
296 613 1.0
296 828 1.0
296 496 1.0
297 789 1.0
298 668 1.0
298 808 1.0
299 401 1.0
299 423 1.0
299 338 1.0
299 889 1.0
299 437 1.0
299 913 1.0
299 894 1.0
299 383 1.0
300 394 1.0
300 654 1.0
300 352 1.0
301 643 1.0
301 719 1.0
301 639 1.0
302 667 1.0
302 456 1.0
303 953 1.0
304 323 1.0
305 456 1.0
305 314 1.0
305 524 1.0
305 794 1.0
306 664 1.0
308 466 1.0
308 675 1.0
308 917 1.0
308 751 1.0
308 738 1.0
308 409 1.0
309 529 1.0
309 567 1.0
309 393 1.0
309 623 1.0
309 415 1.0
310 904 1.0
310 426 1.0
310 363 1.0
311 397 1.0
311 330 1.0
313 675 1.0
313 680 1.0
314 515 1.0
315 403 1.0
316 335 1.0
317 979 1.0
317 548 1.0
317 577 1.0
317 814 1.0
317 656 1.0
318 741 1.0
318 576 1.0
319 701 1.0
320 564 1.0
320 772 1.0
320 382 1.0
321 549 1.0
321 402 1.0
321 330 1.0
321 670 1.0
322 600 1.0
324 422 1.0
325 540 1.0
326 501 1.0
326 444 1.0
326 399 1.0
327 505 1.0
327 749 1.0
328 987 1.0
328 501 1.0
329 458 1.0
331 602 1.0
332 395 1.0
334 425 1.0
334 743 1.0
335 566 1.0
336 406 1.0
336 992 1.0
336 674 1.0
336 966 1.0
336 728 1.0
336 382 1.0
336 454 1.0
337 353 1.0
337 467 1.0
337 439 1.0
337 488 1.0
337 410 1.0
337 952 1.0
337 556 1.0
337 550 1.0
338 976 1.0
338 365 1.0
338 560 1.0
339 781 1.0
339 427 1.0
339 783 1.0
339 574 1.0
340 371 1.0
340 612 1.0
340 422 1.0
340 535 1.0
340 948 1.0
340 384 1.0
341 671 1.0
343 551 1.0
344 592 1.0
348 898 1.0
348 377 1.0
348 411 1.0
348 878 1.0
348 351 1.0
349 717 1.0
350 829 1.0
351 370 1.0
351 686 1.0
352 955 1.0
352 648 1.0
354 722 1.0
354 411 1.0
354 814 1.0
355 372 1.0
355 726 1.0
355 365 1.0
356 872 1.0
356 410 1.0
356 883 1.0
356 547 1.0
358 588 1.0
359 639 1.0
360 981 1.0
360 966 1.0
360 903 1.0
362 626 1.0
362 486 1.0
362 917 1.0
362 656 1.0
363 578 1.0
363 455 1.0
364 826 1.0
364 448 1.0
365 813 1.0
365 447 1.0
366 716 1.0
366 566 1.0
367 450 1.0
367 427 1.0
367 592 1.0
368 534 1.0
368 552 1.0
368 398 1.0
368 478 1.0
369 702 1.0
370 376 1.0
370 570 1.0
370 797 1.0
371 576 1.0
372 373 1.0
372 666 1.0
372 901 1.0
373 474 1.0
373 395 1.0
373 443 1.0
375 429 1.0
376 882 1.0
376 393 1.0
376 890 1.0
377 833 1.0
377 918 1.0
377 561 1.0
379 430 1.0
379 460 1.0
381 453 1.0
381 599 1.0
382 515 1.0
382 837 1.0
382 455 1.0
383 644 1.0
383 798 1.0
384 517 1.0
384 676 1.0
384 716 1.0
385 996 1.0
385 441 1.0
385 506 1.0
385 428 1.0
386 421 1.0
386 935 1.0
386 529 1.0
386 489 1.0
386 748 1.0
387 658 1.0
387 851 1.0
387 570 1.0
388 735 1.0
388 762 1.0
388 537 1.0
388 650 1.0
388 491 1.0
388 495 1.0
388 849 1.0
389 591 1.0
390 661 1.0
390 447 1.0
392 506 1.0
393 844 1.0
394 514 1.0
395 547 1.0
395 638 1.0
396 516 1.0
396 415 1.0
397 694 1.0
398 649 1.0
398 414 1.0
399 830 1.0
400 952 1.0
403 691 1.0
403 973 1.0
403 608 1.0
405 545 1.0
405 819 1.0
405 998 1.0
406 433 1.0
407 621 1.0
407 526 1.0
408 611 1.0
408 437 1.0
408 466 1.0
410 854 1.0
411 775 1.0
412 654 1.0
413 692 1.0
413 984 1.0
415 454 1.0
416 733 1.0
417 434 1.0
417 691 1.0
417 482 1.0
418 589 1.0
418 451 1.0
419 457 1.0
419 498 1.0
420 792 1.0
421 949 1.0
421 497 1.0
421 615 1.0
421 556 1.0
422 860 1.0
422 831 1.0
423 564 1.0
423 582 1.0
423 984 1.0
424 682 1.0
425 880 1.0
425 702 1.0
426 796 1.0
426 861 1.0
427 807 1.0
427 627 1.0
429 791 1.0
430 465 1.0
430 546 1.0
430 761 1.0
430 845 1.0
431 897 1.0
431 589 1.0
431 624 1.0
433 908 1.0
433 736 1.0
434 520 1.0
434 477 1.0
435 452 1.0
437 485 1.0
438 946 1.0
439 516 1.0
439 676 1.0
439 622 1.0
440 660 1.0
440 908 1.0
440 749 1.0
441 535 1.0
441 578 1.0
442 686 1.0
442 536 1.0
443 657 1.0
444 460 1.0
444 494 1.0
444 447 1.0
446 543 1.0
447 588 1.0
448 881 1.0
448 903 1.0
449 723 1.0
449 479 1.0
450 579 1.0
450 899 1.0
450 576 1.0
451 670 1.0
452 929 1.0
452 527 1.0
453 587 1.0
453 537 1.0
454 817 1.0
454 872 1.0
455 482 1.0
455 502 1.0
455 793 1.0
456 878 1.0
456 824 1.0
458 696 1.0
459 724 1.0
461 638 1.0
463 700 1.0
463 613 1.0
464 769 1.0
464 640 1.0
465 481 1.0
466 691 1.0
466 684 1.0
468 945 1.0
468 491 1.0
468 512 1.0
470 817 1.0
470 707 1.0
470 552 1.0
470 553 1.0
470 476 1.0
471 504 1.0
471 605 1.0
471 911 1.0
472 745 1.0
472 802 1.0
473 663 1.0
473 509 1.0
473 543 1.0
474 858 1.0
474 922 1.0
475 633 1.0
476 825 1.0
477 557 1.0
477 680 1.0
478 641 1.0
478 637 1.0
479 790 1.0
481 812 1.0
481 486 1.0
482 995 1.0
483 697 1.0
483 983 1.0
484 630 1.0
484 975 1.0
486 595 1.0
486 517 1.0
490 549 1.0
490 797 1.0
490 581 1.0
491 920 1.0
491 571 1.0
491 720 1.0
493 911 1.0
497 675 1.0
497 662 1.0
497 690 1.0
497 991 1.0
498 604 1.0
500 532 1.0
500 746 1.0
501 840 1.0
502 575 1.0
503 888 1.0
503 892 1.0
503 653 1.0
503 510 1.0
505 720 1.0
506 596 1.0
506 839 1.0
506 960 1.0
506 606 1.0
506 866 1.0
508 757 1.0
508 888 1.0
508 904 1.0
508 997 1.0
509 651 1.0
509 784 1.0
512 525 1.0
513 711 1.0
513 788 1.0
514 748 1.0
514 536 1.0
515 670 1.0
516 778 1.0
518 723 1.0
518 986 1.0
519 777 1.0
520 724 1.0
521 717 1.0
521 753 1.0
521 848 1.0
522 617 1.0
522 718 1.0
523 942 1.0
525 612 1.0
529 701 1.0
531 634 1.0
535 554 1.0
540 561 1.0
541 833 1.0
542 766 1.0
544 871 1.0
544 679 1.0
544 650 1.0
545 715 1.0
546 931 1.0
546 760 1.0
548 900 1.0
549 665 1.0
549 907 1.0
550 821 1.0
550 567 1.0
551 593 1.0
551 645 1.0
551 714 1.0
554 597 1.0
557 633 1.0
557 641 1.0
559 674 1.0
559 739 1.0
559 590 1.0
560 900 1.0
560 630 1.0
562 709 1.0
562 840 1.0
564 873 1.0
565 590 1.0
565 793 1.0
566 999 1.0
567 747 1.0
567 934 1.0
570 936 1.0
573 625 1.0
574 677 1.0
575 901 1.0
576 886 1.0
577 693 1.0
577 763 1.0
577 796 1.0
578 921 1.0
578 751 1.0
579 915 1.0
581 756 1.0
581 623 1.0
583 778 1.0
583 777 1.0
586 647 1.0
586 954 1.0
586 609 1.0
586 847 1.0
587 897 1.0
587 938 1.0
588 876 1.0
589 941 1.0
589 733 1.0
590 644 1.0
590 618 1.0
590 859 1.0
591 770 1.0
592 631 1.0
593 861 1.0
593 782 1.0
594 614 1.0
595 677 1.0
595 697 1.0
595 924 1.0
595 870 1.0
598 944 1.0
598 630 1.0
599 925 1.0
599 980 1.0
600 889 1.0
602 707 1.0
606 836 1.0
607 730 1.0
608 822 1.0
610 833 1.0
611 897 1.0
612 835 1.0
613 744 1.0
616 781 1.0
617 808 1.0
618 972 1.0
622 689 1.0
623 632 1.0
623 779 1.0
623 939 1.0
623 656 1.0
624 725 1.0
627 802 1.0
627 758 1.0
628 798 1.0
629 854 1.0
629 843 1.0
629 870 1.0
630 929 1.0
632 837 1.0
632 726 1.0
632 940 1.0
632 703 1.0
633 668 1.0
634 663 1.0
634 667 1.0
635 770 1.0
636 837 1.0
636 715 1.0
638 979 1.0
638 887 1.0
638 816 1.0
639 876 1.0
639 751 1.0
640 771 1.0
640 831 1.0
641 646 1.0
642 861 1.0
642 655 1.0
643 838 1.0
645 978 1.0
651 756 1.0
651 705 1.0
652 849 1.0
653 873 1.0
656 986 1.0
657 929 1.0
657 815 1.0
659 682 1.0
660 924 1.0
661 673 1.0
661 819 1.0
666 785 1.0
670 696 1.0
671 961 1.0
671 719 1.0
672 742 1.0
672 860 1.0
672 959 1.0
673 685 1.0
673 712 1.0
675 731 1.0
675 787 1.0
676 963 1.0
678 906 1.0
680 804 1.0
680 926 1.0
682 685 1.0
684 822 1.0
686 932 1.0
686 823 1.0
688 826 1.0
692 725 1.0
692 950 1.0
697 948 1.0
697 927 1.0
697 879 1.0
698 823 1.0
700 916 1.0
700 968 1.0
700 862 1.0
700 767 1.0
701 988 1.0
702 994 1.0
704 806 1.0
705 793 1.0
706 782 1.0
707 772 1.0
711 782 1.0
711 898 1.0
714 754 1.0
719 961 1.0
719 771 1.0
719 783 1.0
719 759 1.0
723 767 1.0
725 974 1.0
727 891 1.0
728 834 1.0
729 928 1.0
729 815 1.0
729 864 1.0
730 810 1.0
731 800 1.0
732 807 1.0
734 748 1.0
738 983 1.0
739 768 1.0
742 951 1.0
742 823 1.0
742 922 1.0
746 883 1.0
746 773 1.0
750 812 1.0
753 971 1.0
753 754 1.0
757 867 1.0
758 919 1.0
763 967 1.0
764 848 1.0
765 937 1.0
768 818 1.0
771 965 1.0
775 920 1.0
776 780 1.0
777 895 1.0
777 943 1.0
782 851 1.0
782 954 1.0
782 923 1.0
782 896 1.0
788 876 1.0
788 912 1.0
788 800 1.0
793 893 1.0
796 988 1.0
798 926 1.0
800 820 1.0
803 977 1.0
803 999 1.0
803 972 1.0
804 942 1.0
812 940 1.0
814 886 1.0
822 889 1.0
833 835 1.0
833 957 1.0
834 965 1.0
835 842 1.0
839 930 1.0
841 924 1.0
842 975 1.0
844 863 1.0
845 991 1.0
849 857 1.0
849 985 1.0
855 874 1.0
858 953 1.0
859 925 1.0
865 873 1.0
867 872 1.0
870 932 1.0
870 988 1.0
871 916 1.0
877 896 1.0
878 919 1.0
883 1001 1.0
890 902 1.0
890 976 1.0
892 900 1.0
904 928 1.0
905 959 1.0
908 962 1.0
925 954 1.0
939 956 1.0
942 955 1.0
948 964 1.0
950 951 1.0
951 967 1.0
