*vertices 200
1 1 0.0 0.0 ellipse
2 2 0.0 0.0 ellipse
3 3 0.0 0.0 ellipse
4 4 0.0 0.0 ellipse
5 5 0.0 0.0 ellipse
6 6 0.0 0.0 ellipse
7 7 0.0 0.0 ellipse
8 8 0.0 0.0 ellipse
9 9 0.0 0.0 ellipse
10 10 0.0 0.0 ellipse
11 11 0.0 0.0 ellipse
12 12 0.0 0.0 ellipse
13 13 0.0 0.0 ellipse
14 14 0.0 0.0 ellipse
15 15 0.0 0.0 ellipse
16 16 0.0 0.0 ellipse
17 17 0.0 0.0 ellipse
18 18 0.0 0.0 ellipse
19 19 0.0 0.0 ellipse
20 20 0.0 0.0 ellipse
21 21 0.0 0.0 ellipse
22 22 0.0 0.0 ellipse
23 23 0.0 0.0 ellipse
24 24 0.0 0.0 ellipse
25 25 0.0 0.0 ellipse
26 26 0.0 0.0 ellipse
27 27 0.0 0.0 ellipse
28 28 0.0 0.0 ellipse
29 29 0.0 0.0 ellipse
30 30 0.0 0.0 ellipse
31 31 0.0 0.0 ellipse
32 32 0.0 0.0 ellipse
33 33 0.0 0.0 ellipse
34 34 0.0 0.0 ellipse
35 35 0.0 0.0 ellipse
36 36 0.0 0.0 ellipse
37 37 0.0 0.0 ellipse
38 38 0.0 0.0 ellipse
39 39 0.0 0.0 ellipse
40 40 0.0 0.0 ellipse
41 41 0.0 0.0 ellipse
42 42 0.0 0.0 ellipse
43 43 0.0 0.0 ellipse
44 44 0.0 0.0 ellipse
45 45 0.0 0.0 ellipse
46 46 0.0 0.0 ellipse
47 47 0.0 0.0 ellipse
48 48 0.0 0.0 ellipse
49 49 0.0 0.0 ellipse
50 50 0.0 0.0 ellipse
51 51 0.0 0.0 ellipse
52 52 0.0 0.0 ellipse
53 53 0.0 0.0 ellipse
54 54 0.0 0.0 ellipse
55 55 0.0 0.0 ellipse
56 56 0.0 0.0 ellipse
57 57 0.0 0.0 ellipse
58 58 0.0 0.0 ellipse
59 59 0.0 0.0 ellipse
60 60 0.0 0.0 ellipse
61 61 0.0 0.0 ellipse
62 62 0.0 0.0 ellipse
63 63 0.0 0.0 ellipse
64 64 0.0 0.0 ellipse
65 65 0.0 0.0 ellipse
66 66 0.0 0.0 ellipse
67 67 0.0 0.0 ellipse
68 68 0.0 0.0 ellipse
69 69 0.0 0.0 ellipse
70 70 0.0 0.0 ellipse
71 71 0.0 0.0 ellipse
72 72 0.0 0.0 ellipse
73 73 0.0 0.0 ellipse
74 74 0.0 0.0 ellipse
75 75 0.0 0.0 ellipse
76 76 0.0 0.0 ellipse
77 77 0.0 0.0 ellipse
78 78 0.0 0.0 ellipse
79 79 0.0 0.0 ellipse
80 80 0.0 0.0 ellipse
81 81 0.0 0.0 ellipse
82 82 0.0 0.0 ellipse
83 83 0.0 0.0 ellipse
84 84 0.0 0.0 ellipse
85 85 0.0 0.0 ellipse
86 86 0.0 0.0 ellipse
87 87 0.0 0.0 ellipse
88 88 0.0 0.0 ellipse
89 89 0.0 0.0 ellipse
90 90 0.0 0.0 ellipse
91 91 0.0 0.0 ellipse
92 92 0.0 0.0 ellipse
93 93 0.0 0.0 ellipse
94 94 0.0 0.0 ellipse
95 95 0.0 0.0 ellipse
96 96 0.0 0.0 ellipse
97 97 0.0 0.0 ellipse
98 98 0.0 0.0 ellipse
99 99 0.0 0.0 ellipse
100 100 0.0 0.0 ellipse
101 101 0.0 0.0 ellipse
102 102 0.0 0.0 ellipse
103 103 0.0 0.0 ellipse
104 104 0.0 0.0 ellipse
105 105 0.0 0.0 ellipse
106 106 0.0 0.0 ellipse
107 107 0.0 0.0 ellipse
108 108 0.0 0.0 ellipse
109 109 0.0 0.0 ellipse
110 110 0.0 0.0 ellipse
111 111 0.0 0.0 ellipse
112 112 0.0 0.0 ellipse
113 113 0.0 0.0 ellipse
114 114 0.0 0.0 ellipse
115 115 0.0 0.0 ellipse
116 116 0.0 0.0 ellipse
117 117 0.0 0.0 ellipse
118 118 0.0 0.0 ellipse
119 119 0.0 0.0 ellipse
120 120 0.0 0.0 ellipse
121 121 0.0 0.0 ellipse
122 122 0.0 0.0 ellipse
123 123 0.0 0.0 ellipse
124 124 0.0 0.0 ellipse
125 125 0.0 0.0 ellipse
126 126 0.0 0.0 ellipse
127 127 0.0 0.0 ellipse
128 128 0.0 0.0 ellipse
129 129 0.0 0.0 ellipse
130 130 0.0 0.0 ellipse
131 131 0.0 0.0 ellipse
132 132 0.0 0.0 ellipse
133 133 0.0 0.0 ellipse
134 134 0.0 0.0 ellipse
135 135 0.0 0.0 ellipse
136 136 0.0 0.0 ellipse
137 137 0.0 0.0 ellipse
138 138 0.0 0.0 ellipse
139 139 0.0 0.0 ellipse
140 140 0.0 0.0 ellipse
141 141 0.0 0.0 ellipse
142 142 0.0 0.0 ellipse
143 143 0.0 0.0 ellipse
144 144 0.0 0.0 ellipse
145 145 0.0 0.0 ellipse
146 146 0.0 0.0 ellipse
147 147 0.0 0.0 ellipse
148 148 0.0 0.0 ellipse
149 149 0.0 0.0 ellipse
150 150 0.0 0.0 ellipse
151 151 0.0 0.0 ellipse
152 152 0.0 0.0 ellipse
153 153 0.0 0.0 ellipse
154 154 0.0 0.0 ellipse
155 155 0.0 0.0 ellipse
156 156 0.0 0.0 ellipse
157 157 0.0 0.0 ellipse
158 158 0.0 0.0 ellipse
159 159 0.0 0.0 ellipse
160 160 0.0 0.0 ellipse
161 161 0.0 0.0 ellipse
162 162 0.0 0.0 ellipse
163 163 0.0 0.0 ellipse
164 164 0.0 0.0 ellipse
165 165 0.0 0.0 ellipse
166 166 0.0 0.0 ellipse
167 167 0.0 0.0 ellipse
168 168 0.0 0.0 ellipse
169 169 0.0 0.0 ellipse
170 170 0.0 0.0 ellipse
171 171 0.0 0.0 ellipse
172 172 0.0 0.0 ellipse
173 173 0.0 0.0 ellipse
174 174 0.0 0.0 ellipse
175 175 0.0 0.0 ellipse
176 176 0.0 0.0 ellipse
177 177 0.0 0.0 ellipse
178 178 0.0 0.0 ellipse
179 179 0.0 0.0 ellipse
180 180 0.0 0.0 ellipse
181 181 0.0 0.0 ellipse
182 182 0.0 0.0 ellipse
183 183 0.0 0.0 ellipse
184 184 0.0 0.0 ellipse
185 185 0.0 0.0 ellipse
186 186 0.0 0.0 ellipse
187 187 0.0 0.0 ellipse
188 188 0.0 0.0 ellipse
189 189 0.0 0.0 ellipse
190 190 0.0 0.0 ellipse
191 191 0.0 0.0 ellipse
192 192 0.0 0.0 ellipse
193 193 0.0 0.0 ellipse
194 194 0.0 0.0 ellipse
195 195 0.0 0.0 ellipse
196 196 0.0 0.0 ellipse
197 197 0.0 0.0 ellipse
198 198 0.0 0.0 ellipse
199 199 0.0 0.0 ellipse
200 200 0.0 0.0 ellipse
*edges
1 177 1.0
1 179 1.0
1 69 1.0
1 54 1.0
1 7 1.0
1 8 1.0
1 87 1.0
1 75 1.0
1 142 1.0
2 128 1.0
2 131 1.0
2 134 1.0
2 38 1.0
2 72 1.0
2 139 1.0
2 141 1.0
2 80 1.0
2 49 1.0
2 179 1.0
2 119 1.0
2 120 1.0
2 191 1.0
2 189 1.0
2 101 1.0
3 133 1.0
3 73 1.0
3 104 1.0
3 41 1.0
3 10 1.0
3 43 1.0
3 28 1.0
3 138 1.0
3 46 1.0
3 63 1.0
4 172 1.0
4 113 1.0
4 51 1.0
4 155 1.0
4 188 1.0
4 185 1.0
4 12 1.0
4 27 1.0
4 44 1.0
4 29 1.0
5 39 1.0
5 138 1.0
5 107 1.0
5 172 1.0
5 45 1.0
5 143 1.0
5 48 1.0
5 173 1.0
5 190 1.0
5 54 1.0
5 58 1.0
5 27 1.0
5 28 1.0
5 94 1.0
6 32 1.0
6 97 1.0
6 22 1.0
6 43 1.0
6 44 1.0
6 175 1.0
6 114 1.0
6 118 1.0
6 153 1.0
6 186 1.0
6 123 1.0
6 92 1.0
7 112 1.0
7 131 1.0
7 42 1.0
7 49 1.0
7 10 1.0
7 119 1.0
7 106 1.0
8 16 1.0
8 66 1.0
8 37 1.0
8 22 1.0
8 81 1.0
8 184 1.0
8 96 1.0
8 167 1.0
8 173 1.0
8 112 1.0
9 96 1.0
9 86 1.0
9 137 1.0
9 156 1.0
9 45 1.0
9 15 1.0
10 65 1.0
10 50 1.0
10 19 1.0
10 131 1.0
10 89 1.0
10 138 1.0
10 43 1.0
11 99 1.0
11 81 1.0
11 82 1.0
11 51 1.0
11 116 1.0
11 102 1.0
11 104 1.0
11 112 1.0
11 187 1.0
11 98 1.0
12 115 1.0
12 161 1.0
12 99 1.0
12 55 1.0
12 75 1.0
12 173 1.0
13 34 1.0
13 70 1.0
13 198 1.0
13 39 1.0
13 146 1.0
13 46 1.0
13 49 1.0
13 114 1.0
13 184 1.0
13 188 1.0
13 93 1.0
13 63 1.0
14 38 1.0
14 167 1.0
14 168 1.0
14 74 1.0
14 172 1.0
14 79 1.0
14 125 1.0
14 119 1.0
14 26 1.0
14 29 1.0
14 60 1.0
14 106 1.0
15 16 1.0
15 97 1.0
15 68 1.0
15 181 1.0
15 113 1.0
15 104 1.0
15 28 1.0
15 61 1.0
15 62 1.0
15 143 1.0
16 99 1.0
16 37 1.0
16 70 1.0
16 135 1.0
16 42 1.0
16 44 1.0
16 141 1.0
16 147 1.0
16 181 1.0
16 119 1.0
16 58 1.0
16 38 1.0
17 88 1.0
17 18 1.0
17 190 1.0
17 22 1.0
18 192 1.0
18 67 1.0
18 145 1.0
18 136 1.0
18 74 1.0
18 75 1.0
18 47 1.0
18 112 1.0
18 52 1.0
18 171 1.0
18 151 1.0
18 24 1.0
18 42 1.0
18 62 1.0
19 128 1.0
19 162 1.0
19 195 1.0
19 37 1.0
19 198 1.0
19 40 1.0
19 41 1.0
19 45 1.0
19 175 1.0
19 48 1.0
19 114 1.0
19 185 1.0
19 25 1.0
19 98 1.0
19 79 1.0
19 74 1.0
19 127 1.0
20 184 1.0
20 83 1.0
20 134 1.0
20 199 1.0
20 152 1.0
20 42 1.0
20 71 1.0
20 108 1.0
21 101 1.0
21 99 1.0
21 197 1.0
21 134 1.0
21 124 1.0
21 45 1.0
21 47 1.0
21 81 1.0
21 149 1.0
21 90 1.0
21 63 1.0
21 28 1.0
21 69 1.0
22 32 1.0
22 97 1.0
22 145 1.0
22 46 1.0
22 143 1.0
22 117 1.0
22 122 1.0
22 60 1.0
22 125 1.0
22 126 1.0
23 192 1.0
23 32 1.0
23 182 1.0
23 37 1.0
23 102 1.0
23 39 1.0
23 106 1.0
23 127 1.0
23 173 1.0
23 95 1.0
23 84 1.0
23 54 1.0
23 24 1.0
23 59 1.0
23 156 1.0
23 125 1.0
23 31 1.0
24 64 1.0
24 198 1.0
24 113 1.0
24 105 1.0
24 106 1.0
24 135 1.0
24 81 1.0
24 137 1.0
24 28 1.0
24 93 1.0
24 31 1.0
25 128 1.0
25 97 1.0
25 149 1.0
25 167 1.0
25 120 1.0
25 184 1.0
25 110 1.0
25 63 1.0
26 196 1.0
26 163 1.0
26 180 1.0
26 101 1.0
26 38 1.0
26 137 1.0
26 30 1.0
26 117 1.0
26 189 1.0
26 63 1.0
27 68 1.0
27 66 1.0
27 198 1.0
27 136 1.0
27 130 1.0
27 77 1.0
27 79 1.0
27 147 1.0
27 150 1.0
27 89 1.0
27 127 1.0
28 98 1.0
28 91 1.0
28 62 1.0
28 138 1.0
28 175 1.0
28 174 1.0
29 192 1.0
29 162 1.0
29 54 1.0
29 60 1.0
29 53 1.0
29 150 1.0
29 153 1.0
29 58 1.0
29 124 1.0
29 186 1.0
30 117 1.0
30 182 1.0
30 158 1.0
30 72 1.0
30 172 1.0
30 60 1.0
30 74 1.0
30 190 1.0
31 64 1.0
31 162 1.0
31 132 1.0
31 85 1.0
31 121 1.0
31 183 1.0
31 92 1.0
31 98 1.0
31 199 1.0
32 88 1.0
32 163 1.0
32 36 1.0
32 72 1.0
32 121 1.0
32 124 1.0
32 78 1.0
32 79 1.0
33 176 1.0
33 116 1.0
33 102 1.0
33 119 1.0
33 200 1.0
33 44 1.0
33 42 1.0
33 63 1.0
33 60 1.0
33 45 1.0
33 79 1.0
34 64 1.0
34 114 1.0
34 52 1.0
34 182 1.0
34 86 1.0
34 63 1.0
35 68 1.0
35 101 1.0
35 113 1.0
35 73 1.0
35 177 1.0
35 107 1.0
35 78 1.0
35 47 1.0
35 145 1.0
35 114 1.0
35 147 1.0
35 180 1.0
35 46 1.0
35 120 1.0
35 164 1.0
35 126 1.0
36 177 1.0
36 68 1.0
36 53 1.0
36 152 1.0
36 148 1.0
36 186 1.0
36 124 1.0
36 46 1.0
37 67 1.0
37 131 1.0
37 145 1.0
37 77 1.0
37 141 1.0
37 115 1.0
37 114 1.0
37 122 1.0
37 143 1.0
38 65 1.0
38 68 1.0
38 165 1.0
38 166 1.0
38 103 1.0
38 105 1.0
38 66 1.0
38 147 1.0
38 183 1.0
38 56 1.0
38 153 1.0
38 190 1.0
38 127 1.0
39 96 1.0
39 178 1.0
39 103 1.0
39 170 1.0
39 76 1.0
39 110 1.0
39 45 1.0
39 80 1.0
39 49 1.0
39 82 1.0
39 83 1.0
39 85 1.0
39 88 1.0
39 90 1.0
39 123 1.0
39 69 1.0
40 176 1.0
40 162 1.0
40 75 1.0
40 69 1.0
40 103 1.0
40 170 1.0
40 71 1.0
40 111 1.0
40 144 1.0
40 152 1.0
40 116 1.0
40 88 1.0
41 193 1.0
41 198 1.0
41 71 1.0
41 168 1.0
41 73 1.0
41 107 1.0
41 172 1.0
41 142 1.0
41 175 1.0
41 177 1.0
41 169 1.0
41 155 1.0
41 92 1.0
41 61 1.0
42 83 1.0
42 176 1.0
42 185 1.0
42 139 1.0
42 151 1.0
43 192 1.0
43 161 1.0
43 168 1.0
43 44 1.0
43 152 1.0
43 115 1.0
43 88 1.0
43 91 1.0
43 158 1.0
44 96 1.0
44 163 1.0
44 129 1.0
44 138 1.0
44 172 1.0
44 45 1.0
44 110 1.0
44 119 1.0
45 192 1.0
45 131 1.0
45 132 1.0
45 165 1.0
45 141 1.0
45 117 1.0
46 64 1.0
46 114 1.0
46 195 1.0
46 103 1.0
46 72 1.0
46 73 1.0
46 80 1.0
46 115 1.0
46 50 1.0
46 148 1.0
47 66 1.0
47 98 1.0
47 198 1.0
47 194 1.0
47 169 1.0
47 107 1.0
47 109 1.0
47 175 1.0
47 49 1.0
47 151 1.0
48 102 1.0
48 168 1.0
48 185 1.0
48 78 1.0
48 62 1.0
49 97 1.0
49 163 1.0
49 166 1.0
49 178 1.0
49 83 1.0
49 148 1.0
49 150 1.0
49 56 1.0
49 195 1.0
49 71 1.0
49 155 1.0
49 92 1.0
49 190 1.0
49 159 1.0
50 67 1.0
50 101 1.0
50 105 1.0
50 140 1.0
50 141 1.0
50 173 1.0
50 190 1.0
50 148 1.0
50 94 1.0
50 182 1.0
50 123 1.0
50 60 1.0
50 78 1.0
50 158 1.0
50 181 1.0
51 96 1.0
51 68 1.0
51 94 1.0
51 54 1.0
51 137 1.0
51 140 1.0
51 126 1.0
51 142 1.0
51 190 1.0
52 64 1.0
52 193 1.0
52 69 1.0
52 134 1.0
52 140 1.0
52 109 1.0
52 180 1.0
52 181 1.0
52 123 1.0
52 165 1.0
53 192 1.0
53 66 1.0
53 187 1.0
53 106 1.0
53 139 1.0
53 93 1.0
53 81 1.0
53 117 1.0
53 138 1.0
53 153 1.0
53 127 1.0
53 61 1.0
53 159 1.0
54 197 1.0
54 100 1.0
54 166 1.0
54 140 1.0
54 77 1.0
54 79 1.0
54 113 1.0
54 149 1.0
54 86 1.0
54 124 1.0
54 85 1.0
55 160 1.0
55 115 1.0
55 197 1.0
55 198 1.0
55 169 1.0
55 195 1.0
56 98 1.0
56 132 1.0
56 167 1.0
56 116 1.0
56 139 1.0
56 183 1.0
56 79 1.0
57 80 1.0
57 177 1.0
57 178 1.0
57 121 1.0
57 103 1.0
57 168 1.0
57 89 1.0
57 75 1.0
57 110 1.0
58 112 1.0
58 196 1.0
58 113 1.0
58 117 1.0
58 150 1.0
58 120 1.0
58 88 1.0
58 152 1.0
58 94 1.0
58 127 1.0
59 192 1.0
59 115 1.0
59 100 1.0
59 168 1.0
59 74 1.0
59 200 1.0
59 80 1.0
59 136 1.0
59 179 1.0
59 118 1.0
59 68 1.0
59 92 1.0
59 63 1.0
60 132 1.0
60 145 1.0
60 177 1.0
60 193 1.0
60 159 1.0
60 113 1.0
60 126 1.0
60 185 1.0
60 191 1.0
60 95 1.0
61 196 1.0
61 113 1.0
61 199 1.0
61 109 1.0
61 110 1.0
61 81 1.0
61 183 1.0
61 89 1.0
61 126 1.0
62 162 1.0
62 196 1.0
62 197 1.0
62 135 1.0
62 172 1.0
62 150 1.0
62 120 1.0
62 189 1.0
63 70 1.0
63 71 1.0
63 167 1.0
63 147 1.0
63 116 1.0
63 89 1.0
63 158 1.0
64 97 1.0
64 131 1.0
64 69 1.0
64 71 1.0
64 135 1.0
64 108 1.0
64 98 1.0
64 144 1.0
64 122 1.0
65 70 1.0
66 177 1.0
66 98 1.0
66 153 1.0
66 89 1.0
66 78 1.0
67 165 1.0
67 190 1.0
67 125 1.0
67 124 1.0
67 94 1.0
67 93 1.0
68 111 1.0
68 108 1.0
68 114 1.0
68 121 1.0
68 127 1.0
69 99 1.0
69 132 1.0
69 139 1.0
69 108 1.0
69 120 1.0
69 90 1.0
69 155 1.0
69 125 1.0
70 192 1.0
70 99 1.0
70 133 1.0
70 139 1.0
70 180 1.0
70 148 1.0
70 183 1.0
70 121 1.0
70 154 1.0
70 187 1.0
71 129 1.0
71 107 1.0
71 175 1.0
71 115 1.0
71 118 1.0
71 119 1.0
71 191 1.0
72 193 1.0
72 147 1.0
72 84 1.0
72 137 1.0
73 196 1.0
73 118 1.0
73 102 1.0
73 124 1.0
74 155 1.0
74 152 1.0
74 142 1.0
74 182 1.0
74 184 1.0
74 90 1.0
74 188 1.0
74 125 1.0
74 181 1.0
75 96 1.0
75 196 1.0
75 199 1.0
75 137 1.0
75 113 1.0
75 83 1.0
75 121 1.0
75 149 1.0
75 119 1.0
75 91 1.0
75 191 1.0
76 104 1.0
76 194 1.0
76 163 1.0
76 184 1.0
76 120 1.0
76 122 1.0
76 168 1.0
76 200 1.0
76 125 1.0
77 130 1.0
77 100 1.0
77 168 1.0
77 112 1.0
77 88 1.0
77 146 1.0
77 83 1.0
77 149 1.0
77 152 1.0
78 164 1.0
78 133 1.0
78 145 1.0
78 132 1.0
78 199 1.0
78 192 1.0
79 187 1.0
79 198 1.0
79 96 1.0
79 160 1.0
79 192 1.0
79 83 1.0
79 148 1.0
79 158 1.0
80 115 1.0
80 83 1.0
80 199 1.0
80 165 1.0
80 182 1.0
80 169 1.0
81 189 1.0
81 129 1.0
81 121 1.0
81 153 1.0
82 112 1.0
82 129 1.0
82 114 1.0
82 123 1.0
82 188 1.0
82 88 1.0
82 124 1.0
82 122 1.0
82 135 1.0
83 100 1.0
83 139 1.0
83 141 1.0
83 183 1.0
83 88 1.0
83 153 1.0
83 127 1.0
84 96 1.0
84 161 1.0
84 179 1.0
84 145 1.0
84 188 1.0
84 192 1.0
85 166 1.0
85 106 1.0
85 159 1.0
85 182 1.0
86 129 1.0
86 134 1.0
86 162 1.0
86 152 1.0
86 130 1.0
86 190 1.0
87 98 1.0
87 164 1.0
87 132 1.0
87 149 1.0
87 89 1.0
87 123 1.0
88 196 1.0
88 114 1.0
88 180 1.0
88 104 1.0
88 167 1.0
88 122 1.0
88 190 1.0
89 95 1.0
89 179 1.0
89 173 1.0
89 176 1.0
89 147 1.0
89 124 1.0
89 125 1.0
90 144 1.0
90 175 1.0
90 99 1.0
90 155 1.0
90 91 1.0
90 125 1.0
90 109 1.0
91 132 1.0
91 197 1.0
91 200 1.0
91 187 1.0
91 171 1.0
91 111 1.0
91 177 1.0
91 149 1.0
91 152 1.0
91 123 1.0
92 147 1.0
92 180 1.0
92 179 1.0
92 186 1.0
92 150 1.0
93 145 1.0
93 162 1.0
93 153 1.0
94 181 1.0
94 103 1.0
94 151 1.0
94 124 1.0
94 111 1.0
95 134 1.0
95 167 1.0
95 200 1.0
95 170 1.0
95 140 1.0
95 110 1.0
95 143 1.0
95 179 1.0
95 119 1.0
96 193 1.0
96 170 1.0
96 135 1.0
96 110 1.0
96 200 1.0
96 117 1.0
96 156 1.0
96 158 1.0
96 149 1.0
97 128 1.0
97 166 1.0
97 167 1.0
97 168 1.0
97 169 1.0
97 129 1.0
97 159 1.0
98 151 1.0
99 161 1.0
99 104 1.0
99 175 1.0
99 116 1.0
99 117 1.0
100 128 1.0
100 113 1.0
100 132 1.0
100 122 1.0
100 125 1.0
101 170 1.0
101 162 1.0
101 194 1.0
102 130 1.0
102 161 1.0
102 137 1.0
102 193 1.0
102 180 1.0
102 118 1.0
102 123 1.0
103 167 1.0
103 108 1.0
103 141 1.0
103 143 1.0
103 176 1.0
103 145 1.0
103 110 1.0
104 147 1.0
104 108 1.0
104 143 1.0
104 148 1.0
104 149 1.0
104 186 1.0
105 144 1.0
105 155 1.0
105 109 1.0
105 110 1.0
106 169 1.0
106 199 1.0
106 108 1.0
106 185 1.0
106 123 1.0
106 188 1.0
106 157 1.0
107 193 1.0
107 162 1.0
107 124 1.0
107 200 1.0
107 184 1.0
107 108 1.0
108 200 1.0
108 178 1.0
108 183 1.0
108 184 1.0
108 155 1.0
108 189 1.0
109 128 1.0
109 163 1.0
109 143 1.0
109 116 1.0
109 149 1.0
109 185 1.0
109 148 1.0
111 139 1.0
111 167 1.0
111 127 1.0
112 176 1.0
112 193 1.0
112 115 1.0
112 143 1.0
113 162 1.0
113 135 1.0
113 200 1.0
113 138 1.0
113 145 1.0
113 114 1.0
113 181 1.0
113 121 1.0
114 194 1.0
114 172 1.0
114 158 1.0
115 164 1.0
115 119 1.0
115 188 1.0
115 177 1.0
115 151 1.0
115 190 1.0
116 191 1.0
116 168 1.0
116 178 1.0
116 155 1.0
116 189 1.0
117 139 1.0
117 173 1.0
117 152 1.0
117 181 1.0
118 172 1.0
118 153 1.0
118 136 1.0
118 124 1.0
118 134 1.0
118 190 1.0
119 147 1.0
119 163 1.0
119 134 1.0
119 168 1.0
119 138 1.0
119 120 1.0
119 191 1.0
120 151 1.0
120 162 1.0
120 176 1.0
120 145 1.0
120 163 1.0
120 155 1.0
120 197 1.0
121 164 1.0
121 156 1.0
121 157 1.0
121 159 1.0
122 195 1.0
122 140 1.0
122 178 1.0
122 181 1.0
122 155 1.0
122 125 1.0
123 149 1.0
123 150 1.0
123 156 1.0
124 198 1.0
124 168 1.0
124 140 1.0
124 144 1.0
125 129 1.0
125 198 1.0
125 167 1.0
125 141 1.0
125 138 1.0
125 196 1.0
125 155 1.0
125 149 1.0
125 143 1.0
126 164 1.0
126 179 1.0
126 153 1.0
127 128 1.0
127 187 1.0
128 180 1.0
128 183 1.0
128 187 1.0
128 190 1.0
128 159 1.0
129 163 1.0
129 134 1.0
129 136 1.0
129 161 1.0
129 168 1.0
130 172 1.0
130 141 1.0
131 176 1.0
131 195 1.0
131 172 1.0
132 161 1.0
132 137 1.0
132 156 1.0
132 185 1.0
132 190 1.0
133 198 1.0
133 197 1.0
133 137 1.0
133 171 1.0
133 172 1.0
134 169 1.0
134 185 1.0
134 158 1.0
135 196 1.0
135 197 1.0
135 198 1.0
135 140 1.0
135 155 1.0
135 192 1.0
135 191 1.0
136 150 1.0
136 145 1.0
136 170 1.0
136 156 1.0
137 142 1.0
137 200 1.0
137 146 1.0
137 148 1.0
137 174 1.0
137 151 1.0
137 169 1.0
137 184 1.0
137 183 1.0
137 197 1.0
138 200 1.0
138 172 1.0
138 176 1.0
138 188 1.0
139 196 1.0
139 159 1.0
139 142 1.0
139 152 1.0
139 186 1.0
139 143 1.0
139 188 1.0
140 163 1.0
140 150 1.0
140 178 1.0
140 174 1.0
140 154 1.0
140 158 1.0
141 161 1.0
141 200 1.0
141 176 1.0
141 199 1.0
142 181 1.0
142 195 1.0
142 153 1.0
143 176 1.0
143 194 1.0
143 170 1.0
143 200 1.0
143 184 1.0
146 163 1.0
146 180 1.0
146 149 1.0
146 150 1.0
146 167 1.0
146 187 1.0
147 158 1.0
148 178 1.0
148 169 1.0
148 153 1.0
148 188 1.0
148 157 1.0
149 165 1.0
149 195 1.0
149 177 1.0
149 179 1.0
149 155 1.0
149 188 1.0
150 189 1.0
151 152 1.0
151 163 1.0
151 189 1.0
152 154 1.0
153 167 1.0
153 154 1.0
154 162 1.0
154 173 1.0
154 194 1.0
154 189 1.0
155 163 1.0
155 199 1.0
155 157 1.0
155 172 1.0
155 169 1.0
155 197 1.0
156 163 1.0
157 192 1.0
157 180 1.0
157 171 1.0
157 188 1.0
158 171 1.0
158 173 1.0
158 184 1.0
158 175 1.0
159 194 1.0
159 196 1.0
159 183 1.0
160 192 1.0
160 168 1.0
160 175 1.0
162 198 1.0
163 167 1.0
163 179 1.0
163 180 1.0
163 191 1.0
164 187 1.0
165 171 1.0
166 176 1.0
166 169 1.0
166 175 1.0
166 183 1.0
167 192 1.0
167 178 1.0
167 193 1.0
167 173 1.0
169 199 1.0
170 189 1.0
171 199 1.0
173 198 1.0
173 175 1.0
173 179 1.0
174 184 1.0
176 179 1.0
177 194 1.0
178 196 1.0
178 180 1.0
178 184 1.0
178 199 1.0
182 184 1.0
183 197 1.0
183 185 1.0
184 193 1.0
184 190 1.0
185 194 1.0
185 189 1.0
187 194 1.0
188 196 1.0
190 198 1.0
192 193 1.0
199 200 1.0
