*vertices 1000
1 0 0.0 0.0 ellipse
2 1 0.0 0.0 ellipse
3 2 0.0 0.0 ellipse
4 3 0.0 0.0 ellipse
5 4 0.0 0.0 ellipse
6 5 0.0 0.0 ellipse
7 6 0.0 0.0 ellipse
8 7 0.0 0.0 ellipse
9 8 0.0 0.0 ellipse
10 9 0.0 0.0 ellipse
11 10 0.0 0.0 ellipse
12 11 0.0 0.0 ellipse
13 12 0.0 0.0 ellipse
14 13 0.0 0.0 ellipse
15 14 0.0 0.0 ellipse
16 15 0.0 0.0 ellipse
17 16 0.0 0.0 ellipse
18 17 0.0 0.0 ellipse
19 18 0.0 0.0 ellipse
20 19 0.0 0.0 ellipse
21 20 0.0 0.0 ellipse
22 21 0.0 0.0 ellipse
23 22 0.0 0.0 ellipse
24 23 0.0 0.0 ellipse
25 24 0.0 0.0 ellipse
26 25 0.0 0.0 ellipse
27 26 0.0 0.0 ellipse
28 27 0.0 0.0 ellipse
29 28 0.0 0.0 ellipse
30 29 0.0 0.0 ellipse
31 30 0.0 0.0 ellipse
32 31 0.0 0.0 ellipse
33 32 0.0 0.0 ellipse
34 33 0.0 0.0 ellipse
35 34 0.0 0.0 ellipse
36 35 0.0 0.0 ellipse
37 36 0.0 0.0 ellipse
38 37 0.0 0.0 ellipse
39 38 0.0 0.0 ellipse
40 39 0.0 0.0 ellipse
41 40 0.0 0.0 ellipse
42 41 0.0 0.0 ellipse
43 42 0.0 0.0 ellipse
44 43 0.0 0.0 ellipse
45 44 0.0 0.0 ellipse
46 45 0.0 0.0 ellipse
47 46 0.0 0.0 ellipse
48 47 0.0 0.0 ellipse
49 48 0.0 0.0 ellipse
50 49 0.0 0.0 ellipse
51 50 0.0 0.0 ellipse
52 51 0.0 0.0 ellipse
53 52 0.0 0.0 ellipse
54 53 0.0 0.0 ellipse
55 54 0.0 0.0 ellipse
56 55 0.0 0.0 ellipse
57 56 0.0 0.0 ellipse
58 57 0.0 0.0 ellipse
59 58 0.0 0.0 ellipse
60 59 0.0 0.0 ellipse
61 60 0.0 0.0 ellipse
62 61 0.0 0.0 ellipse
63 62 0.0 0.0 ellipse
64 63 0.0 0.0 ellipse
65 64 0.0 0.0 ellipse
66 65 0.0 0.0 ellipse
67 66 0.0 0.0 ellipse
68 67 0.0 0.0 ellipse
69 68 0.0 0.0 ellipse
70 69 0.0 0.0 ellipse
71 70 0.0 0.0 ellipse
72 71 0.0 0.0 ellipse
73 72 0.0 0.0 ellipse
74 73 0.0 0.0 ellipse
75 74 0.0 0.0 ellipse
76 75 0.0 0.0 ellipse
77 76 0.0 0.0 ellipse
78 77 0.0 0.0 ellipse
79 78 0.0 0.0 ellipse
80 79 0.0 0.0 ellipse
81 80 0.0 0.0 ellipse
82 81 0.0 0.0 ellipse
83 82 0.0 0.0 ellipse
84 83 0.0 0.0 ellipse
85 84 0.0 0.0 ellipse
86 85 0.0 0.0 ellipse
87 86 0.0 0.0 ellipse
88 87 0.0 0.0 ellipse
89 88 0.0 0.0 ellipse
90 89 0.0 0.0 ellipse
91 90 0.0 0.0 ellipse
92 91 0.0 0.0 ellipse
93 92 0.0 0.0 ellipse
94 93 0.0 0.0 ellipse
95 94 0.0 0.0 ellipse
96 95 0.0 0.0 ellipse
97 96 0.0 0.0 ellipse
98 97 0.0 0.0 ellipse
99 98 0.0 0.0 ellipse
100 99 0.0 0.0 ellipse
101 100 0.0 0.0 ellipse
102 101 0.0 0.0 ellipse
103 102 0.0 0.0 ellipse
104 103 0.0 0.0 ellipse
105 104 0.0 0.0 ellipse
106 105 0.0 0.0 ellipse
107 106 0.0 0.0 ellipse
108 107 0.0 0.0 ellipse
109 108 0.0 0.0 ellipse
110 109 0.0 0.0 ellipse
111 110 0.0 0.0 ellipse
112 111 0.0 0.0 ellipse
113 112 0.0 0.0 ellipse
114 113 0.0 0.0 ellipse
115 114 0.0 0.0 ellipse
116 115 0.0 0.0 ellipse
117 116 0.0 0.0 ellipse
118 117 0.0 0.0 ellipse
119 118 0.0 0.0 ellipse
120 119 0.0 0.0 ellipse
121 120 0.0 0.0 ellipse
122 121 0.0 0.0 ellipse
123 122 0.0 0.0 ellipse
124 123 0.0 0.0 ellipse
125 124 0.0 0.0 ellipse
126 125 0.0 0.0 ellipse
127 126 0.0 0.0 ellipse
128 127 0.0 0.0 ellipse
129 128 0.0 0.0 ellipse
130 129 0.0 0.0 ellipse
131 130 0.0 0.0 ellipse
132 131 0.0 0.0 ellipse
133 132 0.0 0.0 ellipse
134 133 0.0 0.0 ellipse
135 134 0.0 0.0 ellipse
136 135 0.0 0.0 ellipse
137 136 0.0 0.0 ellipse
138 137 0.0 0.0 ellipse
139 138 0.0 0.0 ellipse
140 139 0.0 0.0 ellipse
141 140 0.0 0.0 ellipse
142 141 0.0 0.0 ellipse
143 142 0.0 0.0 ellipse
144 143 0.0 0.0 ellipse
145 144 0.0 0.0 ellipse
146 145 0.0 0.0 ellipse
147 146 0.0 0.0 ellipse
148 147 0.0 0.0 ellipse
149 148 0.0 0.0 ellipse
150 149 0.0 0.0 ellipse
151 150 0.0 0.0 ellipse
152 151 0.0 0.0 ellipse
153 152 0.0 0.0 ellipse
154 153 0.0 0.0 ellipse
155 154 0.0 0.0 ellipse
156 155 0.0 0.0 ellipse
157 156 0.0 0.0 ellipse
158 157 0.0 0.0 ellipse
159 158 0.0 0.0 ellipse
160 159 0.0 0.0 ellipse
161 160 0.0 0.0 ellipse
162 161 0.0 0.0 ellipse
163 162 0.0 0.0 ellipse
164 163 0.0 0.0 ellipse
165 164 0.0 0.0 ellipse
166 165 0.0 0.0 ellipse
167 166 0.0 0.0 ellipse
168 167 0.0 0.0 ellipse
169 168 0.0 0.0 ellipse
170 169 0.0 0.0 ellipse
171 170 0.0 0.0 ellipse
172 171 0.0 0.0 ellipse
173 172 0.0 0.0 ellipse
174 173 0.0 0.0 ellipse
175 174 0.0 0.0 ellipse
176 175 0.0 0.0 ellipse
177 176 0.0 0.0 ellipse
178 177 0.0 0.0 ellipse
179 178 0.0 0.0 ellipse
180 179 0.0 0.0 ellipse
181 180 0.0 0.0 ellipse
182 181 0.0 0.0 ellipse
183 182 0.0 0.0 ellipse
184 183 0.0 0.0 ellipse
185 184 0.0 0.0 ellipse
186 185 0.0 0.0 ellipse
187 186 0.0 0.0 ellipse
188 187 0.0 0.0 ellipse
189 188 0.0 0.0 ellipse
190 189 0.0 0.0 ellipse
191 190 0.0 0.0 ellipse
192 191 0.0 0.0 ellipse
193 192 0.0 0.0 ellipse
194 193 0.0 0.0 ellipse
195 194 0.0 0.0 ellipse
196 195 0.0 0.0 ellipse
197 196 0.0 0.0 ellipse
198 197 0.0 0.0 ellipse
199 198 0.0 0.0 ellipse
200 199 0.0 0.0 ellipse
201 200 0.0 0.0 ellipse
202 201 0.0 0.0 ellipse
203 202 0.0 0.0 ellipse
204 203 0.0 0.0 ellipse
205 204 0.0 0.0 ellipse
206 205 0.0 0.0 ellipse
207 206 0.0 0.0 ellipse
208 207 0.0 0.0 ellipse
209 208 0.0 0.0 ellipse
210 209 0.0 0.0 ellipse
211 210 0.0 0.0 ellipse
212 211 0.0 0.0 ellipse
213 212 0.0 0.0 ellipse
214 213 0.0 0.0 ellipse
215 214 0.0 0.0 ellipse
216 215 0.0 0.0 ellipse
217 216 0.0 0.0 ellipse
218 217 0.0 0.0 ellipse
219 218 0.0 0.0 ellipse
220 219 0.0 0.0 ellipse
221 220 0.0 0.0 ellipse
222 221 0.0 0.0 ellipse
223 222 0.0 0.0 ellipse
224 223 0.0 0.0 ellipse
225 224 0.0 0.0 ellipse
226 225 0.0 0.0 ellipse
227 226 0.0 0.0 ellipse
228 227 0.0 0.0 ellipse
229 228 0.0 0.0 ellipse
230 229 0.0 0.0 ellipse
231 230 0.0 0.0 ellipse
232 231 0.0 0.0 ellipse
233 232 0.0 0.0 ellipse
234 233 0.0 0.0 ellipse
235 234 0.0 0.0 ellipse
236 235 0.0 0.0 ellipse
237 236 0.0 0.0 ellipse
238 237 0.0 0.0 ellipse
239 238 0.0 0.0 ellipse
240 239 0.0 0.0 ellipse
241 240 0.0 0.0 ellipse
242 241 0.0 0.0 ellipse
243 242 0.0 0.0 ellipse
244 243 0.0 0.0 ellipse
245 244 0.0 0.0 ellipse
246 245 0.0 0.0 ellipse
247 246 0.0 0.0 ellipse
248 247 0.0 0.0 ellipse
249 248 0.0 0.0 ellipse
250 249 0.0 0.0 ellipse
251 250 0.0 0.0 ellipse
252 251 0.0 0.0 ellipse
253 252 0.0 0.0 ellipse
254 253 0.0 0.0 ellipse
255 254 0.0 0.0 ellipse
256 255 0.0 0.0 ellipse
257 256 0.0 0.0 ellipse
258 257 0.0 0.0 ellipse
259 258 0.0 0.0 ellipse
260 259 0.0 0.0 ellipse
261 260 0.0 0.0 ellipse
262 261 0.0 0.0 ellipse
263 262 0.0 0.0 ellipse
264 263 0.0 0.0 ellipse
265 264 0.0 0.0 ellipse
266 265 0.0 0.0 ellipse
267 266 0.0 0.0 ellipse
268 267 0.0 0.0 ellipse
269 268 0.0 0.0 ellipse
270 269 0.0 0.0 ellipse
271 270 0.0 0.0 ellipse
272 271 0.0 0.0 ellipse
273 272 0.0 0.0 ellipse
274 273 0.0 0.0 ellipse
275 274 0.0 0.0 ellipse
276 275 0.0 0.0 ellipse
277 276 0.0 0.0 ellipse
278 277 0.0 0.0 ellipse
279 278 0.0 0.0 ellipse
280 279 0.0 0.0 ellipse
281 280 0.0 0.0 ellipse
282 281 0.0 0.0 ellipse
283 282 0.0 0.0 ellipse
284 283 0.0 0.0 ellipse
285 284 0.0 0.0 ellipse
286 285 0.0 0.0 ellipse
287 286 0.0 0.0 ellipse
288 287 0.0 0.0 ellipse
289 288 0.0 0.0 ellipse
290 289 0.0 0.0 ellipse
291 290 0.0 0.0 ellipse
292 291 0.0 0.0 ellipse
293 292 0.0 0.0 ellipse
294 293 0.0 0.0 ellipse
295 294 0.0 0.0 ellipse
296 295 0.0 0.0 ellipse
297 296 0.0 0.0 ellipse
298 297 0.0 0.0 ellipse
299 298 0.0 0.0 ellipse
300 299 0.0 0.0 ellipse
301 300 0.0 0.0 ellipse
302 301 0.0 0.0 ellipse
303 302 0.0 0.0 ellipse
304 303 0.0 0.0 ellipse
305 304 0.0 0.0 ellipse
306 305 0.0 0.0 ellipse
307 306 0.0 0.0 ellipse
308 307 0.0 0.0 ellipse
309 308 0.0 0.0 ellipse
310 309 0.0 0.0 ellipse
311 310 0.0 0.0 ellipse
312 311 0.0 0.0 ellipse
313 312 0.0 0.0 ellipse
314 313 0.0 0.0 ellipse
315 314 0.0 0.0 ellipse
316 315 0.0 0.0 ellipse
317 316 0.0 0.0 ellipse
318 317 0.0 0.0 ellipse
319 318 0.0 0.0 ellipse
320 319 0.0 0.0 ellipse
321 320 0.0 0.0 ellipse
322 321 0.0 0.0 ellipse
323 322 0.0 0.0 ellipse
324 323 0.0 0.0 ellipse
325 324 0.0 0.0 ellipse
326 325 0.0 0.0 ellipse
327 326 0.0 0.0 ellipse
328 327 0.0 0.0 ellipse
329 328 0.0 0.0 ellipse
330 329 0.0 0.0 ellipse
331 330 0.0 0.0 ellipse
332 331 0.0 0.0 ellipse
333 332 0.0 0.0 ellipse
334 333 0.0 0.0 ellipse
335 334 0.0 0.0 ellipse
336 335 0.0 0.0 ellipse
337 336 0.0 0.0 ellipse
338 337 0.0 0.0 ellipse
339 338 0.0 0.0 ellipse
340 339 0.0 0.0 ellipse
341 340 0.0 0.0 ellipse
342 341 0.0 0.0 ellipse
343 342 0.0 0.0 ellipse
344 343 0.0 0.0 ellipse
345 344 0.0 0.0 ellipse
346 345 0.0 0.0 ellipse
347 346 0.0 0.0 ellipse
348 347 0.0 0.0 ellipse
349 348 0.0 0.0 ellipse
350 349 0.0 0.0 ellipse
351 350 0.0 0.0 ellipse
352 351 0.0 0.0 ellipse
353 352 0.0 0.0 ellipse
354 353 0.0 0.0 ellipse
355 354 0.0 0.0 ellipse
356 355 0.0 0.0 ellipse
357 356 0.0 0.0 ellipse
358 357 0.0 0.0 ellipse
359 358 0.0 0.0 ellipse
360 359 0.0 0.0 ellipse
361 360 0.0 0.0 ellipse
362 361 0.0 0.0 ellipse
363 362 0.0 0.0 ellipse
364 363 0.0 0.0 ellipse
365 364 0.0 0.0 ellipse
366 365 0.0 0.0 ellipse
367 366 0.0 0.0 ellipse
368 367 0.0 0.0 ellipse
369 368 0.0 0.0 ellipse
370 369 0.0 0.0 ellipse
371 370 0.0 0.0 ellipse
372 371 0.0 0.0 ellipse
373 372 0.0 0.0 ellipse
374 373 0.0 0.0 ellipse
375 374 0.0 0.0 ellipse
376 375 0.0 0.0 ellipse
377 376 0.0 0.0 ellipse
378 377 0.0 0.0 ellipse
379 378 0.0 0.0 ellipse
380 379 0.0 0.0 ellipse
381 380 0.0 0.0 ellipse
382 381 0.0 0.0 ellipse
383 382 0.0 0.0 ellipse
384 383 0.0 0.0 ellipse
385 384 0.0 0.0 ellipse
386 385 0.0 0.0 ellipse
387 386 0.0 0.0 ellipse
388 387 0.0 0.0 ellipse
389 388 0.0 0.0 ellipse
390 389 0.0 0.0 ellipse
391 390 0.0 0.0 ellipse
392 391 0.0 0.0 ellipse
393 392 0.0 0.0 ellipse
394 393 0.0 0.0 ellipse
395 394 0.0 0.0 ellipse
396 395 0.0 0.0 ellipse
397 396 0.0 0.0 ellipse
398 397 0.0 0.0 ellipse
399 398 0.0 0.0 ellipse
400 399 0.0 0.0 ellipse
401 400 0.0 0.0 ellipse
402 401 0.0 0.0 ellipse
403 402 0.0 0.0 ellipse
404 403 0.0 0.0 ellipse
405 404 0.0 0.0 ellipse
406 405 0.0 0.0 ellipse
407 406 0.0 0.0 ellipse
408 407 0.0 0.0 ellipse
409 408 0.0 0.0 ellipse
410 409 0.0 0.0 ellipse
411 410 0.0 0.0 ellipse
412 411 0.0 0.0 ellipse
413 412 0.0 0.0 ellipse
414 413 0.0 0.0 ellipse
415 414 0.0 0.0 ellipse
416 415 0.0 0.0 ellipse
417 416 0.0 0.0 ellipse
418 417 0.0 0.0 ellipse
419 418 0.0 0.0 ellipse
420 419 0.0 0.0 ellipse
421 420 0.0 0.0 ellipse
422 421 0.0 0.0 ellipse
423 422 0.0 0.0 ellipse
424 423 0.0 0.0 ellipse
425 424 0.0 0.0 ellipse
426 425 0.0 0.0 ellipse
427 426 0.0 0.0 ellipse
428 427 0.0 0.0 ellipse
429 428 0.0 0.0 ellipse
430 429 0.0 0.0 ellipse
431 430 0.0 0.0 ellipse
432 431 0.0 0.0 ellipse
433 432 0.0 0.0 ellipse
434 433 0.0 0.0 ellipse
435 434 0.0 0.0 ellipse
436 435 0.0 0.0 ellipse
437 436 0.0 0.0 ellipse
438 437 0.0 0.0 ellipse
439 438 0.0 0.0 ellipse
440 439 0.0 0.0 ellipse
441 440 0.0 0.0 ellipse
442 441 0.0 0.0 ellipse
443 442 0.0 0.0 ellipse
444 443 0.0 0.0 ellipse
445 444 0.0 0.0 ellipse
446 445 0.0 0.0 ellipse
447 446 0.0 0.0 ellipse
448 447 0.0 0.0 ellipse
449 448 0.0 0.0 ellipse
450 449 0.0 0.0 ellipse
451 450 0.0 0.0 ellipse
452 451 0.0 0.0 ellipse
453 452 0.0 0.0 ellipse
454 453 0.0 0.0 ellipse
455 454 0.0 0.0 ellipse
456 455 0.0 0.0 ellipse
457 456 0.0 0.0 ellipse
458 457 0.0 0.0 ellipse
459 458 0.0 0.0 ellipse
460 459 0.0 0.0 ellipse
461 460 0.0 0.0 ellipse
462 461 0.0 0.0 ellipse
463 462 0.0 0.0 ellipse
464 463 0.0 0.0 ellipse
465 464 0.0 0.0 ellipse
466 465 0.0 0.0 ellipse
467 466 0.0 0.0 ellipse
468 467 0.0 0.0 ellipse
469 468 0.0 0.0 ellipse
470 469 0.0 0.0 ellipse
471 470 0.0 0.0 ellipse
472 471 0.0 0.0 ellipse
473 472 0.0 0.0 ellipse
474 473 0.0 0.0 ellipse
475 474 0.0 0.0 ellipse
476 475 0.0 0.0 ellipse
477 476 0.0 0.0 ellipse
478 477 0.0 0.0 ellipse
479 478 0.0 0.0 ellipse
480 479 0.0 0.0 ellipse
481 480 0.0 0.0 ellipse
482 481 0.0 0.0 ellipse
483 482 0.0 0.0 ellipse
484 483 0.0 0.0 ellipse
485 484 0.0 0.0 ellipse
486 485 0.0 0.0 ellipse
487 486 0.0 0.0 ellipse
488 487 0.0 0.0 ellipse
489 488 0.0 0.0 ellipse
490 489 0.0 0.0 ellipse
491 490 0.0 0.0 ellipse
492 491 0.0 0.0 ellipse
493 492 0.0 0.0 ellipse
494 493 0.0 0.0 ellipse
495 494 0.0 0.0 ellipse
496 495 0.0 0.0 ellipse
497 496 0.0 0.0 ellipse
498 497 0.0 0.0 ellipse
499 498 0.0 0.0 ellipse
500 499 0.0 0.0 ellipse
501 500 0.0 0.0 ellipse
502 501 0.0 0.0 ellipse
503 502 0.0 0.0 ellipse
504 503 0.0 0.0 ellipse
505 504 0.0 0.0 ellipse
506 505 0.0 0.0 ellipse
507 506 0.0 0.0 ellipse
508 507 0.0 0.0 ellipse
509 508 0.0 0.0 ellipse
510 509 0.0 0.0 ellipse
511 510 0.0 0.0 ellipse
512 511 0.0 0.0 ellipse
513 512 0.0 0.0 ellipse
514 513 0.0 0.0 ellipse
515 514 0.0 0.0 ellipse
516 515 0.0 0.0 ellipse
517 516 0.0 0.0 ellipse
518 517 0.0 0.0 ellipse
519 518 0.0 0.0 ellipse
520 519 0.0 0.0 ellipse
521 520 0.0 0.0 ellipse
522 521 0.0 0.0 ellipse
523 522 0.0 0.0 ellipse
524 523 0.0 0.0 ellipse
525 524 0.0 0.0 ellipse
526 525 0.0 0.0 ellipse
527 526 0.0 0.0 ellipse
528 527 0.0 0.0 ellipse
529 528 0.0 0.0 ellipse
530 529 0.0 0.0 ellipse
531 530 0.0 0.0 ellipse
532 531 0.0 0.0 ellipse
533 532 0.0 0.0 ellipse
534 533 0.0 0.0 ellipse
535 534 0.0 0.0 ellipse
536 535 0.0 0.0 ellipse
537 536 0.0 0.0 ellipse
538 537 0.0 0.0 ellipse
539 538 0.0 0.0 ellipse
540 539 0.0 0.0 ellipse
541 540 0.0 0.0 ellipse
542 541 0.0 0.0 ellipse
543 542 0.0 0.0 ellipse
544 543 0.0 0.0 ellipse
545 544 0.0 0.0 ellipse
546 545 0.0 0.0 ellipse
547 546 0.0 0.0 ellipse
548 547 0.0 0.0 ellipse
549 548 0.0 0.0 ellipse
550 549 0.0 0.0 ellipse
551 550 0.0 0.0 ellipse
552 551 0.0 0.0 ellipse
553 552 0.0 0.0 ellipse
554 553 0.0 0.0 ellipse
555 554 0.0 0.0 ellipse
556 555 0.0 0.0 ellipse
557 556 0.0 0.0 ellipse
558 557 0.0 0.0 ellipse
559 558 0.0 0.0 ellipse
560 559 0.0 0.0 ellipse
561 560 0.0 0.0 ellipse
562 561 0.0 0.0 ellipse
563 562 0.0 0.0 ellipse
564 563 0.0 0.0 ellipse
565 564 0.0 0.0 ellipse
566 565 0.0 0.0 ellipse
567 566 0.0 0.0 ellipse
568 567 0.0 0.0 ellipse
569 568 0.0 0.0 ellipse
570 569 0.0 0.0 ellipse
571 570 0.0 0.0 ellipse
572 571 0.0 0.0 ellipse
573 572 0.0 0.0 ellipse
574 573 0.0 0.0 ellipse
575 574 0.0 0.0 ellipse
576 575 0.0 0.0 ellipse
577 576 0.0 0.0 ellipse
578 577 0.0 0.0 ellipse
579 578 0.0 0.0 ellipse
580 579 0.0 0.0 ellipse
581 580 0.0 0.0 ellipse
582 581 0.0 0.0 ellipse
583 582 0.0 0.0 ellipse
584 583 0.0 0.0 ellipse
585 584 0.0 0.0 ellipse
586 585 0.0 0.0 ellipse
587 586 0.0 0.0 ellipse
588 587 0.0 0.0 ellipse
589 588 0.0 0.0 ellipse
590 589 0.0 0.0 ellipse
591 590 0.0 0.0 ellipse
592 591 0.0 0.0 ellipse
593 592 0.0 0.0 ellipse
594 593 0.0 0.0 ellipse
595 594 0.0 0.0 ellipse
596 595 0.0 0.0 ellipse
597 596 0.0 0.0 ellipse
598 597 0.0 0.0 ellipse
599 598 0.0 0.0 ellipse
600 599 0.0 0.0 ellipse
601 600 0.0 0.0 ellipse
602 601 0.0 0.0 ellipse
603 602 0.0 0.0 ellipse
604 603 0.0 0.0 ellipse
605 604 0.0 0.0 ellipse
606 605 0.0 0.0 ellipse
607 606 0.0 0.0 ellipse
608 607 0.0 0.0 ellipse
609 608 0.0 0.0 ellipse
610 609 0.0 0.0 ellipse
611 610 0.0 0.0 ellipse
612 611 0.0 0.0 ellipse
613 612 0.0 0.0 ellipse
614 613 0.0 0.0 ellipse
615 614 0.0 0.0 ellipse
616 615 0.0 0.0 ellipse
617 616 0.0 0.0 ellipse
618 617 0.0 0.0 ellipse
619 618 0.0 0.0 ellipse
620 619 0.0 0.0 ellipse
621 620 0.0 0.0 ellipse
622 621 0.0 0.0 ellipse
623 622 0.0 0.0 ellipse
624 623 0.0 0.0 ellipse
625 624 0.0 0.0 ellipse
626 625 0.0 0.0 ellipse
627 626 0.0 0.0 ellipse
628 627 0.0 0.0 ellipse
629 628 0.0 0.0 ellipse
630 629 0.0 0.0 ellipse
631 630 0.0 0.0 ellipse
632 631 0.0 0.0 ellipse
633 632 0.0 0.0 ellipse
634 633 0.0 0.0 ellipse
635 634 0.0 0.0 ellipse
636 635 0.0 0.0 ellipse
637 636 0.0 0.0 ellipse
638 637 0.0 0.0 ellipse
639 638 0.0 0.0 ellipse
640 639 0.0 0.0 ellipse
641 640 0.0 0.0 ellipse
642 641 0.0 0.0 ellipse
643 642 0.0 0.0 ellipse
644 643 0.0 0.0 ellipse
645 644 0.0 0.0 ellipse
646 645 0.0 0.0 ellipse
647 646 0.0 0.0 ellipse
648 647 0.0 0.0 ellipse
649 648 0.0 0.0 ellipse
650 649 0.0 0.0 ellipse
651 650 0.0 0.0 ellipse
652 651 0.0 0.0 ellipse
653 652 0.0 0.0 ellipse
654 653 0.0 0.0 ellipse
655 654 0.0 0.0 ellipse
656 655 0.0 0.0 ellipse
657 656 0.0 0.0 ellipse
658 657 0.0 0.0 ellipse
659 658 0.0 0.0 ellipse
660 659 0.0 0.0 ellipse
661 660 0.0 0.0 ellipse
662 661 0.0 0.0 ellipse
663 662 0.0 0.0 ellipse
664 663 0.0 0.0 ellipse
665 664 0.0 0.0 ellipse
666 665 0.0 0.0 ellipse
667 666 0.0 0.0 ellipse
668 667 0.0 0.0 ellipse
669 668 0.0 0.0 ellipse
670 669 0.0 0.0 ellipse
671 670 0.0 0.0 ellipse
672 671 0.0 0.0 ellipse
673 672 0.0 0.0 ellipse
674 673 0.0 0.0 ellipse
675 674 0.0 0.0 ellipse
676 675 0.0 0.0 ellipse
677 676 0.0 0.0 ellipse
678 677 0.0 0.0 ellipse
679 678 0.0 0.0 ellipse
680 679 0.0 0.0 ellipse
681 680 0.0 0.0 ellipse
682 681 0.0 0.0 ellipse
683 682 0.0 0.0 ellipse
684 683 0.0 0.0 ellipse
685 684 0.0 0.0 ellipse
686 685 0.0 0.0 ellipse
687 686 0.0 0.0 ellipse
688 687 0.0 0.0 ellipse
689 688 0.0 0.0 ellipse
690 689 0.0 0.0 ellipse
691 690 0.0 0.0 ellipse
692 691 0.0 0.0 ellipse
693 692 0.0 0.0 ellipse
694 693 0.0 0.0 ellipse
695 694 0.0 0.0 ellipse
696 695 0.0 0.0 ellipse
697 696 0.0 0.0 ellipse
698 697 0.0 0.0 ellipse
699 698 0.0 0.0 ellipse
700 699 0.0 0.0 ellipse
701 700 0.0 0.0 ellipse
702 701 0.0 0.0 ellipse
703 702 0.0 0.0 ellipse
704 703 0.0 0.0 ellipse
705 704 0.0 0.0 ellipse
706 705 0.0 0.0 ellipse
707 706 0.0 0.0 ellipse
708 707 0.0 0.0 ellipse
709 708 0.0 0.0 ellipse
710 709 0.0 0.0 ellipse
711 710 0.0 0.0 ellipse
712 711 0.0 0.0 ellipse
713 712 0.0 0.0 ellipse
714 713 0.0 0.0 ellipse
715 714 0.0 0.0 ellipse
716 715 0.0 0.0 ellipse
717 716 0.0 0.0 ellipse
718 717 0.0 0.0 ellipse
719 718 0.0 0.0 ellipse
720 719 0.0 0.0 ellipse
721 720 0.0 0.0 ellipse
722 721 0.0 0.0 ellipse
723 722 0.0 0.0 ellipse
724 723 0.0 0.0 ellipse
725 724 0.0 0.0 ellipse
726 725 0.0 0.0 ellipse
727 726 0.0 0.0 ellipse
728 727 0.0 0.0 ellipse
729 728 0.0 0.0 ellipse
730 729 0.0 0.0 ellipse
731 730 0.0 0.0 ellipse
732 731 0.0 0.0 ellipse
733 732 0.0 0.0 ellipse
734 733 0.0 0.0 ellipse
735 734 0.0 0.0 ellipse
736 735 0.0 0.0 ellipse
737 736 0.0 0.0 ellipse
738 737 0.0 0.0 ellipse
739 738 0.0 0.0 ellipse
740 739 0.0 0.0 ellipse
741 740 0.0 0.0 ellipse
742 741 0.0 0.0 ellipse
743 742 0.0 0.0 ellipse
744 743 0.0 0.0 ellipse
745 744 0.0 0.0 ellipse
746 745 0.0 0.0 ellipse
747 746 0.0 0.0 ellipse
748 747 0.0 0.0 ellipse
749 748 0.0 0.0 ellipse
750 749 0.0 0.0 ellipse
751 750 0.0 0.0 ellipse
752 751 0.0 0.0 ellipse
753 752 0.0 0.0 ellipse
754 753 0.0 0.0 ellipse
755 754 0.0 0.0 ellipse
756 755 0.0 0.0 ellipse
757 756 0.0 0.0 ellipse
758 757 0.0 0.0 ellipse
759 758 0.0 0.0 ellipse
760 759 0.0 0.0 ellipse
761 760 0.0 0.0 ellipse
762 761 0.0 0.0 ellipse
763 762 0.0 0.0 ellipse
764 763 0.0 0.0 ellipse
765 764 0.0 0.0 ellipse
766 765 0.0 0.0 ellipse
767 766 0.0 0.0 ellipse
768 767 0.0 0.0 ellipse
769 768 0.0 0.0 ellipse
770 769 0.0 0.0 ellipse
771 770 0.0 0.0 ellipse
772 771 0.0 0.0 ellipse
773 772 0.0 0.0 ellipse
774 773 0.0 0.0 ellipse
775 774 0.0 0.0 ellipse
776 775 0.0 0.0 ellipse
777 776 0.0 0.0 ellipse
778 777 0.0 0.0 ellipse
779 778 0.0 0.0 ellipse
780 779 0.0 0.0 ellipse
781 780 0.0 0.0 ellipse
782 781 0.0 0.0 ellipse
783 782 0.0 0.0 ellipse
784 783 0.0 0.0 ellipse
785 784 0.0 0.0 ellipse
786 785 0.0 0.0 ellipse
787 786 0.0 0.0 ellipse
788 787 0.0 0.0 ellipse
789 788 0.0 0.0 ellipse
790 789 0.0 0.0 ellipse
791 790 0.0 0.0 ellipse
792 791 0.0 0.0 ellipse
793 792 0.0 0.0 ellipse
794 793 0.0 0.0 ellipse
795 794 0.0 0.0 ellipse
796 795 0.0 0.0 ellipse
797 796 0.0 0.0 ellipse
798 797 0.0 0.0 ellipse
799 798 0.0 0.0 ellipse
800 799 0.0 0.0 ellipse
801 800 0.0 0.0 ellipse
802 801 0.0 0.0 ellipse
803 802 0.0 0.0 ellipse
804 803 0.0 0.0 ellipse
805 804 0.0 0.0 ellipse
806 805 0.0 0.0 ellipse
807 806 0.0 0.0 ellipse
808 807 0.0 0.0 ellipse
809 808 0.0 0.0 ellipse
810 809 0.0 0.0 ellipse
811 810 0.0 0.0 ellipse
812 811 0.0 0.0 ellipse
813 812 0.0 0.0 ellipse
814 813 0.0 0.0 ellipse
815 814 0.0 0.0 ellipse
816 815 0.0 0.0 ellipse
817 816 0.0 0.0 ellipse
818 817 0.0 0.0 ellipse
819 818 0.0 0.0 ellipse
820 819 0.0 0.0 ellipse
821 820 0.0 0.0 ellipse
822 821 0.0 0.0 ellipse
823 822 0.0 0.0 ellipse
824 823 0.0 0.0 ellipse
825 824 0.0 0.0 ellipse
826 825 0.0 0.0 ellipse
827 826 0.0 0.0 ellipse
828 827 0.0 0.0 ellipse
829 828 0.0 0.0 ellipse
830 829 0.0 0.0 ellipse
831 830 0.0 0.0 ellipse
832 831 0.0 0.0 ellipse
833 832 0.0 0.0 ellipse
834 833 0.0 0.0 ellipse
835 834 0.0 0.0 ellipse
836 835 0.0 0.0 ellipse
837 836 0.0 0.0 ellipse
838 837 0.0 0.0 ellipse
839 838 0.0 0.0 ellipse
840 839 0.0 0.0 ellipse
841 840 0.0 0.0 ellipse
842 841 0.0 0.0 ellipse
843 842 0.0 0.0 ellipse
844 843 0.0 0.0 ellipse
845 844 0.0 0.0 ellipse
846 845 0.0 0.0 ellipse
847 846 0.0 0.0 ellipse
848 847 0.0 0.0 ellipse
849 848 0.0 0.0 ellipse
850 849 0.0 0.0 ellipse
851 850 0.0 0.0 ellipse
852 851 0.0 0.0 ellipse
853 852 0.0 0.0 ellipse
854 853 0.0 0.0 ellipse
855 854 0.0 0.0 ellipse
856 855 0.0 0.0 ellipse
857 856 0.0 0.0 ellipse
858 857 0.0 0.0 ellipse
859 858 0.0 0.0 ellipse
860 859 0.0 0.0 ellipse
861 860 0.0 0.0 ellipse
862 861 0.0 0.0 ellipse
863 862 0.0 0.0 ellipse
864 863 0.0 0.0 ellipse
865 864 0.0 0.0 ellipse
866 865 0.0 0.0 ellipse
867 866 0.0 0.0 ellipse
868 867 0.0 0.0 ellipse
869 868 0.0 0.0 ellipse
870 869 0.0 0.0 ellipse
871 870 0.0 0.0 ellipse
872 871 0.0 0.0 ellipse
873 872 0.0 0.0 ellipse
874 873 0.0 0.0 ellipse
875 874 0.0 0.0 ellipse
876 875 0.0 0.0 ellipse
877 876 0.0 0.0 ellipse
878 877 0.0 0.0 ellipse
879 878 0.0 0.0 ellipse
880 879 0.0 0.0 ellipse
881 880 0.0 0.0 ellipse
882 881 0.0 0.0 ellipse
883 882 0.0 0.0 ellipse
884 883 0.0 0.0 ellipse
885 884 0.0 0.0 ellipse
886 885 0.0 0.0 ellipse
887 886 0.0 0.0 ellipse
888 887 0.0 0.0 ellipse
889 888 0.0 0.0 ellipse
890 889 0.0 0.0 ellipse
891 890 0.0 0.0 ellipse
892 891 0.0 0.0 ellipse
893 892 0.0 0.0 ellipse
894 893 0.0 0.0 ellipse
895 894 0.0 0.0 ellipse
896 895 0.0 0.0 ellipse
897 896 0.0 0.0 ellipse
898 897 0.0 0.0 ellipse
899 898 0.0 0.0 ellipse
900 899 0.0 0.0 ellipse
901 900 0.0 0.0 ellipse
902 901 0.0 0.0 ellipse
903 902 0.0 0.0 ellipse
904 903 0.0 0.0 ellipse
905 904 0.0 0.0 ellipse
906 905 0.0 0.0 ellipse
907 906 0.0 0.0 ellipse
908 907 0.0 0.0 ellipse
909 908 0.0 0.0 ellipse
910 909 0.0 0.0 ellipse
911 910 0.0 0.0 ellipse
912 911 0.0 0.0 ellipse
913 912 0.0 0.0 ellipse
914 913 0.0 0.0 ellipse
915 914 0.0 0.0 ellipse
916 915 0.0 0.0 ellipse
917 916 0.0 0.0 ellipse
918 917 0.0 0.0 ellipse
919 918 0.0 0.0 ellipse
920 919 0.0 0.0 ellipse
921 920 0.0 0.0 ellipse
922 921 0.0 0.0 ellipse
923 922 0.0 0.0 ellipse
924 923 0.0 0.0 ellipse
925 924 0.0 0.0 ellipse
926 925 0.0 0.0 ellipse
927 926 0.0 0.0 ellipse
928 927 0.0 0.0 ellipse
929 928 0.0 0.0 ellipse
930 929 0.0 0.0 ellipse
931 930 0.0 0.0 ellipse
932 931 0.0 0.0 ellipse
933 932 0.0 0.0 ellipse
934 933 0.0 0.0 ellipse
935 934 0.0 0.0 ellipse
936 935 0.0 0.0 ellipse
937 936 0.0 0.0 ellipse
938 937 0.0 0.0 ellipse
939 938 0.0 0.0 ellipse
940 939 0.0 0.0 ellipse
941 940 0.0 0.0 ellipse
942 941 0.0 0.0 ellipse
943 942 0.0 0.0 ellipse
944 943 0.0 0.0 ellipse
945 944 0.0 0.0 ellipse
946 945 0.0 0.0 ellipse
947 946 0.0 0.0 ellipse
948 947 0.0 0.0 ellipse
949 948 0.0 0.0 ellipse
950 949 0.0 0.0 ellipse
951 950 0.0 0.0 ellipse
952 951 0.0 0.0 ellipse
953 952 0.0 0.0 ellipse
954 953 0.0 0.0 ellipse
955 954 0.0 0.0 ellipse
956 955 0.0 0.0 ellipse
957 956 0.0 0.0 ellipse
958 957 0.0 0.0 ellipse
959 958 0.0 0.0 ellipse
960 959 0.0 0.0 ellipse
961 960 0.0 0.0 ellipse
962 961 0.0 0.0 ellipse
963 962 0.0 0.0 ellipse
964 963 0.0 0.0 ellipse
965 964 0.0 0.0 ellipse
966 965 0.0 0.0 ellipse
967 966 0.0 0.0 ellipse
968 967 0.0 0.0 ellipse
969 968 0.0 0.0 ellipse
970 969 0.0 0.0 ellipse
971 970 0.0 0.0 ellipse
972 971 0.0 0.0 ellipse
973 972 0.0 0.0 ellipse
974 973 0.0 0.0 ellipse
975 974 0.0 0.0 ellipse
976 975 0.0 0.0 ellipse
977 976 0.0 0.0 ellipse
978 977 0.0 0.0 ellipse
979 978 0.0 0.0 ellipse
980 979 0.0 0.0 ellipse
981 980 0.0 0.0 ellipse
982 981 0.0 0.0 ellipse
983 982 0.0 0.0 ellipse
984 983 0.0 0.0 ellipse
985 984 0.0 0.0 ellipse
986 985 0.0 0.0 ellipse
987 986 0.0 0.0 ellipse
988 987 0.0 0.0 ellipse
989 988 0.0 0.0 ellipse
990 989 0.0 0.0 ellipse
991 990 0.0 0.0 ellipse
992 991 0.0 0.0 ellipse
993 992 0.0 0.0 ellipse
994 993 0.0 0.0 ellipse
995 994 0.0 0.0 ellipse
996 995 0.0 0.0 ellipse
997 996 0.0 0.0 ellipse
998 997 0.0 0.0 ellipse
999 998 0.0 0.0 ellipse
1000 999 0.0 0.0 ellipse
*edges
1 613 1.0
2 729 1.0
2 198 1.0
3 19 1.0
4 745 1.0
4 843 1.0
4 966 1.0
5 858 1.0
5 754 1.0
6 347 1.0
7 754 1.0
7 590 1.0
8 695 1.0
9 590 1.0
10 251 1.0
10 61 1.0
10 783 1.0
10 1000 1.0
11 754 1.0
11 590 1.0
11 128 1.0
12 590 1.0
13 217 1.0
13 878 1.0
13 590 1.0
14 769 1.0
14 754 1.0
14 19 1.0
14 613 1.0
14 376 1.0
14 856 1.0
14 424 1.0
15 754 1.0
16 590 1.0
17 754 1.0
17 757 1.0
17 590 1.0
18 754 1.0
18 810 1.0
19 449 1.0
19 33 1.0
19 613 1.0
19 744 1.0
19 300 1.0
19 144 1.0
19 754 1.0
19 147 1.0
19 442 1.0
19 413 1.0
19 590 1.0
19 622 1.0
20 813 1.0
21 754 1.0
22 590 1.0
22 744 1.0
23 754 1.0
24 908 1.0
24 590 1.0
25 754 1.0
25 99 1.0
25 788 1.0
25 744 1.0
25 281 1.0
25 477 1.0
25 510 1.0
26 171 1.0
27 927 1.0
28 754 1.0
29 106 1.0
30 818 1.0
31 590 1.0
32 566 1.0
33 611 1.0
33 231 1.0
33 754 1.0
33 521 1.0
33 620 1.0
33 590 1.0
33 274 1.0
33 631 1.0
33 601 1.0
33 347 1.0
33 637 1.0
34 274 1.0
34 780 1.0
35 754 1.0
35 915 1.0
35 685 1.0
35 590 1.0
36 590 1.0
37 754 1.0
37 709 1.0
37 294 1.0
38 47 1.0
39 754 1.0
40 471 1.0
40 768 1.0
41 590 1.0
41 223 1.0
42 866 1.0
42 754 1.0
42 521 1.0
42 858 1.0
42 221 1.0
42 590 1.0
43 256 1.0
44 613 1.0
45 886 1.0
46 754 1.0
48 730 1.0
49 403 1.0
50 593 1.0
50 146 1.0
50 754 1.0
50 134 1.0
50 208 1.0
51 674 1.0
52 613 1.0
52 134 1.0
52 816 1.0
53 590 1.0
54 529 1.0
54 338 1.0
54 613 1.0
54 590 1.0
55 754 1.0
55 613 1.0
55 930 1.0
55 786 1.0
55 527 1.0
55 672 1.0
56 754 1.0
57 590 1.0
58 301 1.0
59 754 1.0
59 590 1.0
60 754 1.0
61 754 1.0
61 965 1.0
61 191 1.0
61 328 1.0
61 590 1.0
61 170 1.0
62 347 1.0
62 413 1.0
63 530 1.0
63 687 1.0
64 533 1.0
65 754 1.0
65 424 1.0
65 745 1.0
65 700 1.0
65 542 1.0
65 590 1.0
66 966 1.0
67 134 1.0
68 754 1.0
69 781 1.0
70 894 1.0
71 371 1.0
71 238 1.0
72 96 1.0
73 587 1.0
73 744 1.0
74 590 1.0
75 754 1.0
75 851 1.0
75 447 1.0
76 754 1.0
76 386 1.0
77 828 1.0
78 754 1.0
79 233 1.0
80 449 1.0
81 922 1.0
81 590 1.0
82 791 1.0
83 590 1.0
84 754 1.0
84 759 1.0
85 754 1.0
85 315 1.0
85 364 1.0
85 244 1.0
85 640 1.0
86 754 1.0
87 653 1.0
88 590 1.0
89 754 1.0
89 590 1.0
90 903 1.0
90 400 1.0
91 590 1.0
92 705 1.0
92 377 1.0
92 739 1.0
92 566 1.0
92 265 1.0
92 620 1.0
92 174 1.0
92 254 1.0
93 754 1.0
94 682 1.0
95 878 1.0
95 438 1.0
96 134 1.0
97 754 1.0
98 588 1.0
99 546 1.0
99 756 1.0
99 754 1.0
99 744 1.0
99 590 1.0
100 754 1.0
101 215 1.0
102 266 1.0
102 659 1.0
102 357 1.0
102 454 1.0
102 208 1.0
103 484 1.0
104 393 1.0
105 125 1.0
107 690 1.0
108 462 1.0
109 901 1.0
109 590 1.0
110 897 1.0
110 754 1.0
111 850 1.0
111 613 1.0
112 952 1.0
113 842 1.0
113 252 1.0
113 590 1.0
114 863 1.0
115 894 1.0
115 416 1.0
116 613 1.0
117 754 1.0
118 547 1.0
119 650 1.0
119 391 1.0
119 648 1.0
120 754 1.0
120 620 1.0
120 590 1.0
121 754 1.0
121 478 1.0
121 600 1.0
122 131 1.0
123 326 1.0
124 754 1.0
124 374 1.0
125 613 1.0
126 236 1.0
127 694 1.0
128 569 1.0
128 973 1.0
128 959 1.0
128 879 1.0
129 590 1.0
129 744 1.0
130 833 1.0
130 314 1.0
130 590 1.0
132 613 1.0
133 523 1.0
134 580 1.0
134 198 1.0
134 590 1.0
134 784 1.0
134 473 1.0
134 403 1.0
134 148 1.0
134 692 1.0
134 537 1.0
134 858 1.0
134 669 1.0
134 390 1.0
134 613 1.0
134 809 1.0
134 797 1.0
134 659 1.0
134 754 1.0
134 307 1.0
134 416 1.0
134 762 1.0
134 187 1.0
134 160 1.0
134 982 1.0
135 613 1.0
135 600 1.0
136 306 1.0
136 590 1.0
137 590 1.0
138 618 1.0
139 240 1.0
140 754 1.0
140 252 1.0
140 645 1.0
140 590 1.0
141 529 1.0
141 754 1.0
141 194 1.0
141 306 1.0
141 507 1.0
141 349 1.0
141 814 1.0
142 232 1.0
143 203 1.0
145 453 1.0
146 754 1.0
147 449 1.0
148 897 1.0
148 543 1.0
149 244 1.0
149 613 1.0
150 755 1.0
151 332 1.0
151 325 1.0
151 430 1.0
152 738 1.0
152 951 1.0
152 754 1.0
152 844 1.0
152 333 1.0
152 767 1.0
153 937 1.0
153 221 1.0
153 365 1.0
153 754 1.0
154 853 1.0
154 496 1.0
155 689 1.0
155 778 1.0
155 754 1.0
156 754 1.0
156 590 1.0
156 455 1.0
156 911 1.0
157 674 1.0
158 403 1.0
159 754 1.0
160 794 1.0
160 291 1.0
160 590 1.0
161 590 1.0
162 754 1.0
162 669 1.0
162 590 1.0
162 226 1.0
163 408 1.0
164 754 1.0
165 590 1.0
166 687 1.0
167 754 1.0
167 648 1.0
168 959 1.0
169 754 1.0
170 754 1.0
171 446 1.0
171 754 1.0
172 754 1.0
173 669 1.0
175 754 1.0
175 739 1.0
176 403 1.0
176 608 1.0
177 754 1.0
178 953 1.0
178 706 1.0
178 620 1.0
178 613 1.0
179 656 1.0
180 977 1.0
181 590 1.0
182 590 1.0
183 754 1.0
184 590 1.0
184 856 1.0
185 754 1.0
186 754 1.0
187 590 1.0
188 544 1.0
189 337 1.0
189 754 1.0
189 590 1.0
190 754 1.0
190 290 1.0
191 701 1.0
192 874 1.0
193 744 1.0
195 548 1.0
195 256 1.0
196 206 1.0
197 669 1.0
197 694 1.0
198 975 1.0
198 754 1.0
199 744 1.0
200 754 1.0
200 624 1.0
201 562 1.0
201 590 1.0
202 402 1.0
202 805 1.0
202 975 1.0
202 600 1.0
202 754 1.0
202 488 1.0
202 728 1.0
203 602 1.0
203 754 1.0
204 771 1.0
205 590 1.0
205 967 1.0
206 754 1.0
207 754 1.0
208 897 1.0
208 258 1.0
208 837 1.0
208 455 1.0
208 744 1.0
208 745 1.0
208 590 1.0
208 777 1.0
208 343 1.0
208 600 1.0
208 754 1.0
208 998 1.0
209 674 1.0
209 597 1.0
210 931 1.0
210 421 1.0
210 647 1.0
210 703 1.0
210 278 1.0
211 754 1.0
212 677 1.0
212 600 1.0
213 754 1.0
214 458 1.0
214 772 1.0
214 754 1.0
215 495 1.0
216 613 1.0
217 360 1.0
218 961 1.0
218 754 1.0
219 590 1.0
220 590 1.0
221 669 1.0
221 613 1.0
221 754 1.0
222 590 1.0
223 970 1.0
224 754 1.0
225 273 1.0
225 754 1.0
226 353 1.0
226 999 1.0
226 738 1.0
226 570 1.0
226 590 1.0
227 754 1.0
227 828 1.0
228 382 1.0
229 590 1.0
229 287 1.0
230 590 1.0
231 754 1.0
231 613 1.0
231 590 1.0
232 754 1.0
232 421 1.0
232 521 1.0
232 613 1.0
232 590 1.0
234 674 1.0
235 754 1.0
237 977 1.0
238 754 1.0
238 310 1.0
239 754 1.0
239 613 1.0
240 706 1.0
241 745 1.0
241 754 1.0
241 869 1.0
242 745 1.0
242 871 1.0
243 542 1.0
244 473 1.0
244 560 1.0
245 754 1.0
246 966 1.0
246 590 1.0
247 731 1.0
247 360 1.0
248 590 1.0
249 993 1.0
249 268 1.0
249 414 1.0
250 763 1.0
252 730 1.0
252 398 1.0
252 754 1.0
253 754 1.0
253 757 1.0
255 619 1.0
256 754 1.0
256 820 1.0
256 662 1.0
256 359 1.0
256 590 1.0
257 754 1.0
257 613 1.0
259 613 1.0
259 808 1.0
260 754 1.0
261 590 1.0
262 970 1.0
263 744 1.0
263 344 1.0
264 754 1.0
264 645 1.0
265 843 1.0
265 590 1.0
266 896 1.0
267 353 1.0
267 798 1.0
267 590 1.0
268 506 1.0
268 754 1.0
269 718 1.0
270 776 1.0
271 403 1.0
272 754 1.0
274 590 1.0
274 754 1.0
275 738 1.0
275 754 1.0
276 590 1.0
276 471 1.0
277 754 1.0
278 715 1.0
278 477 1.0
278 590 1.0
278 754 1.0
279 530 1.0
280 754 1.0
281 745 1.0
281 875 1.0
281 590 1.0
282 590 1.0
283 590 1.0
284 770 1.0
284 418 1.0
285 417 1.0
285 319 1.0
286 961 1.0
286 403 1.0
286 620 1.0
288 562 1.0
288 428 1.0
289 521 1.0
289 754 1.0
289 469 1.0
289 590 1.0
289 807 1.0
290 738 1.0
290 307 1.0
290 754 1.0
290 590 1.0
292 344 1.0
293 669 1.0
293 600 1.0
294 721 1.0
294 754 1.0
294 659 1.0
294 311 1.0
294 530 1.0
294 522 1.0
294 744 1.0
294 590 1.0
294 338 1.0
295 754 1.0
295 478 1.0
296 306 1.0
297 674 1.0
298 754 1.0
298 309 1.0
299 743 1.0
301 977 1.0
301 898 1.0
301 714 1.0
301 891 1.0
301 754 1.0
301 810 1.0
301 590 1.0
301 744 1.0
302 590 1.0
303 754 1.0
303 709 1.0
304 530 1.0
305 754 1.0
305 613 1.0
306 754 1.0
306 878 1.0
306 560 1.0
306 744 1.0
306 848 1.0
307 613 1.0
307 744 1.0
307 649 1.0
307 620 1.0
307 590 1.0
307 848 1.0
307 754 1.0
307 569 1.0
307 667 1.0
307 608 1.0
308 601 1.0
309 600 1.0
311 507 1.0
312 669 1.0
313 754 1.0
315 590 1.0
316 348 1.0
317 754 1.0
317 444 1.0
317 400 1.0
318 754 1.0
319 754 1.0
319 613 1.0
319 466 1.0
320 748 1.0
321 401 1.0
321 835 1.0
322 347 1.0
323 590 1.0
324 600 1.0
327 754 1.0
328 801 1.0
328 590 1.0
329 590 1.0
330 374 1.0
331 754 1.0
332 564 1.0
332 590 1.0
333 590 1.0
334 569 1.0
335 754 1.0
335 806 1.0
336 754 1.0
337 613 1.0
337 687 1.0
339 562 1.0
339 739 1.0
339 508 1.0
339 549 1.0
339 590 1.0
340 754 1.0
340 359 1.0
341 754 1.0
342 617 1.0
342 590 1.0
344 978 1.0
345 867 1.0
346 754 1.0
347 356 1.0
347 754 1.0
347 600 1.0
348 569 1.0
348 460 1.0
349 702 1.0
350 623 1.0
351 442 1.0
352 754 1.0
352 483 1.0
352 669 1.0
352 590 1.0
353 403 1.0
353 754 1.0
354 754 1.0
354 590 1.0
355 754 1.0
355 891 1.0
357 754 1.0
357 883 1.0
358 590 1.0
359 754 1.0
359 403 1.0
359 566 1.0
359 620 1.0
359 751 1.0
360 754 1.0
361 394 1.0
361 894 1.0
361 823 1.0
362 841 1.0
363 806 1.0
364 754 1.0
364 566 1.0
364 495 1.0
364 478 1.0
364 799 1.0
366 739 1.0
367 766 1.0
368 853 1.0
369 681 1.0
370 590 1.0
372 754 1.0
373 738 1.0
374 590 1.0
374 754 1.0
375 562 1.0
375 588 1.0
375 837 1.0
375 754 1.0
377 754 1.0
378 996 1.0
378 798 1.0
379 703 1.0
380 503 1.0
381 754 1.0
383 590 1.0
383 559 1.0
383 736 1.0
384 754 1.0
385 420 1.0
385 508 1.0
387 590 1.0
388 878 1.0
389 754 1.0
391 590 1.0
392 590 1.0
392 744 1.0
394 754 1.0
395 587 1.0
395 613 1.0
396 590 1.0
397 600 1.0
398 744 1.0
399 868 1.0
399 949 1.0
400 590 1.0
400 565 1.0
401 754 1.0
401 460 1.0
401 613 1.0
401 590 1.0
403 449 1.0
403 654 1.0
403 590 1.0
403 465 1.0
403 410 1.0
403 421 1.0
403 669 1.0
403 674 1.0
403 613 1.0
403 870 1.0
403 744 1.0
403 620 1.0
403 559 1.0
403 754 1.0
403 499 1.0
403 887 1.0
403 529 1.0
403 768 1.0
404 845 1.0
405 515 1.0
405 707 1.0
406 804 1.0
406 648 1.0
407 590 1.0
408 754 1.0
408 683 1.0
408 550 1.0
409 590 1.0
411 745 1.0
412 754 1.0
412 648 1.0
413 473 1.0
413 851 1.0
413 590 1.0
414 754 1.0
414 613 1.0
414 744 1.0
414 858 1.0
414 443 1.0
415 754 1.0
415 872 1.0
416 754 1.0
416 508 1.0
416 590 1.0
418 590 1.0
419 847 1.0
421 754 1.0
421 858 1.0
422 754 1.0
423 590 1.0
424 754 1.0
425 754 1.0
426 516 1.0
427 703 1.0
429 723 1.0
430 613 1.0
430 551 1.0
431 754 1.0
432 725 1.0
432 774 1.0
433 754 1.0
434 754 1.0
435 754 1.0
436 590 1.0
437 754 1.0
438 613 1.0
439 754 1.0
440 754 1.0
440 613 1.0
441 613 1.0
442 754 1.0
442 620 1.0
443 449 1.0
444 754 1.0
445 669 1.0
448 572 1.0
448 590 1.0
448 648 1.0
449 754 1.0
449 613 1.0
449 775 1.0
449 590 1.0
449 620 1.0
450 464 1.0
451 754 1.0
451 740 1.0
452 945 1.0
452 744 1.0
453 754 1.0
455 754 1.0
455 860 1.0
456 754 1.0
457 974 1.0
457 862 1.0
457 590 1.0
458 712 1.0
459 957 1.0
459 590 1.0
459 560 1.0
460 754 1.0
461 590 1.0
463 858 1.0
464 590 1.0
465 754 1.0
465 947 1.0
466 754 1.0
467 782 1.0
467 754 1.0
467 478 1.0
467 613 1.0
467 626 1.0
467 648 1.0
467 763 1.0
467 600 1.0
467 670 1.0
467 942 1.0
468 769 1.0
470 613 1.0
472 754 1.0
472 768 1.0
472 530 1.0
474 590 1.0
474 966 1.0
475 478 1.0
476 754 1.0
476 669 1.0
477 754 1.0
477 613 1.0
477 744 1.0
478 590 1.0
478 816 1.0
478 754 1.0
478 600 1.0
478 794 1.0
478 573 1.0
478 702 1.0
478 704 1.0
479 754 1.0
480 744 1.0
481 579 1.0
482 590 1.0
485 744 1.0
486 651 1.0
487 590 1.0
488 754 1.0
489 754 1.0
490 581 1.0
491 966 1.0
492 754 1.0
493 754 1.0
493 992 1.0
494 834 1.0
494 613 1.0
495 739 1.0
495 863 1.0
495 816 1.0
497 754 1.0
497 590 1.0
498 613 1.0
499 855 1.0
500 562 1.0
500 590 1.0
501 836 1.0
501 853 1.0
502 689 1.0
502 754 1.0
504 590 1.0
505 754 1.0
505 508 1.0
505 669 1.0
505 590 1.0
506 521 1.0
506 590 1.0
506 808 1.0
508 674 1.0
508 629 1.0
508 529 1.0
508 620 1.0
509 754 1.0
509 600 1.0
510 613 1.0
511 590 1.0
512 931 1.0
512 912 1.0
513 754 1.0
514 613 1.0
515 590 1.0
516 602 1.0
517 669 1.0
518 745 1.0
519 894 1.0
520 546 1.0
521 693 1.0
521 613 1.0
521 590 1.0
521 832 1.0
522 542 1.0
524 795 1.0
525 613 1.0
525 719 1.0
526 754 1.0
527 754 1.0
528 744 1.0
529 754 1.0
529 620 1.0
529 613 1.0
529 979 1.0
529 838 1.0
530 754 1.0
530 590 1.0
531 971 1.0
532 754 1.0
533 754 1.0
533 724 1.0
533 735 1.0
534 754 1.0
534 590 1.0
534 583 1.0
535 754 1.0
535 564 1.0
535 989 1.0
536 754 1.0
538 754 1.0
538 898 1.0
539 754 1.0
540 779 1.0
541 754 1.0
542 590 1.0
544 613 1.0
545 584 1.0
546 841 1.0
546 754 1.0
547 754 1.0
547 613 1.0
547 590 1.0
548 871 1.0
550 738 1.0
551 754 1.0
552 801 1.0
553 754 1.0
554 839 1.0
555 754 1.0
555 560 1.0
556 840 1.0
557 754 1.0
557 590 1.0
558 754 1.0
558 590 1.0
558 864 1.0
560 613 1.0
560 754 1.0
560 857 1.0
560 908 1.0
560 703 1.0
560 590 1.0
561 590 1.0
562 709 1.0
562 744 1.0
562 590 1.0
562 754 1.0
562 613 1.0
562 765 1.0
562 639 1.0
563 851 1.0
563 590 1.0
564 698 1.0
564 989 1.0
565 620 1.0
567 754 1.0
568 754 1.0
569 754 1.0
569 926 1.0
569 730 1.0
570 590 1.0
571 841 1.0
571 590 1.0
572 669 1.0
573 744 1.0
574 754 1.0
574 613 1.0
575 964 1.0
576 746 1.0
577 754 1.0
578 754 1.0
581 754 1.0
582 613 1.0
584 590 1.0
585 590 1.0
586 613 1.0
587 754 1.0
588 956 1.0
588 590 1.0
588 754 1.0
589 659 1.0
590 855 1.0
590 779 1.0
590 594 1.0
590 596 1.0
590 598 1.0
590 600 1.0
590 720 1.0
590 612 1.0
590 613 1.0
590 614 1.0
590 976 1.0
590 620 1.0
590 622 1.0
590 628 1.0
590 630 1.0
590 634 1.0
590 635 1.0
590 738 1.0
590 637 1.0
590 643 1.0
590 994 1.0
590 647 1.0
590 621 1.0
590 654 1.0
590 657 1.0
590 664 1.0
590 669 1.0
590 670 1.0
590 673 1.0
590 625 1.0
590 678 1.0
590 882 1.0
590 681 1.0
590 683 1.0
590 968 1.0
590 688 1.0
590 689 1.0
590 713 1.0
590 702 1.0
590 706 1.0
590 707 1.0
590 973 1.0
590 719 1.0
590 721 1.0
590 736 1.0
590 739 1.0
590 745 1.0
590 748 1.0
590 749 1.0
590 753 1.0
590 754 1.0
590 674 1.0
590 763 1.0
590 769 1.0
590 782 1.0
590 796 1.0
590 798 1.0
590 646 1.0
590 805 1.0
590 904 1.0
590 990 1.0
590 817 1.0
590 820 1.0
590 821 1.0
590 826 1.0
590 828 1.0
590 831 1.0
590 839 1.0
590 843 1.0
590 847 1.0
590 848 1.0
590 849 1.0
590 743 1.0
590 858 1.0
590 859 1.0
590 865 1.0
590 871 1.0
590 744 1.0
590 915 1.0
590 879 1.0
590 883 1.0
590 885 1.0
590 593 1.0
590 894 1.0
590 902 1.0
590 910 1.0
590 921 1.0
590 917 1.0
590 923 1.0
590 929 1.0
590 731 1.0
590 925 1.0
590 940 1.0
590 948 1.0
590 955 1.0
590 928 1.0
590 957 1.0
590 760 1.0
590 974 1.0
590 971 1.0
590 979 1.0
590 980 1.0
590 983 1.0
590 801 1.0
590 993 1.0
590 995 1.0
590 1000 1.0
590 819 1.0
590 854 1.0
591 697 1.0
592 754 1.0
593 613 1.0
593 886 1.0
593 754 1.0
593 793 1.0
594 699 1.0
595 754 1.0
596 754 1.0
596 675 1.0
596 878 1.0
599 801 1.0
600 902 1.0
600 840 1.0
600 761 1.0
600 981 1.0
600 613 1.0
600 801 1.0
600 674 1.0
600 806 1.0
600 754 1.0
600 681 1.0
600 882 1.0
602 754 1.0
603 750 1.0
604 844 1.0
605 732 1.0
606 649 1.0
606 748 1.0
607 909 1.0
609 742 1.0
609 768 1.0
610 754 1.0
613 786 1.0
613 790 1.0
613 803 1.0
613 805 1.0
613 821 1.0
613 828 1.0
613 838 1.0
613 989 1.0
613 620 1.0
613 633 1.0
613 661 1.0
613 648 1.0
613 650 1.0
613 669 1.0
613 754 1.0
613 681 1.0
613 683 1.0
613 926 1.0
613 689 1.0
613 694 1.0
613 957 1.0
613 702 1.0
613 705 1.0
613 749 1.0
613 972 1.0
613 718 1.0
613 984 1.0
613 986 1.0
613 990 1.0
613 739 1.0
613 742 1.0
613 745 1.0
613 744 1.0
613 776 1.0
615 744 1.0
616 754 1.0
618 648 1.0
618 754 1.0
620 744 1.0
620 713 1.0
620 754 1.0
620 655 1.0
620 687 1.0
620 791 1.0
621 754 1.0
624 730 1.0
625 754 1.0
627 754 1.0
629 744 1.0
631 754 1.0
632 754 1.0
632 718 1.0
634 754 1.0
635 815 1.0
636 745 1.0
638 754 1.0
641 705 1.0
642 754 1.0
644 754 1.0
645 754 1.0
647 745 1.0
647 924 1.0
647 754 1.0
648 754 1.0
648 792 1.0
649 754 1.0
650 754 1.0
652 754 1.0
655 754 1.0
657 745 1.0
657 754 1.0
658 754 1.0
659 754 1.0
660 910 1.0
663 754 1.0
663 954 1.0
665 754 1.0
666 843 1.0
667 686 1.0
668 877 1.0
669 899 1.0
669 967 1.0
669 977 1.0
669 805 1.0
669 985 1.0
669 745 1.0
669 754 1.0
671 707 1.0
672 884 1.0
674 748 1.0
674 711 1.0
674 936 1.0
674 780 1.0
674 910 1.0
674 754 1.0
674 735 1.0
674 768 1.0
676 877 1.0
679 754 1.0
680 825 1.0
684 728 1.0
686 869 1.0
687 754 1.0
687 763 1.0
688 754 1.0
690 744 1.0
691 754 1.0
696 754 1.0
702 754 1.0
702 918 1.0
703 964 1.0
703 754 1.0
703 744 1.0
704 754 1.0
705 744 1.0
706 747 1.0
707 754 1.0
707 744 1.0
707 957 1.0
707 752 1.0
708 754 1.0
709 754 1.0
710 942 1.0
711 781 1.0
714 754 1.0
716 754 1.0
717 754 1.0
722 754 1.0
726 754 1.0
727 754 1.0
729 848 1.0
731 754 1.0
733 754 1.0
734 754 1.0
736 754 1.0
737 760 1.0
738 754 1.0
738 973 1.0
738 894 1.0
739 754 1.0
739 783 1.0
739 909 1.0
740 754 1.0
741 916 1.0
742 777 1.0
742 854 1.0
743 754 1.0
744 916 1.0
744 919 1.0
744 927 1.0
744 803 1.0
744 861 1.0
744 943 1.0
744 798 1.0
744 946 1.0
744 884 1.0
744 828 1.0
744 970 1.0
744 844 1.0
744 851 1.0
744 980 1.0
744 839 1.0
744 855 1.0
744 963 1.0
744 871 1.0
744 957 1.0
744 881 1.0
744 754 1.0
744 788 1.0
744 938 1.0
744 761 1.0
745 754 1.0
745 851 1.0
745 789 1.0
745 846 1.0
748 754 1.0
749 754 1.0
751 754 1.0
754 758 1.0
754 764 1.0
754 768 1.0
754 769 1.0
754 772 1.0
754 773 1.0
754 785 1.0
754 787 1.0
754 790 1.0
754 798 1.0
754 800 1.0
754 801 1.0
754 802 1.0
754 803 1.0
754 805 1.0
754 810 1.0
754 813 1.0
754 816 1.0
754 822 1.0
754 824 1.0
754 828 1.0
754 829 1.0
754 832 1.0
754 834 1.0
754 842 1.0
754 846 1.0
754 848 1.0
754 849 1.0
754 851 1.0
754 852 1.0
754 855 1.0
754 858 1.0
754 864 1.0
754 867 1.0
754 868 1.0
754 871 1.0
754 873 1.0
754 874 1.0
754 875 1.0
754 879 1.0
754 880 1.0
754 886 1.0
754 887 1.0
754 889 1.0
754 890 1.0
754 892 1.0
754 893 1.0
754 894 1.0
754 897 1.0
754 900 1.0
754 905 1.0
754 906 1.0
754 907 1.0
754 913 1.0
754 917 1.0
754 920 1.0
754 925 1.0
754 932 1.0
754 933 1.0
754 935 1.0
754 937 1.0
754 939 1.0
754 941 1.0
754 942 1.0
754 943 1.0
754 944 1.0
754 948 1.0
754 949 1.0
754 950 1.0
754 953 1.0
754 956 1.0
754 957 1.0
754 958 1.0
754 960 1.0
754 962 1.0
754 967 1.0
754 973 1.0
754 975 1.0
754 977 1.0
754 987 1.0
754 989 1.0
754 990 1.0
754 991 1.0
754 996 1.0
754 997 1.0
754 998 1.0
756 897 1.0
768 969 1.0
768 922 1.0
768 880 1.0
771 782 1.0
779 988 1.0
784 893 1.0
797 812 1.0
803 939 1.0
803 828 1.0
805 941 1.0
811 875 1.0
815 858 1.0
824 871 1.0
826 897 1.0
827 911 1.0
828 914 1.0
829 895 1.0
829 858 1.0
830 858 1.0
853 934 1.0
853 973 1.0
853 880 1.0
858 867 1.0
858 904 1.0
858 957 1.0
865 936 1.0
868 906 1.0
871 942 1.0
876 886 1.0
888 920 1.0
897 959 1.0
919 947 1.0
985 988 1.0
