*vertices 1000
1 1 0.0 0.0 ellipse
2 2 0.0 0.0 ellipse
3 3 0.0 0.0 ellipse
4 4 0.0 0.0 ellipse
5 5 0.0 0.0 ellipse
6 6 0.0 0.0 ellipse
7 7 0.0 0.0 ellipse
8 8 0.0 0.0 ellipse
9 9 0.0 0.0 ellipse
10 10 0.0 0.0 ellipse
11 11 0.0 0.0 ellipse
12 12 0.0 0.0 ellipse
13 13 0.0 0.0 ellipse
14 14 0.0 0.0 ellipse
15 15 0.0 0.0 ellipse
16 16 0.0 0.0 ellipse
17 17 0.0 0.0 ellipse
18 18 0.0 0.0 ellipse
19 19 0.0 0.0 ellipse
20 20 0.0 0.0 ellipse
21 21 0.0 0.0 ellipse
22 22 0.0 0.0 ellipse
23 23 0.0 0.0 ellipse
24 24 0.0 0.0 ellipse
25 25 0.0 0.0 ellipse
26 26 0.0 0.0 ellipse
27 27 0.0 0.0 ellipse
28 28 0.0 0.0 ellipse
29 29 0.0 0.0 ellipse
30 30 0.0 0.0 ellipse
31 31 0.0 0.0 ellipse
32 32 0.0 0.0 ellipse
33 33 0.0 0.0 ellipse
34 34 0.0 0.0 ellipse
35 35 0.0 0.0 ellipse
36 36 0.0 0.0 ellipse
37 37 0.0 0.0 ellipse
38 38 0.0 0.0 ellipse
39 39 0.0 0.0 ellipse
40 40 0.0 0.0 ellipse
41 41 0.0 0.0 ellipse
42 42 0.0 0.0 ellipse
43 43 0.0 0.0 ellipse
44 44 0.0 0.0 ellipse
45 45 0.0 0.0 ellipse
46 46 0.0 0.0 ellipse
47 47 0.0 0.0 ellipse
48 48 0.0 0.0 ellipse
49 49 0.0 0.0 ellipse
50 50 0.0 0.0 ellipse
51 51 0.0 0.0 ellipse
52 52 0.0 0.0 ellipse
53 53 0.0 0.0 ellipse
54 54 0.0 0.0 ellipse
55 55 0.0 0.0 ellipse
56 56 0.0 0.0 ellipse
57 57 0.0 0.0 ellipse
58 58 0.0 0.0 ellipse
59 59 0.0 0.0 ellipse
60 60 0.0 0.0 ellipse
61 61 0.0 0.0 ellipse
62 62 0.0 0.0 ellipse
63 63 0.0 0.0 ellipse
64 64 0.0 0.0 ellipse
65 65 0.0 0.0 ellipse
66 66 0.0 0.0 ellipse
67 67 0.0 0.0 ellipse
68 68 0.0 0.0 ellipse
69 69 0.0 0.0 ellipse
70 70 0.0 0.0 ellipse
71 71 0.0 0.0 ellipse
72 72 0.0 0.0 ellipse
73 73 0.0 0.0 ellipse
74 74 0.0 0.0 ellipse
75 75 0.0 0.0 ellipse
76 76 0.0 0.0 ellipse
77 77 0.0 0.0 ellipse
78 78 0.0 0.0 ellipse
79 79 0.0 0.0 ellipse
80 80 0.0 0.0 ellipse
81 81 0.0 0.0 ellipse
82 82 0.0 0.0 ellipse
83 83 0.0 0.0 ellipse
84 84 0.0 0.0 ellipse
85 85 0.0 0.0 ellipse
86 86 0.0 0.0 ellipse
87 87 0.0 0.0 ellipse
88 88 0.0 0.0 ellipse
89 89 0.0 0.0 ellipse
90 90 0.0 0.0 ellipse
91 91 0.0 0.0 ellipse
92 92 0.0 0.0 ellipse
93 93 0.0 0.0 ellipse
94 94 0.0 0.0 ellipse
95 95 0.0 0.0 ellipse
96 96 0.0 0.0 ellipse
97 97 0.0 0.0 ellipse
98 98 0.0 0.0 ellipse
99 99 0.0 0.0 ellipse
100 100 0.0 0.0 ellipse
101 101 0.0 0.0 ellipse
102 102 0.0 0.0 ellipse
103 103 0.0 0.0 ellipse
104 104 0.0 0.0 ellipse
105 105 0.0 0.0 ellipse
106 106 0.0 0.0 ellipse
107 107 0.0 0.0 ellipse
108 108 0.0 0.0 ellipse
109 109 0.0 0.0 ellipse
110 110 0.0 0.0 ellipse
111 111 0.0 0.0 ellipse
112 112 0.0 0.0 ellipse
113 113 0.0 0.0 ellipse
114 114 0.0 0.0 ellipse
115 115 0.0 0.0 ellipse
116 116 0.0 0.0 ellipse
117 117 0.0 0.0 ellipse
118 118 0.0 0.0 ellipse
119 119 0.0 0.0 ellipse
120 120 0.0 0.0 ellipse
121 121 0.0 0.0 ellipse
122 122 0.0 0.0 ellipse
123 123 0.0 0.0 ellipse
124 124 0.0 0.0 ellipse
125 125 0.0 0.0 ellipse
126 126 0.0 0.0 ellipse
127 127 0.0 0.0 ellipse
128 128 0.0 0.0 ellipse
129 129 0.0 0.0 ellipse
130 130 0.0 0.0 ellipse
131 131 0.0 0.0 ellipse
132 132 0.0 0.0 ellipse
133 133 0.0 0.0 ellipse
134 134 0.0 0.0 ellipse
135 135 0.0 0.0 ellipse
136 136 0.0 0.0 ellipse
137 137 0.0 0.0 ellipse
138 138 0.0 0.0 ellipse
139 139 0.0 0.0 ellipse
140 140 0.0 0.0 ellipse
141 141 0.0 0.0 ellipse
142 142 0.0 0.0 ellipse
143 143 0.0 0.0 ellipse
144 144 0.0 0.0 ellipse
145 145 0.0 0.0 ellipse
146 146 0.0 0.0 ellipse
147 147 0.0 0.0 ellipse
148 148 0.0 0.0 ellipse
149 149 0.0 0.0 ellipse
150 150 0.0 0.0 ellipse
151 151 0.0 0.0 ellipse
152 152 0.0 0.0 ellipse
153 153 0.0 0.0 ellipse
154 154 0.0 0.0 ellipse
155 155 0.0 0.0 ellipse
156 156 0.0 0.0 ellipse
157 157 0.0 0.0 ellipse
158 158 0.0 0.0 ellipse
159 159 0.0 0.0 ellipse
160 160 0.0 0.0 ellipse
161 161 0.0 0.0 ellipse
162 162 0.0 0.0 ellipse
163 163 0.0 0.0 ellipse
164 164 0.0 0.0 ellipse
165 165 0.0 0.0 ellipse
166 166 0.0 0.0 ellipse
167 167 0.0 0.0 ellipse
168 168 0.0 0.0 ellipse
169 169 0.0 0.0 ellipse
170 170 0.0 0.0 ellipse
171 171 0.0 0.0 ellipse
172 172 0.0 0.0 ellipse
173 173 0.0 0.0 ellipse
174 174 0.0 0.0 ellipse
175 175 0.0 0.0 ellipse
176 176 0.0 0.0 ellipse
177 177 0.0 0.0 ellipse
178 178 0.0 0.0 ellipse
179 179 0.0 0.0 ellipse
180 180 0.0 0.0 ellipse
181 181 0.0 0.0 ellipse
182 182 0.0 0.0 ellipse
183 183 0.0 0.0 ellipse
184 184 0.0 0.0 ellipse
185 185 0.0 0.0 ellipse
186 186 0.0 0.0 ellipse
187 187 0.0 0.0 ellipse
188 188 0.0 0.0 ellipse
189 189 0.0 0.0 ellipse
190 190 0.0 0.0 ellipse
191 191 0.0 0.0 ellipse
192 192 0.0 0.0 ellipse
193 193 0.0 0.0 ellipse
194 194 0.0 0.0 ellipse
195 195 0.0 0.0 ellipse
196 196 0.0 0.0 ellipse
197 197 0.0 0.0 ellipse
198 198 0.0 0.0 ellipse
199 199 0.0 0.0 ellipse
200 200 0.0 0.0 ellipse
201 201 0.0 0.0 ellipse
202 202 0.0 0.0 ellipse
203 203 0.0 0.0 ellipse
204 204 0.0 0.0 ellipse
205 205 0.0 0.0 ellipse
206 206 0.0 0.0 ellipse
207 207 0.0 0.0 ellipse
208 208 0.0 0.0 ellipse
209 209 0.0 0.0 ellipse
210 210 0.0 0.0 ellipse
211 211 0.0 0.0 ellipse
212 212 0.0 0.0 ellipse
213 213 0.0 0.0 ellipse
214 214 0.0 0.0 ellipse
215 215 0.0 0.0 ellipse
216 216 0.0 0.0 ellipse
217 217 0.0 0.0 ellipse
218 218 0.0 0.0 ellipse
219 219 0.0 0.0 ellipse
220 220 0.0 0.0 ellipse
221 221 0.0 0.0 ellipse
222 222 0.0 0.0 ellipse
223 223 0.0 0.0 ellipse
224 224 0.0 0.0 ellipse
225 225 0.0 0.0 ellipse
226 226 0.0 0.0 ellipse
227 227 0.0 0.0 ellipse
228 228 0.0 0.0 ellipse
229 229 0.0 0.0 ellipse
230 230 0.0 0.0 ellipse
231 231 0.0 0.0 ellipse
232 232 0.0 0.0 ellipse
233 233 0.0 0.0 ellipse
234 234 0.0 0.0 ellipse
235 235 0.0 0.0 ellipse
236 236 0.0 0.0 ellipse
237 237 0.0 0.0 ellipse
238 238 0.0 0.0 ellipse
239 239 0.0 0.0 ellipse
240 240 0.0 0.0 ellipse
241 241 0.0 0.0 ellipse
242 242 0.0 0.0 ellipse
243 243 0.0 0.0 ellipse
244 244 0.0 0.0 ellipse
245 245 0.0 0.0 ellipse
246 246 0.0 0.0 ellipse
247 247 0.0 0.0 ellipse
248 248 0.0 0.0 ellipse
249 249 0.0 0.0 ellipse
250 250 0.0 0.0 ellipse
251 251 0.0 0.0 ellipse
252 252 0.0 0.0 ellipse
253 253 0.0 0.0 ellipse
254 254 0.0 0.0 ellipse
255 255 0.0 0.0 ellipse
256 256 0.0 0.0 ellipse
257 257 0.0 0.0 ellipse
258 258 0.0 0.0 ellipse
259 259 0.0 0.0 ellipse
260 260 0.0 0.0 ellipse
261 261 0.0 0.0 ellipse
262 262 0.0 0.0 ellipse
263 263 0.0 0.0 ellipse
264 264 0.0 0.0 ellipse
265 265 0.0 0.0 ellipse
266 266 0.0 0.0 ellipse
267 267 0.0 0.0 ellipse
268 268 0.0 0.0 ellipse
269 269 0.0 0.0 ellipse
270 270 0.0 0.0 ellipse
271 271 0.0 0.0 ellipse
272 272 0.0 0.0 ellipse
273 273 0.0 0.0 ellipse
274 274 0.0 0.0 ellipse
275 275 0.0 0.0 ellipse
276 276 0.0 0.0 ellipse
277 277 0.0 0.0 ellipse
278 278 0.0 0.0 ellipse
279 279 0.0 0.0 ellipse
280 280 0.0 0.0 ellipse
281 281 0.0 0.0 ellipse
282 282 0.0 0.0 ellipse
283 283 0.0 0.0 ellipse
284 284 0.0 0.0 ellipse
285 285 0.0 0.0 ellipse
286 286 0.0 0.0 ellipse
287 287 0.0 0.0 ellipse
288 288 0.0 0.0 ellipse
289 289 0.0 0.0 ellipse
290 290 0.0 0.0 ellipse
291 291 0.0 0.0 ellipse
292 292 0.0 0.0 ellipse
293 293 0.0 0.0 ellipse
294 294 0.0 0.0 ellipse
295 295 0.0 0.0 ellipse
296 296 0.0 0.0 ellipse
297 297 0.0 0.0 ellipse
298 298 0.0 0.0 ellipse
299 299 0.0 0.0 ellipse
300 300 0.0 0.0 ellipse
301 301 0.0 0.0 ellipse
302 302 0.0 0.0 ellipse
303 303 0.0 0.0 ellipse
304 304 0.0 0.0 ellipse
305 305 0.0 0.0 ellipse
306 306 0.0 0.0 ellipse
307 307 0.0 0.0 ellipse
308 308 0.0 0.0 ellipse
309 309 0.0 0.0 ellipse
310 310 0.0 0.0 ellipse
311 311 0.0 0.0 ellipse
312 312 0.0 0.0 ellipse
313 313 0.0 0.0 ellipse
314 314 0.0 0.0 ellipse
315 315 0.0 0.0 ellipse
316 316 0.0 0.0 ellipse
317 317 0.0 0.0 ellipse
318 318 0.0 0.0 ellipse
319 319 0.0 0.0 ellipse
320 320 0.0 0.0 ellipse
321 321 0.0 0.0 ellipse
322 322 0.0 0.0 ellipse
323 323 0.0 0.0 ellipse
324 324 0.0 0.0 ellipse
325 325 0.0 0.0 ellipse
326 326 0.0 0.0 ellipse
327 327 0.0 0.0 ellipse
328 328 0.0 0.0 ellipse
329 329 0.0 0.0 ellipse
330 330 0.0 0.0 ellipse
331 331 0.0 0.0 ellipse
332 332 0.0 0.0 ellipse
333 333 0.0 0.0 ellipse
334 334 0.0 0.0 ellipse
335 335 0.0 0.0 ellipse
336 336 0.0 0.0 ellipse
337 337 0.0 0.0 ellipse
338 338 0.0 0.0 ellipse
339 339 0.0 0.0 ellipse
340 340 0.0 0.0 ellipse
341 341 0.0 0.0 ellipse
342 342 0.0 0.0 ellipse
343 343 0.0 0.0 ellipse
344 344 0.0 0.0 ellipse
345 345 0.0 0.0 ellipse
346 346 0.0 0.0 ellipse
347 347 0.0 0.0 ellipse
348 348 0.0 0.0 ellipse
349 349 0.0 0.0 ellipse
350 350 0.0 0.0 ellipse
351 351 0.0 0.0 ellipse
352 352 0.0 0.0 ellipse
353 353 0.0 0.0 ellipse
354 354 0.0 0.0 ellipse
355 355 0.0 0.0 ellipse
356 356 0.0 0.0 ellipse
357 357 0.0 0.0 ellipse
358 358 0.0 0.0 ellipse
359 359 0.0 0.0 ellipse
360 360 0.0 0.0 ellipse
361 361 0.0 0.0 ellipse
362 362 0.0 0.0 ellipse
363 363 0.0 0.0 ellipse
364 364 0.0 0.0 ellipse
365 365 0.0 0.0 ellipse
366 366 0.0 0.0 ellipse
367 367 0.0 0.0 ellipse
368 368 0.0 0.0 ellipse
369 369 0.0 0.0 ellipse
370 370 0.0 0.0 ellipse
371 371 0.0 0.0 ellipse
372 372 0.0 0.0 ellipse
373 373 0.0 0.0 ellipse
374 374 0.0 0.0 ellipse
375 375 0.0 0.0 ellipse
376 376 0.0 0.0 ellipse
377 377 0.0 0.0 ellipse
378 378 0.0 0.0 ellipse
379 379 0.0 0.0 ellipse
380 380 0.0 0.0 ellipse
381 381 0.0 0.0 ellipse
382 382 0.0 0.0 ellipse
383 383 0.0 0.0 ellipse
384 384 0.0 0.0 ellipse
385 385 0.0 0.0 ellipse
386 386 0.0 0.0 ellipse
387 387 0.0 0.0 ellipse
388 388 0.0 0.0 ellipse
389 389 0.0 0.0 ellipse
390 390 0.0 0.0 ellipse
391 391 0.0 0.0 ellipse
392 392 0.0 0.0 ellipse
393 393 0.0 0.0 ellipse
394 394 0.0 0.0 ellipse
395 395 0.0 0.0 ellipse
396 396 0.0 0.0 ellipse
397 397 0.0 0.0 ellipse
398 398 0.0 0.0 ellipse
399 399 0.0 0.0 ellipse
400 400 0.0 0.0 ellipse
401 401 0.0 0.0 ellipse
402 402 0.0 0.0 ellipse
403 403 0.0 0.0 ellipse
404 404 0.0 0.0 ellipse
405 405 0.0 0.0 ellipse
406 406 0.0 0.0 ellipse
407 407 0.0 0.0 ellipse
408 408 0.0 0.0 ellipse
409 409 0.0 0.0 ellipse
410 410 0.0 0.0 ellipse
411 411 0.0 0.0 ellipse
412 412 0.0 0.0 ellipse
413 413 0.0 0.0 ellipse
414 414 0.0 0.0 ellipse
415 415 0.0 0.0 ellipse
416 416 0.0 0.0 ellipse
417 417 0.0 0.0 ellipse
418 418 0.0 0.0 ellipse
419 419 0.0 0.0 ellipse
420 420 0.0 0.0 ellipse
421 421 0.0 0.0 ellipse
422 422 0.0 0.0 ellipse
423 423 0.0 0.0 ellipse
424 424 0.0 0.0 ellipse
425 425 0.0 0.0 ellipse
426 426 0.0 0.0 ellipse
427 427 0.0 0.0 ellipse
428 428 0.0 0.0 ellipse
429 429 0.0 0.0 ellipse
430 430 0.0 0.0 ellipse
431 431 0.0 0.0 ellipse
432 432 0.0 0.0 ellipse
433 433 0.0 0.0 ellipse
434 434 0.0 0.0 ellipse
435 435 0.0 0.0 ellipse
436 436 0.0 0.0 ellipse
437 437 0.0 0.0 ellipse
438 438 0.0 0.0 ellipse
439 439 0.0 0.0 ellipse
440 440 0.0 0.0 ellipse
441 441 0.0 0.0 ellipse
442 442 0.0 0.0 ellipse
443 443 0.0 0.0 ellipse
444 444 0.0 0.0 ellipse
445 445 0.0 0.0 ellipse
446 446 0.0 0.0 ellipse
447 447 0.0 0.0 ellipse
448 448 0.0 0.0 ellipse
449 449 0.0 0.0 ellipse
450 450 0.0 0.0 ellipse
451 451 0.0 0.0 ellipse
452 452 0.0 0.0 ellipse
453 453 0.0 0.0 ellipse
454 454 0.0 0.0 ellipse
455 455 0.0 0.0 ellipse
456 456 0.0 0.0 ellipse
457 457 0.0 0.0 ellipse
458 458 0.0 0.0 ellipse
459 459 0.0 0.0 ellipse
460 460 0.0 0.0 ellipse
461 461 0.0 0.0 ellipse
462 462 0.0 0.0 ellipse
463 463 0.0 0.0 ellipse
464 464 0.0 0.0 ellipse
465 465 0.0 0.0 ellipse
466 466 0.0 0.0 ellipse
467 467 0.0 0.0 ellipse
468 468 0.0 0.0 ellipse
469 469 0.0 0.0 ellipse
470 470 0.0 0.0 ellipse
471 471 0.0 0.0 ellipse
472 472 0.0 0.0 ellipse
473 473 0.0 0.0 ellipse
474 474 0.0 0.0 ellipse
475 475 0.0 0.0 ellipse
476 476 0.0 0.0 ellipse
477 477 0.0 0.0 ellipse
478 478 0.0 0.0 ellipse
479 479 0.0 0.0 ellipse
480 480 0.0 0.0 ellipse
481 481 0.0 0.0 ellipse
482 482 0.0 0.0 ellipse
483 483 0.0 0.0 ellipse
484 484 0.0 0.0 ellipse
485 485 0.0 0.0 ellipse
486 486 0.0 0.0 ellipse
487 487 0.0 0.0 ellipse
488 488 0.0 0.0 ellipse
489 489 0.0 0.0 ellipse
490 490 0.0 0.0 ellipse
491 491 0.0 0.0 ellipse
492 492 0.0 0.0 ellipse
493 493 0.0 0.0 ellipse
494 494 0.0 0.0 ellipse
495 495 0.0 0.0 ellipse
496 496 0.0 0.0 ellipse
497 497 0.0 0.0 ellipse
498 498 0.0 0.0 ellipse
499 499 0.0 0.0 ellipse
500 500 0.0 0.0 ellipse
501 501 0.0 0.0 ellipse
502 502 0.0 0.0 ellipse
503 503 0.0 0.0 ellipse
504 504 0.0 0.0 ellipse
505 505 0.0 0.0 ellipse
506 506 0.0 0.0 ellipse
507 507 0.0 0.0 ellipse
508 508 0.0 0.0 ellipse
509 509 0.0 0.0 ellipse
510 510 0.0 0.0 ellipse
511 511 0.0 0.0 ellipse
512 512 0.0 0.0 ellipse
513 513 0.0 0.0 ellipse
514 514 0.0 0.0 ellipse
515 515 0.0 0.0 ellipse
516 516 0.0 0.0 ellipse
517 517 0.0 0.0 ellipse
518 518 0.0 0.0 ellipse
519 519 0.0 0.0 ellipse
520 520 0.0 0.0 ellipse
521 521 0.0 0.0 ellipse
522 522 0.0 0.0 ellipse
523 523 0.0 0.0 ellipse
524 524 0.0 0.0 ellipse
525 525 0.0 0.0 ellipse
526 526 0.0 0.0 ellipse
527 527 0.0 0.0 ellipse
528 528 0.0 0.0 ellipse
529 529 0.0 0.0 ellipse
530 530 0.0 0.0 ellipse
531 531 0.0 0.0 ellipse
532 532 0.0 0.0 ellipse
533 533 0.0 0.0 ellipse
534 534 0.0 0.0 ellipse
535 535 0.0 0.0 ellipse
536 536 0.0 0.0 ellipse
537 537 0.0 0.0 ellipse
538 538 0.0 0.0 ellipse
539 539 0.0 0.0 ellipse
540 540 0.0 0.0 ellipse
541 541 0.0 0.0 ellipse
542 542 0.0 0.0 ellipse
543 543 0.0 0.0 ellipse
544 544 0.0 0.0 ellipse
545 545 0.0 0.0 ellipse
546 546 0.0 0.0 ellipse
547 547 0.0 0.0 ellipse
548 548 0.0 0.0 ellipse
549 549 0.0 0.0 ellipse
550 550 0.0 0.0 ellipse
551 551 0.0 0.0 ellipse
552 552 0.0 0.0 ellipse
553 553 0.0 0.0 ellipse
554 554 0.0 0.0 ellipse
555 555 0.0 0.0 ellipse
556 556 0.0 0.0 ellipse
557 557 0.0 0.0 ellipse
558 558 0.0 0.0 ellipse
559 559 0.0 0.0 ellipse
560 560 0.0 0.0 ellipse
561 561 0.0 0.0 ellipse
562 562 0.0 0.0 ellipse
563 563 0.0 0.0 ellipse
564 564 0.0 0.0 ellipse
565 565 0.0 0.0 ellipse
566 566 0.0 0.0 ellipse
567 567 0.0 0.0 ellipse
568 568 0.0 0.0 ellipse
569 569 0.0 0.0 ellipse
570 570 0.0 0.0 ellipse
571 571 0.0 0.0 ellipse
572 572 0.0 0.0 ellipse
573 573 0.0 0.0 ellipse
574 574 0.0 0.0 ellipse
575 575 0.0 0.0 ellipse
576 576 0.0 0.0 ellipse
577 577 0.0 0.0 ellipse
578 578 0.0 0.0 ellipse
579 579 0.0 0.0 ellipse
580 580 0.0 0.0 ellipse
581 581 0.0 0.0 ellipse
582 582 0.0 0.0 ellipse
583 583 0.0 0.0 ellipse
584 584 0.0 0.0 ellipse
585 585 0.0 0.0 ellipse
586 586 0.0 0.0 ellipse
587 587 0.0 0.0 ellipse
588 588 0.0 0.0 ellipse
589 589 0.0 0.0 ellipse
590 590 0.0 0.0 ellipse
591 591 0.0 0.0 ellipse
592 592 0.0 0.0 ellipse
593 593 0.0 0.0 ellipse
594 594 0.0 0.0 ellipse
595 595 0.0 0.0 ellipse
596 596 0.0 0.0 ellipse
597 597 0.0 0.0 ellipse
598 598 0.0 0.0 ellipse
599 599 0.0 0.0 ellipse
600 600 0.0 0.0 ellipse
601 601 0.0 0.0 ellipse
602 602 0.0 0.0 ellipse
603 603 0.0 0.0 ellipse
604 604 0.0 0.0 ellipse
605 605 0.0 0.0 ellipse
606 606 0.0 0.0 ellipse
607 607 0.0 0.0 ellipse
608 608 0.0 0.0 ellipse
609 609 0.0 0.0 ellipse
610 610 0.0 0.0 ellipse
611 611 0.0 0.0 ellipse
612 612 0.0 0.0 ellipse
613 613 0.0 0.0 ellipse
614 614 0.0 0.0 ellipse
615 615 0.0 0.0 ellipse
616 616 0.0 0.0 ellipse
617 617 0.0 0.0 ellipse
618 618 0.0 0.0 ellipse
619 619 0.0 0.0 ellipse
620 620 0.0 0.0 ellipse
621 621 0.0 0.0 ellipse
622 622 0.0 0.0 ellipse
623 623 0.0 0.0 ellipse
624 624 0.0 0.0 ellipse
625 625 0.0 0.0 ellipse
626 626 0.0 0.0 ellipse
627 627 0.0 0.0 ellipse
628 628 0.0 0.0 ellipse
629 629 0.0 0.0 ellipse
630 630 0.0 0.0 ellipse
631 631 0.0 0.0 ellipse
632 632 0.0 0.0 ellipse
633 633 0.0 0.0 ellipse
634 634 0.0 0.0 ellipse
635 635 0.0 0.0 ellipse
636 636 0.0 0.0 ellipse
637 637 0.0 0.0 ellipse
638 638 0.0 0.0 ellipse
639 639 0.0 0.0 ellipse
640 640 0.0 0.0 ellipse
641 641 0.0 0.0 ellipse
642 642 0.0 0.0 ellipse
643 643 0.0 0.0 ellipse
644 644 0.0 0.0 ellipse
645 645 0.0 0.0 ellipse
646 646 0.0 0.0 ellipse
647 647 0.0 0.0 ellipse
648 648 0.0 0.0 ellipse
649 649 0.0 0.0 ellipse
650 650 0.0 0.0 ellipse
651 651 0.0 0.0 ellipse
652 652 0.0 0.0 ellipse
653 653 0.0 0.0 ellipse
654 654 0.0 0.0 ellipse
655 655 0.0 0.0 ellipse
656 656 0.0 0.0 ellipse
657 657 0.0 0.0 ellipse
658 658 0.0 0.0 ellipse
659 659 0.0 0.0 ellipse
660 660 0.0 0.0 ellipse
661 661 0.0 0.0 ellipse
662 662 0.0 0.0 ellipse
663 663 0.0 0.0 ellipse
664 664 0.0 0.0 ellipse
665 665 0.0 0.0 ellipse
666 666 0.0 0.0 ellipse
667 667 0.0 0.0 ellipse
668 668 0.0 0.0 ellipse
669 669 0.0 0.0 ellipse
670 670 0.0 0.0 ellipse
671 671 0.0 0.0 ellipse
672 672 0.0 0.0 ellipse
673 673 0.0 0.0 ellipse
674 674 0.0 0.0 ellipse
675 675 0.0 0.0 ellipse
676 676 0.0 0.0 ellipse
677 677 0.0 0.0 ellipse
678 678 0.0 0.0 ellipse
679 679 0.0 0.0 ellipse
680 680 0.0 0.0 ellipse
681 681 0.0 0.0 ellipse
682 682 0.0 0.0 ellipse
683 683 0.0 0.0 ellipse
684 684 0.0 0.0 ellipse
685 685 0.0 0.0 ellipse
686 686 0.0 0.0 ellipse
687 687 0.0 0.0 ellipse
688 688 0.0 0.0 ellipse
689 689 0.0 0.0 ellipse
690 690 0.0 0.0 ellipse
691 691 0.0 0.0 ellipse
692 692 0.0 0.0 ellipse
693 693 0.0 0.0 ellipse
694 694 0.0 0.0 ellipse
695 695 0.0 0.0 ellipse
696 696 0.0 0.0 ellipse
697 697 0.0 0.0 ellipse
698 698 0.0 0.0 ellipse
699 699 0.0 0.0 ellipse
700 700 0.0 0.0 ellipse
701 701 0.0 0.0 ellipse
702 702 0.0 0.0 ellipse
703 703 0.0 0.0 ellipse
704 704 0.0 0.0 ellipse
705 705 0.0 0.0 ellipse
706 706 0.0 0.0 ellipse
707 707 0.0 0.0 ellipse
708 708 0.0 0.0 ellipse
709 709 0.0 0.0 ellipse
710 710 0.0 0.0 ellipse
711 711 0.0 0.0 ellipse
712 712 0.0 0.0 ellipse
713 713 0.0 0.0 ellipse
714 714 0.0 0.0 ellipse
715 715 0.0 0.0 ellipse
716 716 0.0 0.0 ellipse
717 717 0.0 0.0 ellipse
718 718 0.0 0.0 ellipse
719 719 0.0 0.0 ellipse
720 720 0.0 0.0 ellipse
721 721 0.0 0.0 ellipse
722 722 0.0 0.0 ellipse
723 723 0.0 0.0 ellipse
724 724 0.0 0.0 ellipse
725 725 0.0 0.0 ellipse
726 726 0.0 0.0 ellipse
727 727 0.0 0.0 ellipse
728 728 0.0 0.0 ellipse
729 729 0.0 0.0 ellipse
730 730 0.0 0.0 ellipse
731 731 0.0 0.0 ellipse
732 732 0.0 0.0 ellipse
733 733 0.0 0.0 ellipse
734 734 0.0 0.0 ellipse
735 735 0.0 0.0 ellipse
736 736 0.0 0.0 ellipse
737 737 0.0 0.0 ellipse
738 738 0.0 0.0 ellipse
739 739 0.0 0.0 ellipse
740 740 0.0 0.0 ellipse
741 741 0.0 0.0 ellipse
742 742 0.0 0.0 ellipse
743 743 0.0 0.0 ellipse
744 744 0.0 0.0 ellipse
745 745 0.0 0.0 ellipse
746 746 0.0 0.0 ellipse
747 747 0.0 0.0 ellipse
748 748 0.0 0.0 ellipse
749 749 0.0 0.0 ellipse
750 750 0.0 0.0 ellipse
751 751 0.0 0.0 ellipse
752 752 0.0 0.0 ellipse
753 753 0.0 0.0 ellipse
754 754 0.0 0.0 ellipse
755 755 0.0 0.0 ellipse
756 756 0.0 0.0 ellipse
757 757 0.0 0.0 ellipse
758 758 0.0 0.0 ellipse
759 759 0.0 0.0 ellipse
760 760 0.0 0.0 ellipse
761 761 0.0 0.0 ellipse
762 762 0.0 0.0 ellipse
763 763 0.0 0.0 ellipse
764 764 0.0 0.0 ellipse
765 765 0.0 0.0 ellipse
766 766 0.0 0.0 ellipse
767 767 0.0 0.0 ellipse
768 768 0.0 0.0 ellipse
769 769 0.0 0.0 ellipse
770 770 0.0 0.0 ellipse
771 771 0.0 0.0 ellipse
772 772 0.0 0.0 ellipse
773 773 0.0 0.0 ellipse
774 774 0.0 0.0 ellipse
775 775 0.0 0.0 ellipse
776 776 0.0 0.0 ellipse
777 777 0.0 0.0 ellipse
778 778 0.0 0.0 ellipse
779 779 0.0 0.0 ellipse
780 780 0.0 0.0 ellipse
781 781 0.0 0.0 ellipse
782 782 0.0 0.0 ellipse
783 783 0.0 0.0 ellipse
784 784 0.0 0.0 ellipse
785 785 0.0 0.0 ellipse
786 786 0.0 0.0 ellipse
787 787 0.0 0.0 ellipse
788 788 0.0 0.0 ellipse
789 789 0.0 0.0 ellipse
790 790 0.0 0.0 ellipse
791 791 0.0 0.0 ellipse
792 792 0.0 0.0 ellipse
793 793 0.0 0.0 ellipse
794 794 0.0 0.0 ellipse
795 795 0.0 0.0 ellipse
796 796 0.0 0.0 ellipse
797 797 0.0 0.0 ellipse
798 798 0.0 0.0 ellipse
799 799 0.0 0.0 ellipse
800 800 0.0 0.0 ellipse
801 801 0.0 0.0 ellipse
802 802 0.0 0.0 ellipse
803 803 0.0 0.0 ellipse
804 804 0.0 0.0 ellipse
805 805 0.0 0.0 ellipse
806 806 0.0 0.0 ellipse
807 807 0.0 0.0 ellipse
808 808 0.0 0.0 ellipse
809 809 0.0 0.0 ellipse
810 810 0.0 0.0 ellipse
811 811 0.0 0.0 ellipse
812 812 0.0 0.0 ellipse
813 813 0.0 0.0 ellipse
814 814 0.0 0.0 ellipse
815 815 0.0 0.0 ellipse
816 816 0.0 0.0 ellipse
817 817 0.0 0.0 ellipse
818 818 0.0 0.0 ellipse
819 819 0.0 0.0 ellipse
820 820 0.0 0.0 ellipse
821 821 0.0 0.0 ellipse
822 822 0.0 0.0 ellipse
823 823 0.0 0.0 ellipse
824 824 0.0 0.0 ellipse
825 825 0.0 0.0 ellipse
826 826 0.0 0.0 ellipse
827 827 0.0 0.0 ellipse
828 828 0.0 0.0 ellipse
829 829 0.0 0.0 ellipse
830 830 0.0 0.0 ellipse
831 831 0.0 0.0 ellipse
832 832 0.0 0.0 ellipse
833 833 0.0 0.0 ellipse
834 834 0.0 0.0 ellipse
835 835 0.0 0.0 ellipse
836 836 0.0 0.0 ellipse
837 837 0.0 0.0 ellipse
838 838 0.0 0.0 ellipse
839 839 0.0 0.0 ellipse
840 840 0.0 0.0 ellipse
841 841 0.0 0.0 ellipse
842 842 0.0 0.0 ellipse
843 843 0.0 0.0 ellipse
844 844 0.0 0.0 ellipse
845 845 0.0 0.0 ellipse
846 846 0.0 0.0 ellipse
847 847 0.0 0.0 ellipse
848 848 0.0 0.0 ellipse
849 849 0.0 0.0 ellipse
850 850 0.0 0.0 ellipse
851 851 0.0 0.0 ellipse
852 852 0.0 0.0 ellipse
853 853 0.0 0.0 ellipse
854 854 0.0 0.0 ellipse
855 855 0.0 0.0 ellipse
856 856 0.0 0.0 ellipse
857 857 0.0 0.0 ellipse
858 858 0.0 0.0 ellipse
859 859 0.0 0.0 ellipse
860 860 0.0 0.0 ellipse
861 861 0.0 0.0 ellipse
862 862 0.0 0.0 ellipse
863 863 0.0 0.0 ellipse
864 864 0.0 0.0 ellipse
865 865 0.0 0.0 ellipse
866 866 0.0 0.0 ellipse
867 867 0.0 0.0 ellipse
868 868 0.0 0.0 ellipse
869 869 0.0 0.0 ellipse
870 870 0.0 0.0 ellipse
871 871 0.0 0.0 ellipse
872 872 0.0 0.0 ellipse
873 873 0.0 0.0 ellipse
874 874 0.0 0.0 ellipse
875 875 0.0 0.0 ellipse
876 876 0.0 0.0 ellipse
877 877 0.0 0.0 ellipse
878 878 0.0 0.0 ellipse
879 879 0.0 0.0 ellipse
880 880 0.0 0.0 ellipse
881 881 0.0 0.0 ellipse
882 882 0.0 0.0 ellipse
883 883 0.0 0.0 ellipse
884 884 0.0 0.0 ellipse
885 885 0.0 0.0 ellipse
886 886 0.0 0.0 ellipse
887 887 0.0 0.0 ellipse
888 888 0.0 0.0 ellipse
889 889 0.0 0.0 ellipse
890 890 0.0 0.0 ellipse
891 891 0.0 0.0 ellipse
892 892 0.0 0.0 ellipse
893 893 0.0 0.0 ellipse
894 894 0.0 0.0 ellipse
895 895 0.0 0.0 ellipse
896 896 0.0 0.0 ellipse
897 897 0.0 0.0 ellipse
898 898 0.0 0.0 ellipse
899 899 0.0 0.0 ellipse
900 900 0.0 0.0 ellipse
901 901 0.0 0.0 ellipse
902 902 0.0 0.0 ellipse
903 903 0.0 0.0 ellipse
904 904 0.0 0.0 ellipse
905 905 0.0 0.0 ellipse
906 906 0.0 0.0 ellipse
907 907 0.0 0.0 ellipse
908 908 0.0 0.0 ellipse
909 909 0.0 0.0 ellipse
910 910 0.0 0.0 ellipse
911 911 0.0 0.0 ellipse
912 912 0.0 0.0 ellipse
913 913 0.0 0.0 ellipse
914 914 0.0 0.0 ellipse
915 915 0.0 0.0 ellipse
916 916 0.0 0.0 ellipse
917 917 0.0 0.0 ellipse
918 918 0.0 0.0 ellipse
919 919 0.0 0.0 ellipse
920 920 0.0 0.0 ellipse
921 921 0.0 0.0 ellipse
922 922 0.0 0.0 ellipse
923 923 0.0 0.0 ellipse
924 924 0.0 0.0 ellipse
925 925 0.0 0.0 ellipse
926 926 0.0 0.0 ellipse
927 927 0.0 0.0 ellipse
928 928 0.0 0.0 ellipse
929 929 0.0 0.0 ellipse
930 930 0.0 0.0 ellipse
931 931 0.0 0.0 ellipse
932 932 0.0 0.0 ellipse
933 933 0.0 0.0 ellipse
934 934 0.0 0.0 ellipse
935 935 0.0 0.0 ellipse
936 936 0.0 0.0 ellipse
937 937 0.0 0.0 ellipse
938 938 0.0 0.0 ellipse
939 939 0.0 0.0 ellipse
940 940 0.0 0.0 ellipse
941 941 0.0 0.0 ellipse
942 942 0.0 0.0 ellipse
943 943 0.0 0.0 ellipse
944 944 0.0 0.0 ellipse
945 945 0.0 0.0 ellipse
946 946 0.0 0.0 ellipse
947 947 0.0 0.0 ellipse
948 948 0.0 0.0 ellipse
949 949 0.0 0.0 ellipse
950 950 0.0 0.0 ellipse
951 951 0.0 0.0 ellipse
952 952 0.0 0.0 ellipse
953 953 0.0 0.0 ellipse
954 954 0.0 0.0 ellipse
955 955 0.0 0.0 ellipse
956 956 0.0 0.0 ellipse
957 957 0.0 0.0 ellipse
958 958 0.0 0.0 ellipse
959 959 0.0 0.0 ellipse
960 960 0.0 0.0 ellipse
961 961 0.0 0.0 ellipse
962 962 0.0 0.0 ellipse
963 963 0.0 0.0 ellipse
964 964 0.0 0.0 ellipse
965 965 0.0 0.0 ellipse
966 966 0.0 0.0 ellipse
967 967 0.0 0.0 ellipse
968 968 0.0 0.0 ellipse
969 969 0.0 0.0 ellipse
970 970 0.0 0.0 ellipse
971 971 0.0 0.0 ellipse
972 972 0.0 0.0 ellipse
973 973 0.0 0.0 ellipse
974 974 0.0 0.0 ellipse
975 975 0.0 0.0 ellipse
976 976 0.0 0.0 ellipse
977 977 0.0 0.0 ellipse
978 978 0.0 0.0 ellipse
979 979 0.0 0.0 ellipse
980 980 0.0 0.0 ellipse
981 981 0.0 0.0 ellipse
982 982 0.0 0.0 ellipse
983 983 0.0 0.0 ellipse
984 984 0.0 0.0 ellipse
985 985 0.0 0.0 ellipse
986 986 0.0 0.0 ellipse
987 987 0.0 0.0 ellipse
988 988 0.0 0.0 ellipse
989 989 0.0 0.0 ellipse
990 990 0.0 0.0 ellipse
991 991 0.0 0.0 ellipse
992 992 0.0 0.0 ellipse
993 993 0.0 0.0 ellipse
994 994 0.0 0.0 ellipse
995 995 0.0 0.0 ellipse
996 996 0.0 0.0 ellipse
997 997 0.0 0.0 ellipse
998 998 0.0 0.0 ellipse
999 999 0.0 0.0 ellipse
1000 1000 0.0 0.0 ellipse
*edges
1 896 1.0
1 787 1.0
1 569 1.0
1 522 1.0
1 927 1.0
1 847 1.0
2 353 1.0
2 843 1.0
2 839 1.0
2 136 1.0
2 729 1.0
2 474 1.0
2 696 1.0
2 44 1.0
2 845 1.0
2 938 1.0
3 51 1.0
3 335 1.0
3 515 1.0
3 715 1.0
3 791 1.0
3 649 1.0
3 207 1.0
3 205 1.0
3 527 1.0
4 928 1.0
4 872 1.0
4 68 1.0
4 70 1.0
4 374 1.0
4 817 1.0
4 72 1.0
4 61 1.0
5 529 1.0
5 386 1.0
5 467 1.0
5 55 1.0
5 754 1.0
5 363 1.0
5 893 1.0
6 355 1.0
6 894 1.0
6 750 1.0
7 96 1.0
7 33 1.0
7 219 1.0
7 965 1.0
7 745 1.0
7 236 1.0
7 51 1.0
7 954 1.0
7 603 1.0
7 923 1.0
7 414 1.0
7 415 1.0
8 673 1.0
8 834 1.0
8 907 1.0
8 548 1.0
8 558 1.0
8 294 1.0
8 817 1.0
8 523 1.0
8 958 1.0
8 383 1.0
9 97 1.0
9 227 1.0
9 116 1.0
9 327 1.0
9 171 1.0
9 941 1.0
9 597 1.0
9 944 1.0
9 786 1.0
9 180 1.0
9 21 1.0
9 793 1.0
9 148 1.0
9 319 1.0
10 553 1.0
10 292 1.0
10 693 1.0
10 382 1.0
11 129 1.0
11 469 1.0
11 54 1.0
11 919 1.0
11 904 1.0
11 413 1.0
11 965 1.0
12 176 1.0
12 273 1.0
12 939 1.0
12 547 1.0
12 725 1.0
12 311 1.0
12 631 1.0
12 689 1.0
12 823 1.0
12 289 1.0
13 871 1.0
13 514 1.0
13 740 1.0
13 196 1.0
13 325 1.0
13 473 1.0
13 84 1.0
13 90 1.0
13 719 1.0
13 556 1.0
13 549 1.0
14 448 1.0
14 696 1.0
14 18 1.0
14 198 1.0
14 632 1.0
14 169 1.0
14 234 1.0
14 810 1.0
15 196 1.0
15 360 1.0
15 74 1.0
15 603 1.0
15 236 1.0
15 125 1.0
15 574 1.0
15 143 1.0
16 976 1.0
16 130 1.0
16 68 1.0
16 567 1.0
16 346 1.0
16 573 1.0
17 256 1.0
17 165 1.0
17 42 1.0
17 123 1.0
17 573 1.0
17 879 1.0
18 177 1.0
18 299 1.0
18 532 1.0
18 70 1.0
18 63 1.0
18 779 1.0
18 303 1.0
18 927 1.0
19 843 1.0
19 588 1.0
19 758 1.0
20 704 1.0
20 608 1.0
20 210 1.0
20 643 1.0
20 389 1.0
20 723 1.0
20 729 1.0
20 201 1.0
20 927 1.0
21 857 1.0
21 520 1.0
21 503 1.0
21 61 1.0
21 943 1.0
22 624 1.0
22 833 1.0
22 387 1.0
22 152 1.0
22 298 1.0
22 139 1.0
22 938 1.0
22 670 1.0
22 591 1.0
23 168 1.0
23 323 1.0
23 580 1.0
23 341 1.0
23 568 1.0
23 520 1.0
23 741 1.0
24 432 1.0
24 368 1.0
24 196 1.0
24 423 1.0
24 520 1.0
24 317 1.0
24 318 1.0
24 765 1.0
25 961 1.0
25 195 1.0
25 244 1.0
25 138 1.0
25 535 1.0
25 804 1.0
25 698 1.0
25 43 1.0
25 956 1.0
25 221 1.0
25 143 1.0
26 66 1.0
26 236 1.0
26 893 1.0
27 274 1.0
27 147 1.0
27 648 1.0
27 570 1.0
27 411 1.0
27 335 1.0
28 433 1.0
28 117 1.0
28 278 1.0
28 737 1.0
28 462 1.0
28 318 1.0
28 694 1.0
29 164 1.0
29 667 1.0
29 180 1.0
29 325 1.0
29 377 1.0
29 681 1.0
29 75 1.0
29 718 1.0
30 721 1.0
30 251 1.0
30 700 1.0
30 365 1.0
31 720 1.0
31 757 1.0
31 163 1.0
31 612 1.0
31 565 1.0
31 278 1.0
31 793 1.0
31 650 1.0
31 479 1.0
32 553 1.0
32 210 1.0
32 762 1.0
32 845 1.0
32 681 1.0
33 258 1.0
33 163 1.0
33 246 1.0
33 728 1.0
33 647 1.0
33 914 1.0
33 383 1.0
34 609 1.0
34 262 1.0
34 424 1.0
34 831 1.0
34 44 1.0
34 894 1.0
34 975 1.0
35 817 1.0
35 351 1.0
35 387 1.0
35 600 1.0
35 347 1.0
35 435 1.0
35 399 1.0
36 128 1.0
36 801 1.0
36 466 1.0
36 899 1.0
36 854 1.0
36 935 1.0
36 280 1.0
36 617 1.0
36 210 1.0
36 706 1.0
37 864 1.0
37 209 1.0
37 626 1.0
37 340 1.0
37 776 1.0
37 548 1.0
37 907 1.0
38 661 1.0
38 290 1.0
38 565 1.0
38 583 1.0
38 56 1.0
38 58 1.0
38 683 1.0
38 287 1.0
39 736 1.0
39 995 1.0
39 518 1.0
39 1000 1.0
39 908 1.0
39 786 1.0
39 306 1.0
39 626 1.0
39 856 1.0
39 858 1.0
39 347 1.0
39 157 1.0
39 894 1.0
40 976 1.0
40 685 1.0
40 434 1.0
40 963 1.0
40 789 1.0
40 284 1.0
40 589 1.0
40 286 1.0
40 703 1.0
41 336 1.0
41 529 1.0
41 388 1.0
41 638 1.0
41 310 1.0
41 56 1.0
41 281 1.0
41 634 1.0
41 613 1.0
41 126 1.0
41 229 1.0
42 288 1.0
42 260 1.0
42 502 1.0
42 849 1.0
42 184 1.0
42 740 1.0
42 557 1.0
43 98 1.0
43 278 1.0
43 72 1.0
43 474 1.0
43 557 1.0
43 527 1.0
44 784 1.0
44 724 1.0
44 647 1.0
44 680 1.0
44 180 1.0
44 186 1.0
44 395 1.0
45 361 1.0
45 550 1.0
45 663 1.0
46 593 1.0
46 869 1.0
46 812 1.0
46 537 1.0
46 315 1.0
46 284 1.0
46 93 1.0
47 304 1.0
47 790 1.0
47 502 1.0
47 558 1.0
48 512 1.0
48 664 1.0
48 327 1.0
48 536 1.0
48 236 1.0
48 459 1.0
48 988 1.0
49 856 1.0
49 468 1.0
49 565 1.0
49 769 1.0
49 152 1.0
49 763 1.0
49 556 1.0
50 561 1.0
50 355 1.0
50 934 1.0
50 151 1.0
50 687 1.0
50 191 1.0
51 994 1.0
51 996 1.0
51 389 1.0
51 136 1.0
51 492 1.0
51 141 1.0
51 592 1.0
51 241 1.0
51 547 1.0
51 85 1.0
51 803 1.0
52 818 1.0
52 396 1.0
52 102 1.0
52 135 1.0
52 552 1.0
52 921 1.0
52 202 1.0
52 779 1.0
52 892 1.0
53 600 1.0
53 282 1.0
53 643 1.0
53 380 1.0
53 365 1.0
54 66 1.0
54 180 1.0
54 406 1.0
54 690 1.0
54 1000 1.0
54 186 1.0
54 466 1.0
54 238 1.0
54 335 1.0
55 481 1.0
55 755 1.0
55 118 1.0
55 633 1.0
55 805 1.0
56 896 1.0
56 385 1.0
56 100 1.0
56 197 1.0
56 174 1.0
56 148 1.0
56 120 1.0
56 756 1.0
56 735 1.0
56 125 1.0
56 127 1.0
57 560 1.0
57 177 1.0
57 355 1.0
57 246 1.0
57 982 1.0
57 551 1.0
57 122 1.0
57 381 1.0
57 357 1.0
58 352 1.0
58 238 1.0
58 83 1.0
58 308 1.0
58 309 1.0
58 328 1.0
58 377 1.0
58 179 1.0
58 686 1.0
58 718 1.0
59 210 1.0
59 291 1.0
59 691 1.0
59 979 1.0
59 507 1.0
59 914 1.0
59 382 1.0
60 896 1.0
60 225 1.0
60 995 1.0
60 551 1.0
60 856 1.0
60 637 1.0
60 318 1.0
61 546 1.0
61 870 1.0
61 712 1.0
61 476 1.0
61 332 1.0
61 81 1.0
61 796 1.0
61 701 1.0
61 574 1.0
61 927 1.0
62 996 1.0
62 756 1.0
62 903 1.0
62 228 1.0
62 236 1.0
62 909 1.0
63 163 1.0
63 181 1.0
63 184 1.0
63 761 1.0
63 174 1.0
64 641 1.0
64 613 1.0
64 439 1.0
64 920 1.0
64 284 1.0
64 823 1.0
64 92 1.0
65 145 1.0
65 691 1.0
65 660 1.0
65 933 1.0
65 326 1.0
65 273 1.0
65 72 1.0
65 259 1.0
65 670 1.0
65 79 1.0
66 115 1.0
66 164 1.0
66 147 1.0
66 924 1.0
66 492 1.0
67 352 1.0
67 210 1.0
67 220 1.0
67 694 1.0
67 89 1.0
67 188 1.0
67 733 1.0
67 941 1.0
68 875 1.0
68 533 1.0
68 759 1.0
68 522 1.0
68 523 1.0
68 492 1.0
68 415 1.0
69 564 1.0
69 681 1.0
69 184 1.0
69 217 1.0
69 235 1.0
69 238 1.0
70 305 1.0
70 613 1.0
70 107 1.0
70 383 1.0
71 222 1.0
71 107 1.0
71 340 1.0
71 517 1.0
71 487 1.0
71 491 1.0
71 718 1.0
72 549 1.0
73 897 1.0
73 99 1.0
73 521 1.0
73 908 1.0
73 174 1.0
73 753 1.0
73 178 1.0
73 403 1.0
73 404 1.0
73 859 1.0
73 915 1.0
73 381 1.0
73 734 1.0
74 113 1.0
74 427 1.0
74 793 1.0
74 446 1.0
75 864 1.0
75 609 1.0
75 290 1.0
75 689 1.0
75 920 1.0
75 313 1.0
75 241 1.0
75 732 1.0
75 366 1.0
76 800 1.0
76 419 1.0
76 772 1.0
76 902 1.0
76 982 1.0
76 220 1.0
76 175 1.0
77 897 1.0
77 790 1.0
77 332 1.0
77 474 1.0
77 956 1.0
77 654 1.0
78 898 1.0
78 139 1.0
78 421 1.0
78 520 1.0
78 777 1.0
78 843 1.0
78 728 1.0
78 175 1.0
78 328 1.0
78 469 1.0
78 470 1.0
78 536 1.0
78 933 1.0
79 179 1.0
79 709 1.0
79 457 1.0
79 297 1.0
79 428 1.0
79 175 1.0
80 848 1.0
80 610 1.0
80 371 1.0
80 789 1.0
80 312 1.0
80 930 1.0
80 114 1.0
80 590 1.0
80 143 1.0
81 791 1.0
81 897 1.0
81 259 1.0
81 793 1.0
81 424 1.0
81 249 1.0
81 282 1.0
81 119 1.0
81 733 1.0
82 129 1.0
82 658 1.0
82 278 1.0
82 90 1.0
82 322 1.0
82 476 1.0
82 797 1.0
82 270 1.0
82 223 1.0
83 733 1.0
83 485 1.0
83 954 1.0
83 687 1.0
84 416 1.0
84 485 1.0
84 925 1.0
84 299 1.0
84 796 1.0
84 238 1.0
84 717 1.0
85 164 1.0
85 165 1.0
85 470 1.0
85 489 1.0
85 733 1.0
85 421 1.0
86 944 1.0
86 513 1.0
86 306 1.0
86 533 1.0
86 282 1.0
86 578 1.0
87 437 1.0
87 233 1.0
87 282 1.0
87 507 1.0
87 108 1.0
87 559 1.0
88 800 1.0
88 894 1.0
88 134 1.0
88 887 1.0
88 424 1.0
88 314 1.0
88 412 1.0
88 765 1.0
88 702 1.0
89 560 1.0
89 961 1.0
89 513 1.0
89 661 1.0
89 294 1.0
89 983 1.0
89 843 1.0
90 661 1.0
90 481 1.0
90 867 1.0
90 932 1.0
90 437 1.0
90 218 1.0
90 890 1.0
90 219 1.0
90 255 1.0
91 600 1.0
91 970 1.0
91 482 1.0
91 610 1.0
91 894 1.0
92 630 1.0
92 374 1.0
92 140 1.0
92 957 1.0
92 447 1.0
93 257 1.0
93 605 1.0
93 581 1.0
93 423 1.0
93 508 1.0
93 139 1.0
93 590 1.0
93 353 1.0
93 351 1.0
94 673 1.0
94 453 1.0
94 685 1.0
95 400 1.0
95 339 1.0
95 846 1.0
95 373 1.0
95 438 1.0
95 119 1.0
95 392 1.0
95 259 1.0
95 620 1.0
95 718 1.0
95 719 1.0
96 704 1.0
96 241 1.0
96 178 1.0
96 416 1.0
96 421 1.0
96 297 1.0
96 599 1.0
96 350 1.0
96 527 1.0
97 833 1.0
97 962 1.0
97 868 1.0
97 678 1.0
97 266 1.0
97 652 1.0
97 269 1.0
97 445 1.0
97 954 1.0
97 183 1.0
97 538 1.0
97 383 1.0
97 413 1.0
97 351 1.0
98 699 1.0
98 854 1.0
98 835 1.0
98 107 1.0
98 684 1.0
98 671 1.0
99 416 1.0
99 850 1.0
99 149 1.0
99 603 1.0
99 685 1.0
100 705 1.0
100 884 1.0
100 358 1.0
100 871 1.0
100 649 1.0
100 635 1.0
100 588 1.0
101 688 1.0
101 209 1.0
101 674 1.0
101 519 1.0
101 679 1.0
101 442 1.0
101 363 1.0
101 605 1.0
101 895 1.0
102 384 1.0
102 856 1.0
102 491 1.0
102 502 1.0
102 295 1.0
102 552 1.0
102 169 1.0
102 123 1.0
103 128 1.0
103 881 1.0
103 165 1.0
103 328 1.0
103 321 1.0
103 152 1.0
103 857 1.0
103 333 1.0
104 240 1.0
104 353 1.0
104 482 1.0
104 869 1.0
104 821 1.0
104 385 1.0
104 119 1.0
104 796 1.0
104 304 1.0
105 336 1.0
105 865 1.0
105 691 1.0
105 375 1.0
105 328 1.0
105 953 1.0
105 743 1.0
106 276 1.0
106 967 1.0
106 151 1.0
106 600 1.0
106 729 1.0
106 362 1.0
106 107 1.0
106 412 1.0
106 349 1.0
106 813 1.0
107 739 1.0
107 296 1.0
107 263 1.0
107 589 1.0
107 173 1.0
107 148 1.0
107 278 1.0
107 249 1.0
107 537 1.0
108 544 1.0
108 561 1.0
108 322 1.0
108 998 1.0
108 886 1.0
108 776 1.0
108 842 1.0
108 638 1.0
109 192 1.0
109 865 1.0
109 357 1.0
109 182 1.0
109 295 1.0
109 297 1.0
109 729 1.0
109 775 1.0
109 333 1.0
109 768 1.0
110 715 1.0
110 742 1.0
110 518 1.0
110 954 1.0
110 843 1.0
110 590 1.0
111 305 1.0
111 819 1.0
111 996 1.0
111 358 1.0
111 742 1.0
111 807 1.0
111 968 1.0
111 875 1.0
111 571 1.0
111 431 1.0
112 258 1.0
112 547 1.0
112 340 1.0
112 454 1.0
112 569 1.0
112 746 1.0
112 763 1.0
112 524 1.0
112 794 1.0
112 142 1.0
113 864 1.0
113 721 1.0
113 290 1.0
113 764 1.0
113 603 1.0
113 188 1.0
113 602 1.0
113 815 1.0
114 712 1.0
114 786 1.0
114 531 1.0
114 691 1.0
114 216 1.0
114 745 1.0
114 826 1.0
114 860 1.0
114 381 1.0
114 877 1.0
115 784 1.0
115 177 1.0
115 984 1.0
115 641 1.0
115 872 1.0
115 905 1.0
115 410 1.0
115 354 1.0
115 812 1.0
115 988 1.0
116 289 1.0
116 771 1.0
116 715 1.0
116 845 1.0
116 206 1.0
116 239 1.0
116 914 1.0
116 563 1.0
116 214 1.0
116 636 1.0
116 541 1.0
116 350 1.0
117 337 1.0
117 498 1.0
117 133 1.0
117 326 1.0
117 600 1.0
117 917 1.0
117 613 1.0
117 909 1.0
117 933 1.0
117 418 1.0
118 192 1.0
118 400 1.0
118 373 1.0
118 574 1.0
119 720 1.0
119 887 1.0
119 694 1.0
119 790 1.0
119 321 1.0
119 207 1.0
119 892 1.0
119 126 1.0
120 184 1.0
120 563 1.0
120 886 1.0
120 529 1.0
120 329 1.0
120 138 1.0
120 202 1.0
121 868 1.0
121 611 1.0
121 668 1.0
121 677 1.0
122 672 1.0
122 774 1.0
122 713 1.0
122 136 1.0
122 271 1.0
123 804 1.0
123 886 1.0
123 433 1.0
123 824 1.0
123 503 1.0
123 907 1.0
124 164 1.0
124 953 1.0
124 396 1.0
124 954 1.0
124 559 1.0
124 348 1.0
124 813 1.0
124 367 1.0
125 352 1.0
125 818 1.0
125 879 1.0
125 133 1.0
125 379 1.0
125 958 1.0
126 720 1.0
126 833 1.0
126 594 1.0
126 453 1.0
126 825 1.0
126 517 1.0
127 653 1.0
127 685 1.0
127 612 1.0
127 597 1.0
127 949 1.0
127 186 1.0
127 876 1.0
127 317 1.0
127 638 1.0
127 349 1.0
128 805 1.0
128 551 1.0
128 907 1.0
128 316 1.0
129 232 1.0
129 172 1.0
129 573 1.0
129 399 1.0
130 305 1.0
130 819 1.0
130 148 1.0
130 336 1.0
130 321 1.0
130 176 1.0
130 799 1.0
131 482 1.0
131 227 1.0
131 965 1.0
131 694 1.0
131 889 1.0
131 636 1.0
131 253 1.0
131 990 1.0
131 733 1.0
132 192 1.0
132 433 1.0
132 306 1.0
132 628 1.0
132 326 1.0
132 199 1.0
132 548 1.0
132 386 1.0
132 574 1.0
133 768 1.0
133 627 1.0
133 979 1.0
133 345 1.0
133 137 1.0
133 654 1.0
133 255 1.0
134 259 1.0
134 852 1.0
134 389 1.0
134 950 1.0
134 780 1.0
134 190 1.0
134 885 1.0
135 958 1.0
135 678 1.0
135 407 1.0
135 616 1.0
135 909 1.0
135 491 1.0
135 845 1.0
135 925 1.0
135 237 1.0
136 482 1.0
136 421 1.0
136 998 1.0
136 634 1.0
136 895 1.0
137 258 1.0
137 583 1.0
137 300 1.0
137 623 1.0
138 289 1.0
138 977 1.0
138 883 1.0
138 698 1.0
138 154 1.0
138 298 1.0
139 304 1.0
139 692 1.0
139 886 1.0
139 284 1.0
139 543 1.0
139 876 1.0
139 847 1.0
140 652 1.0
140 358 1.0
140 535 1.0
140 424 1.0
140 185 1.0
140 671 1.0
141 274 1.0
141 277 1.0
141 951 1.0
141 968 1.0
141 893 1.0
142 628 1.0
142 340 1.0
142 438 1.0
142 804 1.0
142 681 1.0
142 975 1.0
143 912 1.0
143 964 1.0
143 458 1.0
143 983 1.0
143 622 1.0
143 879 1.0
143 786 1.0
143 627 1.0
143 217 1.0
143 623 1.0
144 259 1.0
144 292 1.0
144 197 1.0
144 167 1.0
144 972 1.0
144 202 1.0
144 843 1.0
144 812 1.0
144 941 1.0
144 772 1.0
144 370 1.0
144 181 1.0
144 758 1.0
144 153 1.0
145 317 1.0
145 773 1.0
145 759 1.0
146 640 1.0
146 352 1.0
146 708 1.0
146 805 1.0
146 788 1.0
146 625 1.0
146 505 1.0
146 445 1.0
146 990 1.0
146 911 1.0
147 531 1.0
147 404 1.0
147 197 1.0
147 344 1.0
147 811 1.0
147 634 1.0
148 801 1.0
148 813 1.0
148 550 1.0
148 329 1.0
148 666 1.0
148 362 1.0
148 351 1.0
149 920 1.0
149 529 1.0
149 957 1.0
149 439 1.0
150 656 1.0
150 465 1.0
150 997 1.0
150 550 1.0
150 711 1.0
150 504 1.0
150 696 1.0
150 411 1.0
150 989 1.0
151 785 1.0
151 819 1.0
151 886 1.0
151 170 1.0
151 202 1.0
151 331 1.0
151 637 1.0
151 750 1.0
152 434 1.0
152 547 1.0
152 503 1.0
152 758 1.0
152 407 1.0
152 225 1.0
152 961 1.0
153 772 1.0
153 446 1.0
153 886 1.0
153 493 1.0
154 713 1.0
154 841 1.0
155 818 1.0
155 195 1.0
155 941 1.0
155 663 1.0
156 250 1.0
156 555 1.0
156 844 1.0
156 918 1.0
156 646 1.0
157 291 1.0
157 452 1.0
157 685 1.0
157 237 1.0
157 305 1.0
157 883 1.0
157 692 1.0
157 630 1.0
157 857 1.0
157 825 1.0
157 826 1.0
157 539 1.0
158 333 1.0
158 542 1.0
158 461 1.0
159 560 1.0
159 375 1.0
159 391 1.0
159 694 1.0
159 839 1.0
159 684 1.0
159 634 1.0
159 631 1.0
159 268 1.0
159 975 1.0
160 896 1.0
160 522 1.0
160 471 1.0
160 330 1.0
160 797 1.0
160 223 1.0
161 336 1.0
161 768 1.0
161 952 1.0
161 501 1.0
161 886 1.0
161 785 1.0
161 872 1.0
161 986 1.0
161 894 1.0
161 881 1.0
162 176 1.0
162 370 1.0
162 883 1.0
162 406 1.0
162 230 1.0
162 295 1.0
162 232 1.0
162 807 1.0
162 412 1.0
162 526 1.0
163 722 1.0
163 379 1.0
163 405 1.0
163 935 1.0
163 909 1.0
164 785 1.0
164 519 1.0
164 649 1.0
164 695 1.0
164 492 1.0
165 544 1.0
165 421 1.0
166 961 1.0
166 553 1.0
166 523 1.0
166 252 1.0
166 398 1.0
166 655 1.0
167 824 1.0
167 482 1.0
167 966 1.0
167 1000 1.0
167 378 1.0
167 930 1.0
168 416 1.0
168 209 1.0
168 882 1.0
168 219 1.0
168 964 1.0
168 565 1.0
168 535 1.0
168 225 1.0
168 363 1.0
168 427 1.0
169 705 1.0
169 654 1.0
169 662 1.0
169 504 1.0
169 543 1.0
169 871 1.0
169 332 1.0
169 413 1.0
169 605 1.0
170 817 1.0
170 797 1.0
170 901 1.0
170 997 1.0
170 700 1.0
170 461 1.0
170 175 1.0
171 464 1.0
171 898 1.0
171 998 1.0
171 233 1.0
171 969 1.0
171 973 1.0
171 863 1.0
171 893 1.0
171 930 1.0
172 328 1.0
172 676 1.0
172 774 1.0
172 312 1.0
172 618 1.0
172 493 1.0
173 503 1.0
174 419 1.0
174 651 1.0
174 982 1.0
174 713 1.0
174 523 1.0
174 781 1.0
174 297 1.0
174 632 1.0
174 506 1.0
175 898 1.0
175 707 1.0
175 422 1.0
175 201 1.0
175 466 1.0
175 890 1.0
175 572 1.0
175 735 1.0
176 849 1.0
176 660 1.0
176 871 1.0
176 491 1.0
176 639 1.0
177 224 1.0
177 209 1.0
177 961 1.0
177 332 1.0
178 865 1.0
178 802 1.0
178 676 1.0
178 717 1.0
178 910 1.0
178 824 1.0
178 850 1.0
178 312 1.0
178 412 1.0
178 914 1.0
179 785 1.0
179 951 1.0
179 761 1.0
179 555 1.0
179 671 1.0
179 191 1.0
180 244 1.0
180 805 1.0
180 889 1.0
180 909 1.0
180 571 1.0
180 303 1.0
181 280 1.0
181 192 1.0
182 705 1.0
182 790 1.0
182 710 1.0
182 398 1.0
182 888 1.0
182 500 1.0
182 854 1.0
182 504 1.0
182 191 1.0
182 668 1.0
182 581 1.0
183 481 1.0
183 258 1.0
183 675 1.0
183 929 1.0
183 236 1.0
183 717 1.0
183 369 1.0
183 497 1.0
183 882 1.0
183 821 1.0
183 577 1.0
183 695 1.0
183 478 1.0
184 656 1.0
184 572 1.0
184 540 1.0
184 430 1.0
185 977 1.0
185 652 1.0
185 633 1.0
185 389 1.0
185 273 1.0
185 585 1.0
186 282 1.0
186 457 1.0
186 394 1.0
186 939 1.0
186 941 1.0
186 785 1.0
186 858 1.0
186 820 1.0
186 990 1.0
186 696 1.0
186 345 1.0
186 794 1.0
186 220 1.0
186 266 1.0
186 286 1.0
187 385 1.0
187 898 1.0
187 971 1.0
187 513 1.0
187 503 1.0
187 839 1.0
187 953 1.0
187 955 1.0
187 462 1.0
188 355 1.0
188 905 1.0
188 446 1.0
188 335 1.0
189 608 1.0
189 913 1.0
189 468 1.0
189 601 1.0
189 839 1.0
189 536 1.0
189 212 1.0
189 455 1.0
189 447 1.0
190 497 1.0
190 450 1.0
190 755 1.0
190 820 1.0
190 410 1.0
190 235 1.0
190 195 1.0
190 378 1.0
190 383 1.0
191 512 1.0
191 985 1.0
191 601 1.0
191 907 1.0
191 780 1.0
191 671 1.0
192 353 1.0
192 195 1.0
192 833 1.0
192 620 1.0
192 238 1.0
192 877 1.0
192 466 1.0
192 951 1.0
192 984 1.0
192 825 1.0
192 412 1.0
193 818 1.0
193 244 1.0
193 597 1.0
193 422 1.0
193 759 1.0
193 954 1.0
193 859 1.0
193 732 1.0
193 285 1.0
193 402 1.0
193 701 1.0
194 467 1.0
194 873 1.0
194 569 1.0
194 875 1.0
194 206 1.0
194 303 1.0
195 580 1.0
195 937 1.0
195 653 1.0
195 846 1.0
195 286 1.0
195 630 1.0
195 329 1.0
195 757 1.0
196 676 1.0
196 549 1.0
196 934 1.0
196 809 1.0
196 334 1.0
196 495 1.0
196 242 1.0
196 244 1.0
196 246 1.0
197 777 1.0
197 239 1.0
197 370 1.0
197 244 1.0
197 341 1.0
197 407 1.0
197 346 1.0
197 284 1.0
197 506 1.0
197 318 1.0
198 688 1.0
198 593 1.0
198 878 1.0
198 292 1.0
198 574 1.0
198 646 1.0
198 728 1.0
198 586 1.0
198 618 1.0
199 532 1.0
199 231 1.0
199 760 1.0
199 893 1.0
199 239 1.0
200 791 1.0
201 610 1.0
201 895 1.0
201 884 1.0
201 681 1.0
201 347 1.0
202 976 1.0
202 834 1.0
202 371 1.0
202 994 1.0
202 381 1.0
202 494 1.0
202 735 1.0
203 801 1.0
203 643 1.0
203 251 1.0
203 715 1.0
203 703 1.0
204 672 1.0
204 211 1.0
204 428 1.0
204 309 1.0
204 813 1.0
205 497 1.0
205 484 1.0
205 965 1.0
205 931 1.0
205 943 1.0
206 388 1.0
206 458 1.0
206 717 1.0
206 877 1.0
206 559 1.0
206 337 1.0
206 466 1.0
206 854 1.0
206 868 1.0
206 474 1.0
206 796 1.0
206 346 1.0
206 446 1.0
207 276 1.0
207 745 1.0
207 234 1.0
207 285 1.0
207 671 1.0
208 929 1.0
208 690 1.0
208 819 1.0
208 732 1.0
209 520 1.0
209 549 1.0
209 814 1.0
209 399 1.0
209 979 1.0
209 566 1.0
209 297 1.0
209 763 1.0
209 255 1.0
210 880 1.0
210 494 1.0
210 528 1.0
210 437 1.0
210 760 1.0
210 794 1.0
210 638 1.0
211 272 1.0
211 929 1.0
211 946 1.0
211 613 1.0
211 967 1.0
211 791 1.0
211 779 1.0
211 317 1.0
211 949 1.0
212 689 1.0
212 755 1.0
212 933 1.0
212 823 1.0
212 555 1.0
212 652 1.0
212 223 1.0
212 613 1.0
213 467 1.0
213 422 1.0
213 936 1.0
213 857 1.0
213 331 1.0
213 734 1.0
213 751 1.0
214 611 1.0
214 261 1.0
214 743 1.0
214 490 1.0
214 496 1.0
214 594 1.0
214 629 1.0
214 567 1.0
214 248 1.0
214 571 1.0
214 796 1.0
214 714 1.0
214 478 1.0
214 319 1.0
215 656 1.0
215 513 1.0
215 742 1.0
215 423 1.0
215 280 1.0
215 519 1.0
215 427 1.0
215 460 1.0
216 448 1.0
216 551 1.0
216 951 1.0
216 263 1.0
217 258 1.0
217 675 1.0
217 932 1.0
217 678 1.0
217 420 1.0
218 306 1.0
218 729 1.0
218 517 1.0
218 473 1.0
218 265 1.0
218 613 1.0
218 269 1.0
218 541 1.0
219 281 1.0
219 890 1.0
219 271 1.0
220 336 1.0
220 645 1.0
220 682 1.0
220 741 1.0
221 690 1.0
221 987 1.0
221 643 1.0
221 599 1.0
221 763 1.0
221 663 1.0
221 767 1.0
221 361 1.0
222 407 1.0
222 963 1.0
222 446 1.0
223 672 1.0
223 676 1.0
223 667 1.0
223 802 1.0
223 991 1.0
224 416 1.0
224 250 1.0
224 459 1.0
224 738 1.0
225 343 1.0
225 515 1.0
225 905 1.0
225 395 1.0
225 777 1.0
225 834 1.0
225 302 1.0
225 913 1.0
225 233 1.0
225 570 1.0
225 254 1.0
225 383 1.0
226 241 1.0
226 706 1.0
226 291 1.0
226 662 1.0
226 782 1.0
227 914 1.0
227 852 1.0
227 812 1.0
227 236 1.0
227 777 1.0
227 819 1.0
228 960 1.0
228 417 1.0
228 315 1.0
228 839 1.0
228 681 1.0
228 523 1.0
228 460 1.0
228 398 1.0
228 923 1.0
228 769 1.0
228 865 1.0
229 312 1.0
229 633 1.0
229 665 1.0
230 840 1.0
230 931 1.0
230 724 1.0
230 806 1.0
230 855 1.0
230 696 1.0
230 494 1.0
230 463 1.0
231 870 1.0
231 580 1.0
231 617 1.0
231 601 1.0
231 440 1.0
231 969 1.0
231 554 1.0
231 335 1.0
232 672 1.0
232 350 1.0
232 238 1.0
232 263 1.0
232 863 1.0
232 541 1.0
232 526 1.0
232 800 1.0
233 454 1.0
233 486 1.0
233 842 1.0
233 363 1.0
233 302 1.0
233 240 1.0
233 306 1.0
233 750 1.0
233 902 1.0
233 574 1.0
234 656 1.0
234 369 1.0
234 692 1.0
234 776 1.0
234 474 1.0
234 827 1.0
234 304 1.0
234 957 1.0
235 256 1.0
235 929 1.0
235 502 1.0
235 807 1.0
235 792 1.0
235 458 1.0
236 286 1.0
236 566 1.0
236 647 1.0
237 775 1.0
237 408 1.0
237 572 1.0
237 493 1.0
237 574 1.0
238 806 1.0
238 522 1.0
238 428 1.0
238 334 1.0
238 915 1.0
238 506 1.0
239 994 1.0
239 243 1.0
239 554 1.0
239 571 1.0
239 300 1.0
239 606 1.0
240 284 1.0
240 525 1.0
240 463 1.0
241 500 1.0
241 885 1.0
241 856 1.0
241 843 1.0
241 254 1.0
242 945 1.0
242 998 1.0
242 865 1.0
242 297 1.0
242 382 1.0
242 719 1.0
243 418 1.0
243 787 1.0
243 245 1.0
243 935 1.0
243 457 1.0
243 731 1.0
243 574 1.0
244 457 1.0
244 263 1.0
244 682 1.0
244 732 1.0
244 996 1.0
245 362 1.0
245 740 1.0
245 837 1.0
245 407 1.0
246 288 1.0
246 493 1.0
246 461 1.0
246 594 1.0
246 821 1.0
246 439 1.0
246 314 1.0
246 281 1.0
246 765 1.0
246 255 1.0
247 372 1.0
247 277 1.0
247 278 1.0
247 391 1.0
247 361 1.0
247 955 1.0
247 830 1.0
248 816 1.0
248 659 1.0
248 734 1.0
248 725 1.0
249 672 1.0
249 466 1.0
249 947 1.0
249 931 1.0
249 713 1.0
249 588 1.0
249 701 1.0
250 930 1.0
250 645 1.0
250 774 1.0
250 951 1.0
250 716 1.0
250 988 1.0
250 677 1.0
251 824 1.0
251 959 1.0
251 998 1.0
251 680 1.0
251 867 1.0
251 746 1.0
251 299 1.0
251 988 1.0
251 888 1.0
252 688 1.0
252 753 1.0
252 372 1.0
252 293 1.0
252 877 1.0
252 956 1.0
252 829 1.0
252 910 1.0
252 837 1.0
253 621 1.0
253 325 1.0
253 541 1.0
254 930 1.0
254 372 1.0
254 278 1.0
254 797 1.0
254 509 1.0
255 639 1.0
256 402 1.0
256 391 1.0
256 725 1.0
256 529 1.0
256 703 1.0
257 352 1.0
257 481 1.0
257 797 1.0
257 392 1.0
257 781 1.0
258 641 1.0
258 697 1.0
258 724 1.0
258 632 1.0
258 735 1.0
259 421 1.0
259 609 1.0
259 968 1.0
259 598 1.0
259 472 1.0
259 860 1.0
259 349 1.0
259 319 1.0
260 448 1.0
260 960 1.0
260 931 1.0
260 307 1.0
260 852 1.0
260 967 1.0
260 648 1.0
260 916 1.0
260 426 1.0
261 421 1.0
261 988 1.0
261 314 1.0
261 444 1.0
261 286 1.0
262 793 1.0
262 699 1.0
262 674 1.0
262 525 1.0
263 412 1.0
263 299 1.0
263 327 1.0
263 569 1.0
263 906 1.0
263 403 1.0
264 530 1.0
264 467 1.0
264 644 1.0
264 549 1.0
264 940 1.0
264 634 1.0
264 476 1.0
264 642 1.0
265 481 1.0
265 354 1.0
265 766 1.0
265 518 1.0
265 650 1.0
265 462 1.0
266 686 1.0
266 977 1.0
266 779 1.0
266 766 1.0
267 888 1.0
267 285 1.0
267 350 1.0
268 865 1.0
268 563 1.0
268 693 1.0
268 289 1.0
268 749 1.0
268 286 1.0
269 754 1.0
269 535 1.0
269 414 1.0
269 895 1.0
270 737 1.0
270 599 1.0
270 680 1.0
270 618 1.0
270 524 1.0
271 279 1.0
271 315 1.0
271 870 1.0
271 998 1.0
271 727 1.0
272 448 1.0
272 796 1.0
272 565 1.0
272 949 1.0
273 352 1.0
273 595 1.0
273 643 1.0
273 822 1.0
273 929 1.0
273 433 1.0
273 463 1.0
274 838 1.0
275 289 1.0
275 977 1.0
275 801 1.0
275 970 1.0
275 599 1.0
275 396 1.0
275 621 1.0
276 944 1.0
276 722 1.0
276 979 1.0
276 471 1.0
276 792 1.0
276 935 1.0
276 972 1.0
276 861 1.0
277 778 1.0
277 534 1.0
277 570 1.0
277 701 1.0
278 676 1.0
278 742 1.0
278 680 1.0
278 329 1.0
278 823 1.0
278 899 1.0
278 853 1.0
279 564 1.0
279 796 1.0
279 551 1.0
279 996 1.0
279 284 1.0
279 910 1.0
280 486 1.0
280 534 1.0
280 331 1.0
280 940 1.0
280 647 1.0
281 288 1.0
281 683 1.0
281 740 1.0
281 710 1.0
281 523 1.0
281 428 1.0
281 951 1.0
281 730 1.0
281 572 1.0
282 440 1.0
282 761 1.0
283 944 1.0
284 560 1.0
284 971 1.0
284 509 1.0
284 382 1.0
284 671 1.0
285 371 1.0
285 803 1.0
285 940 1.0
285 811 1.0
286 588 1.0
286 595 1.0
286 569 1.0
286 367 1.0
287 900 1.0
287 517 1.0
287 311 1.0
287 566 1.0
287 489 1.0
287 410 1.0
287 731 1.0
287 414 1.0
288 550 1.0
288 615 1.0
288 296 1.0
288 917 1.0
289 930 1.0
289 517 1.0
289 844 1.0
289 841 1.0
289 524 1.0
289 752 1.0
289 539 1.0
289 348 1.0
290 610 1.0
290 980 1.0
290 630 1.0
290 776 1.0
290 618 1.0
290 861 1.0
290 482 1.0
291 683 1.0
291 597 1.0
291 694 1.0
291 537 1.0
291 489 1.0
291 748 1.0
291 764 1.0
292 753 1.0
292 999 1.0
292 888 1.0
293 324 1.0
293 988 1.0
293 873 1.0
293 657 1.0
294 325 1.0
294 758 1.0
294 891 1.0
294 941 1.0
294 613 1.0
295 624 1.0
295 659 1.0
295 524 1.0
295 363 1.0
295 396 1.0
295 398 1.0
296 368 1.0
296 594 1.0
296 459 1.0
296 325 1.0
296 586 1.0
296 453 1.0
297 553 1.0
297 351 1.0
297 304 1.0
298 604 1.0
298 420 1.0
298 936 1.0
298 468 1.0
298 508 1.0
298 698 1.0
299 961 1.0
299 843 1.0
299 518 1.0
299 810 1.0
299 363 1.0
299 338 1.0
299 370 1.0
299 760 1.0
299 857 1.0
300 481 1.0
300 406 1.0
300 623 1.0
300 413 1.0
301 945 1.0
301 915 1.0
301 505 1.0
301 571 1.0
301 972 1.0
301 493 1.0
301 878 1.0
301 653 1.0
302 802 1.0
303 851 1.0
303 308 1.0
303 866 1.0
304 801 1.0
304 327 1.0
304 754 1.0
304 883 1.0
304 694 1.0
304 615 1.0
304 350 1.0
305 465 1.0
305 467 1.0
305 680 1.0
305 410 1.0
305 483 1.0
305 442 1.0
306 321 1.0
306 842 1.0
306 957 1.0
307 992 1.0
307 526 1.0
307 326 1.0
307 845 1.0
308 661 1.0
308 440 1.0
308 572 1.0
308 479 1.0
309 851 1.0
309 806 1.0
310 881 1.0
310 404 1.0
310 549 1.0
310 649 1.0
310 551 1.0
311 469 1.0
311 917 1.0
311 507 1.0
311 589 1.0
312 835 1.0
312 900 1.0
312 776 1.0
312 700 1.0
312 554 1.0
312 818 1.0
312 469 1.0
313 875 1.0
313 344 1.0
313 323 1.0
313 818 1.0
314 343 1.0
314 780 1.0
314 428 1.0
315 800 1.0
315 920 1.0
315 908 1.0
316 627 1.0
316 820 1.0
316 890 1.0
316 459 1.0
316 622 1.0
317 952 1.0
317 386 1.0
317 465 1.0
317 892 1.0
317 940 1.0
317 530 1.0
317 466 1.0
317 857 1.0
317 924 1.0
317 894 1.0
318 736 1.0
318 737 1.0
318 331 1.0
318 927 1.0
318 599 1.0
318 877 1.0
318 847 1.0
318 471 1.0
318 911 1.0
318 581 1.0
319 596 1.0
319 664 1.0
319 428 1.0
319 893 1.0
320 696 1.0
320 466 1.0
320 532 1.0
320 429 1.0
321 659 1.0
321 671 1.0
322 948 1.0
322 372 1.0
323 806 1.0
323 872 1.0
323 425 1.0
323 810 1.0
323 493 1.0
323 623 1.0
323 916 1.0
323 918 1.0
323 826 1.0
323 858 1.0
324 528 1.0
324 1000 1.0
324 882 1.0
324 404 1.0
324 727 1.0
324 936 1.0
324 539 1.0
324 847 1.0
325 798 1.0
325 461 1.0
325 355 1.0
325 686 1.0
326 710 1.0
326 705 1.0
326 874 1.0
326 843 1.0
326 497 1.0
326 967 1.0
326 407 1.0
326 868 1.0
326 469 1.0
327 708 1.0
327 774 1.0
327 455 1.0
327 392 1.0
327 521 1.0
327 372 1.0
327 564 1.0
327 628 1.0
327 639 1.0
328 989 1.0
328 677 1.0
328 1000 1.0
328 815 1.0
328 746 1.0
328 741 1.0
329 928 1.0
329 547 1.0
329 552 1.0
329 667 1.0
329 387 1.0
329 718 1.0
330 995 1.0
330 453 1.0
330 526 1.0
330 493 1.0
331 707 1.0
331 359 1.0
331 663 1.0
331 783 1.0
331 350 1.0
331 662 1.0
331 536 1.0
331 447 1.0
332 469 1.0
332 570 1.0
332 933 1.0
332 458 1.0
332 590 1.0
333 496 1.0
333 417 1.0
333 610 1.0
333 416 1.0
333 504 1.0
333 585 1.0
333 745 1.0
334 706 1.0
334 387 1.0
334 789 1.0
334 854 1.0
334 345 1.0
334 395 1.0
334 483 1.0
334 850 1.0
334 815 1.0
335 746 1.0
335 622 1.0
335 911 1.0
335 592 1.0
335 595 1.0
335 980 1.0
335 920 1.0
335 345 1.0
336 928 1.0
336 483 1.0
336 582 1.0
336 427 1.0
336 621 1.0
336 654 1.0
336 435 1.0
336 962 1.0
337 707 1.0
337 644 1.0
337 811 1.0
337 431 1.0
337 427 1.0
337 686 1.0
338 864 1.0
338 901 1.0
338 582 1.0
338 807 1.0
338 632 1.0
338 665 1.0
338 870 1.0
338 379 1.0
338 637 1.0
338 719 1.0
339 690 1.0
339 787 1.0
339 454 1.0
339 662 1.0
339 711 1.0
339 873 1.0
339 890 1.0
339 700 1.0
339 549 1.0
340 720 1.0
340 932 1.0
340 458 1.0
340 463 1.0
340 692 1.0
340 922 1.0
340 635 1.0
340 410 1.0
340 606 1.0
341 890 1.0
341 827 1.0
341 556 1.0
341 589 1.0
341 991 1.0
342 496 1.0
342 624 1.0
342 468 1.0
342 457 1.0
342 388 1.0
342 554 1.0
343 880 1.0
343 835 1.0
343 496 1.0
343 791 1.0
343 743 1.0
343 696 1.0
343 795 1.0
343 382 1.0
343 859 1.0
344 643 1.0
344 358 1.0
344 939 1.0
344 620 1.0
344 664 1.0
344 661 1.0
344 728 1.0
344 409 1.0
344 670 1.0
344 917 1.0
345 560 1.0
345 369 1.0
345 658 1.0
345 915 1.0
345 484 1.0
345 718 1.0
345 827 1.0
346 765 1.0
346 741 1.0
347 627 1.0
347 724 1.0
347 757 1.0
347 438 1.0
347 684 1.0
348 352 1.0
348 723 1.0
348 992 1.0
348 444 1.0
349 709 1.0
349 839 1.0
349 425 1.0
349 754 1.0
349 496 1.0
349 498 1.0
349 437 1.0
349 891 1.0
349 767 1.0
350 693 1.0
350 481 1.0
350 492 1.0
350 972 1.0
350 814 1.0
351 902 1.0
351 870 1.0
351 908 1.0
351 491 1.0
351 541 1.0
351 557 1.0
352 820 1.0
352 629 1.0
352 522 1.0
353 867 1.0
353 822 1.0
353 538 1.0
353 702 1.0
354 561 1.0
354 996 1.0
354 957 1.0
354 532 1.0
355 420 1.0
356 404 1.0
356 715 1.0
356 428 1.0
356 971 1.0
357 1000 1.0
357 915 1.0
357 616 1.0
357 795 1.0
357 987 1.0
358 977 1.0
358 467 1.0
358 975 1.0
359 896 1.0
359 450 1.0
359 460 1.0
359 541 1.0
359 990 1.0
359 863 1.0
360 705 1.0
360 882 1.0
360 787 1.0
360 372 1.0
360 755 1.0
360 919 1.0
360 728 1.0
360 989 1.0
360 899 1.0
360 797 1.0
361 931 1.0
361 468 1.0
361 694 1.0
361 632 1.0
361 387 1.0
362 538 1.0
362 517 1.0
362 895 1.0
362 477 1.0
363 768 1.0
363 452 1.0
363 748 1.0
363 703 1.0
364 859 1.0
364 435 1.0
364 546 1.0
365 498 1.0
365 567 1.0
365 634 1.0
365 636 1.0
365 949 1.0
366 384 1.0
366 656 1.0
366 773 1.0
366 390 1.0
366 830 1.0
367 640 1.0
367 465 1.0
367 852 1.0
367 510 1.0
367 729 1.0
367 868 1.0
367 671 1.0
368 608 1.0
368 472 1.0
368 406 1.0
368 396 1.0
368 861 1.0
369 816 1.0
369 529 1.0
369 434 1.0
369 851 1.0
369 722 1.0
370 927 1.0
370 438 1.0
370 534 1.0
370 954 1.0
370 757 1.0
371 472 1.0
371 498 1.0
371 950 1.0
371 849 1.0
371 440 1.0
371 600 1.0
371 508 1.0
371 510 1.0
372 628 1.0
372 790 1.0
372 450 1.0
373 773 1.0
373 764 1.0
373 381 1.0
373 911 1.0
374 640 1.0
374 952 1.0
374 693 1.0
375 931 1.0
375 758 1.0
375 854 1.0
375 859 1.0
375 908 1.0
375 541 1.0
376 904 1.0
376 531 1.0
376 990 1.0
376 846 1.0
376 791 1.0
377 902 1.0
377 566 1.0
377 746 1.0
377 555 1.0
377 540 1.0
377 735 1.0
378 963 1.0
378 996 1.0
378 790 1.0
378 619 1.0
379 918 1.0
379 860 1.0
379 751 1.0
380 866 1.0
380 583 1.0
380 413 1.0
381 643 1.0
381 516 1.0
381 550 1.0
381 530 1.0
381 397 1.0
381 541 1.0
381 862 1.0
382 618 1.0
382 660 1.0
382 951 1.0
382 394 1.0
383 554 1.0
383 561 1.0
383 947 1.0
383 441 1.0
383 826 1.0
383 476 1.0
383 925 1.0
384 782 1.0
384 813 1.0
385 488 1.0
385 598 1.0
385 785 1.0
385 696 1.0
386 514 1.0
386 764 1.0
386 397 1.0
387 472 1.0
387 471 1.0
387 793 1.0
387 483 1.0
388 509 1.0
389 560 1.0
389 669 1.0
389 394 1.0
389 779 1.0
389 474 1.0
389 765 1.0
390 657 1.0
390 739 1.0
390 772 1.0
390 932 1.0
390 740 1.0
390 862 1.0
390 831 1.0
390 429 1.0
390 830 1.0
390 485 1.0
391 464 1.0
391 787 1.0
391 405 1.0
391 617 1.0
391 970 1.0
391 769 1.0
391 809 1.0
392 836 1.0
392 885 1.0
392 614 1.0
392 559 1.0
392 854 1.0
392 971 1.0
392 605 1.0
392 766 1.0
393 984 1.0
393 754 1.0
393 885 1.0
393 568 1.0
393 637 1.0
393 462 1.0
393 581 1.0
394 721 1.0
394 945 1.0
394 769 1.0
394 445 1.0
395 736 1.0
395 446 1.0
395 522 1.0
395 541 1.0
395 911 1.0
396 789 1.0
396 809 1.0
396 687 1.0
396 575 1.0
397 580 1.0
397 871 1.0
397 425 1.0
397 699 1.0
397 942 1.0
397 429 1.0
398 849 1.0
398 603 1.0
398 670 1.0
399 961 1.0
399 917 1.0
399 585 1.0
399 714 1.0
399 652 1.0
399 591 1.0
400 656 1.0
400 404 1.0
400 486 1.0
400 842 1.0
400 891 1.0
400 556 1.0
400 493 1.0
401 584 1.0
401 612 1.0
401 552 1.0
401 756 1.0
401 493 1.0
401 414 1.0
402 865 1.0
402 560 1.0
403 769 1.0
403 893 1.0
403 486 1.0
404 560 1.0
404 712 1.0
404 908 1.0
404 598 1.0
404 813 1.0
404 884 1.0
404 406 1.0
404 855 1.0
404 636 1.0
404 799 1.0
405 883 1.0
405 566 1.0
405 424 1.0
405 574 1.0
405 451 1.0
406 577 1.0
406 483 1.0
406 659 1.0
406 618 1.0
406 672 1.0
406 758 1.0
407 931 1.0
407 659 1.0
407 875 1.0
407 703 1.0
408 618 1.0
408 807 1.0
408 636 1.0
408 954 1.0
408 732 1.0
408 413 1.0
409 608 1.0
409 551 1.0
410 820 1.0
410 467 1.0
410 713 1.0
411 864 1.0
411 758 1.0
411 712 1.0
411 745 1.0
411 730 1.0
411 718 1.0
412 484 1.0
412 616 1.0
412 935 1.0
412 556 1.0
412 717 1.0
412 591 1.0
412 662 1.0
412 676 1.0
412 828 1.0
413 742 1.0
413 797 1.0
413 655 1.0
414 448 1.0
414 475 1.0
414 660 1.0
414 859 1.0
414 703 1.0
414 878 1.0
415 624 1.0
415 759 1.0
416 744 1.0
416 469 1.0
416 731 1.0
416 504 1.0
416 715 1.0
417 509 1.0
417 878 1.0
417 893 1.0
418 704 1.0
418 999 1.0
418 585 1.0
418 493 1.0
419 578 1.0
419 567 1.0
419 650 1.0
419 818 1.0
420 581 1.0
420 867 1.0
420 686 1.0
420 591 1.0
421 489 1.0
421 986 1.0
421 509 1.0
422 482 1.0
422 712 1.0
422 553 1.0
422 821 1.0
422 891 1.0
423 752 1.0
423 968 1.0
424 825 1.0
424 654 1.0
424 965 1.0
425 691 1.0
425 679 1.0
425 959 1.0
426 835 1.0
426 822 1.0
427 514 1.0
427 966 1.0
427 810 1.0
427 542 1.0
428 699 1.0
428 858 1.0
429 820 1.0
429 441 1.0
429 532 1.0
429 777 1.0
429 573 1.0
430 537 1.0
430 714 1.0
430 552 1.0
431 683 1.0
431 453 1.0
431 455 1.0
431 671 1.0
432 641 1.0
432 549 1.0
433 978 1.0
433 502 1.0
433 550 1.0
433 548 1.0
433 687 1.0
434 736 1.0
434 513 1.0
435 518 1.0
435 793 1.0
435 489 1.0
435 815 1.0
435 687 1.0
436 648 1.0
436 937 1.0
436 637 1.0
436 768 1.0
437 729 1.0
437 906 1.0
438 470 1.0
438 940 1.0
438 498 1.0
439 706 1.0
439 659 1.0
439 776 1.0
439 634 1.0
439 943 1.0
439 770 1.0
439 847 1.0
440 930 1.0
440 467 1.0
441 770 1.0
441 835 1.0
441 870 1.0
441 939 1.0
441 753 1.0
441 850 1.0
441 469 1.0
441 698 1.0
441 477 1.0
441 862 1.0
442 714 1.0
442 874 1.0
443 981 1.0
443 515 1.0
443 637 1.0
443 830 1.0
443 717 1.0
444 945 1.0
444 932 1.0
444 986 1.0
444 478 1.0
444 799 1.0
445 656 1.0
445 771 1.0
445 676 1.0
445 670 1.0
445 959 1.0
446 850 1.0
446 843 1.0
446 722 1.0
447 548 1.0
447 582 1.0
448 721 1.0
448 644 1.0
448 881 1.0
448 569 1.0
449 908 1.0
449 684 1.0
450 673 1.0
451 959 1.0
451 658 1.0
451 802 1.0
451 847 1.0
452 528 1.0
452 895 1.0
452 522 1.0
452 842 1.0
452 909 1.0
453 577 1.0
453 658 1.0
453 851 1.0
453 505 1.0
453 687 1.0
454 657 1.0
455 531 1.0
456 875 1.0
456 732 1.0
457 656 1.0
457 992 1.0
457 775 1.0
457 995 1.0
457 963 1.0
458 952 1.0
458 917 1.0
458 481 1.0
458 664 1.0
458 948 1.0
458 873 1.0
459 610 1.0
459 819 1.0
459 713 1.0
460 528 1.0
460 677 1.0
460 813 1.0
461 906 1.0
461 811 1.0
461 858 1.0
461 485 1.0
462 561 1.0
462 706 1.0
462 521 1.0
462 471 1.0
462 911 1.0
463 482 1.0
463 693 1.0
463 827 1.0
464 488 1.0
464 533 1.0
465 950 1.0
465 503 1.0
465 888 1.0
465 910 1.0
466 978 1.0
466 841 1.0
466 743 1.0
467 542 1.0
467 662 1.0
467 498 1.0
468 513 1.0
468 580 1.0
468 829 1.0
468 935 1.0
468 907 1.0
468 541 1.0
468 820 1.0
468 986 1.0
469 961 1.0
469 483 1.0
469 886 1.0
469 959 1.0
470 833 1.0
470 526 1.0
471 712 1.0
471 568 1.0
471 956 1.0
471 491 1.0
471 764 1.0
471 613 1.0
472 674 1.0
472 628 1.0
472 887 1.0
472 650 1.0
472 877 1.0
473 794 1.0
473 931 1.0
473 500 1.0
473 951 1.0
473 484 1.0
473 890 1.0
474 862 1.0
474 663 1.0
474 585 1.0
474 863 1.0
475 994 1.0
475 555 1.0
475 712 1.0
475 570 1.0
475 843 1.0
476 867 1.0
476 901 1.0
476 651 1.0
476 749 1.0
476 989 1.0
476 977 1.0
476 501 1.0
476 600 1.0
476 831 1.0
477 913 1.0
477 962 1.0
477 820 1.0
477 646 1.0
478 521 1.0
478 843 1.0
478 925 1.0
479 608 1.0
479 980 1.0
479 998 1.0
480 481 1.0
480 563 1.0
480 965 1.0
480 983 1.0
480 685 1.0
480 510 1.0
480 911 1.0
481 967 1.0
481 990 1.0
481 650 1.0
481 498 1.0
481 754 1.0
481 894 1.0
481 732 1.0
481 885 1.0
482 897 1.0
482 484 1.0
482 555 1.0
482 562 1.0
482 579 1.0
482 826 1.0
483 736 1.0
483 880 1.0
484 875 1.0
484 692 1.0
484 623 1.0
484 729 1.0
484 687 1.0
484 572 1.0
485 577 1.0
485 791 1.0
485 536 1.0
486 985 1.0
486 955 1.0
486 652 1.0
486 573 1.0
486 799 1.0
487 996 1.0
487 837 1.0
487 601 1.0
487 724 1.0
487 540 1.0
487 959 1.0
488 923 1.0
488 680 1.0
488 987 1.0
488 542 1.0
489 706 1.0
489 658 1.0
490 930 1.0
490 845 1.0
491 720 1.0
491 744 1.0
491 747 1.0
491 954 1.0
491 939 1.0
491 975 1.0
491 986 1.0
491 820 1.0
491 598 1.0
491 624 1.0
491 506 1.0
491 637 1.0
492 854 1.0
492 554 1.0
493 580 1.0
493 718 1.0
494 529 1.0
494 602 1.0
494 990 1.0
495 613 1.0
495 526 1.0
496 637 1.0
496 906 1.0
496 805 1.0
496 621 1.0
496 942 1.0
497 625 1.0
497 788 1.0
497 843 1.0
498 797 1.0
498 911 1.0
498 891 1.0
499 657 1.0
499 804 1.0
499 951 1.0
499 632 1.0
499 728 1.0
499 910 1.0
499 824 1.0
500 864 1.0
500 963 1.0
500 950 1.0
500 984 1.0
500 894 1.0
501 584 1.0
501 507 1.0
501 534 1.0
502 635 1.0
502 530 1.0
502 835 1.0
502 519 1.0
502 535 1.0
502 882 1.0
503 619 1.0
503 540 1.0
504 544 1.0
504 749 1.0
504 980 1.0
504 841 1.0
504 673 1.0
504 607 1.0
505 512 1.0
505 691 1.0
505 564 1.0
505 760 1.0
505 841 1.0
505 956 1.0
505 949 1.0
506 837 1.0
506 827 1.0
506 995 1.0
507 672 1.0
507 673 1.0
507 967 1.0
507 584 1.0
507 558 1.0
507 552 1.0
507 755 1.0
507 922 1.0
507 947 1.0
508 626 1.0
509 834 1.0
509 926 1.0
509 777 1.0
509 872 1.0
509 969 1.0
509 790 1.0
510 936 1.0
510 898 1.0
510 757 1.0
510 760 1.0
510 709 1.0
510 763 1.0
510 882 1.0
510 846 1.0
511 699 1.0
512 619 1.0
512 537 1.0
512 987 1.0
512 703 1.0
513 563 1.0
513 876 1.0
513 642 1.0
514 592 1.0
514 641 1.0
514 814 1.0
515 592 1.0
515 997 1.0
515 630 1.0
515 855 1.0
515 813 1.0
515 951 1.0
515 525 1.0
515 629 1.0
516 625 1.0
516 975 1.0
517 959 1.0
517 523 1.0
518 905 1.0
518 753 1.0
518 951 1.0
518 940 1.0
519 624 1.0
519 577 1.0
519 786 1.0
519 620 1.0
519 598 1.0
519 926 1.0
519 797 1.0
520 987 1.0
520 959 1.0
521 953 1.0
521 985 1.0
521 615 1.0
521 970 1.0
522 684 1.0
522 644 1.0
522 969 1.0
522 772 1.0
522 887 1.0
523 633 1.0
523 954 1.0
523 957 1.0
524 835 1.0
524 821 1.0
524 541 1.0
525 641 1.0
526 865 1.0
526 789 1.0
526 828 1.0
526 770 1.0
527 787 1.0
527 924 1.0
527 940 1.0
527 591 1.0
528 739 1.0
528 836 1.0
528 827 1.0
528 674 1.0
529 999 1.0
529 554 1.0
529 728 1.0
529 825 1.0
529 859 1.0
530 833 1.0
530 579 1.0
530 743 1.0
530 681 1.0
530 877 1.0
530 666 1.0
530 829 1.0
530 830 1.0
531 961 1.0
531 549 1.0
531 585 1.0
531 956 1.0
531 962 1.0
531 767 1.0
533 929 1.0
533 912 1.0
533 821 1.0
533 825 1.0
533 804 1.0
533 762 1.0
533 871 1.0
533 588 1.0
534 634 1.0
534 685 1.0
534 926 1.0
535 688 1.0
535 769 1.0
535 580 1.0
535 729 1.0
535 686 1.0
536 955 1.0
536 587 1.0
536 543 1.0
537 768 1.0
537 790 1.0
537 811 1.0
537 702 1.0
537 605 1.0
537 687 1.0
538 916 1.0
538 945 1.0
539 856 1.0
539 596 1.0
539 676 1.0
539 940 1.0
539 836 1.0
540 890 1.0
541 986 1.0
541 628 1.0
541 924 1.0
542 898 1.0
542 969 1.0
542 940 1.0
542 729 1.0
542 899 1.0
544 594 1.0
544 777 1.0
544 730 1.0
544 908 1.0
544 941 1.0
545 992 1.0
545 705 1.0
545 658 1.0
545 764 1.0
546 608 1.0
546 753 1.0
546 578 1.0
546 871 1.0
547 870 1.0
547 679 1.0
548 992 1.0
548 843 1.0
549 615 1.0
551 633 1.0
551 906 1.0
551 688 1.0
552 834 1.0
552 966 1.0
552 829 1.0
553 705 1.0
553 665 1.0
553 669 1.0
553 702 1.0
554 710 1.0
554 949 1.0
554 954 1.0
555 599 1.0
555 794 1.0
556 892 1.0
556 559 1.0
556 850 1.0
556 756 1.0
556 921 1.0
556 860 1.0
556 949 1.0
557 948 1.0
557 580 1.0
558 943 1.0
558 602 1.0
558 748 1.0
558 877 1.0
559 609 1.0
559 964 1.0
559 628 1.0
559 679 1.0
559 701 1.0
559 637 1.0
560 905 1.0
560 806 1.0
560 716 1.0
561 688 1.0
561 981 1.0
561 642 1.0
562 683 1.0
562 718 1.0
563 579 1.0
563 924 1.0
563 602 1.0
564 897 1.0
564 895 1.0
565 609 1.0
565 642 1.0
565 996 1.0
565 691 1.0
565 885 1.0
565 758 1.0
565 823 1.0
565 612 1.0
566 867 1.0
567 721 1.0
567 837 1.0
567 888 1.0
567 570 1.0
567 828 1.0
567 678 1.0
568 705 1.0
568 868 1.0
568 710 1.0
568 598 1.0
568 762 1.0
568 716 1.0
569 592 1.0
569 793 1.0
569 749 1.0
570 850 1.0
570 982 1.0
570 843 1.0
570 757 1.0
571 976 1.0
571 598 1.0
571 997 1.0
571 724 1.0
572 624 1.0
572 685 1.0
572 666 1.0
572 911 1.0
573 771 1.0
573 612 1.0
573 973 1.0
573 748 1.0
573 670 1.0
573 895 1.0
575 904 1.0
575 873 1.0
575 667 1.0
575 955 1.0
576 658 1.0
576 963 1.0
576 685 1.0
577 639 1.0
577 637 1.0
577 878 1.0
578 768 1.0
578 691 1.0
578 972 1.0
578 962 1.0
580 901 1.0
580 941 1.0
580 691 1.0
580 792 1.0
581 821 1.0
581 602 1.0
582 597 1.0
582 792 1.0
582 812 1.0
583 821 1.0
583 697 1.0
583 982 1.0
584 903 1.0
584 727 1.0
584 684 1.0
584 686 1.0
585 721 1.0
585 759 1.0
585 987 1.0
585 894 1.0
586 616 1.0
586 803 1.0
586 974 1.0
587 835 1.0
587 998 1.0
587 662 1.0
588 598 1.0
588 796 1.0
588 709 1.0
589 872 1.0
589 786 1.0
589 676 1.0
589 598 1.0
589 615 1.0
589 970 1.0
589 902 1.0
590 886 1.0
590 841 1.0
590 698 1.0
590 957 1.0
591 716 1.0
591 607 1.0
591 797 1.0
592 690 1.0
592 621 1.0
592 925 1.0
593 688 1.0
593 752 1.0
593 772 1.0
593 853 1.0
593 983 1.0
593 784 1.0
593 972 1.0
594 822 1.0
594 950 1.0
594 966 1.0
594 666 1.0
594 956 1.0
595 830 1.0
595 727 1.0
595 729 1.0
596 961 1.0
596 987 1.0
596 964 1.0
596 741 1.0
597 818 1.0
597 713 1.0
597 881 1.0
597 686 1.0
598 712 1.0
598 617 1.0
598 757 1.0
598 606 1.0
599 681 1.0
599 835 1.0
600 737 1.0
600 774 1.0
600 717 1.0
600 879 1.0
600 701 1.0
601 613 1.0
602 726 1.0
602 984 1.0
602 703 1.0
603 786 1.0
603 963 1.0
603 805 1.0
603 835 1.0
603 668 1.0
603 618 1.0
604 704 1.0
604 779 1.0
604 630 1.0
605 738 1.0
605 714 1.0
605 877 1.0
606 759 1.0
606 637 1.0
607 887 1.0
608 673 1.0
608 644 1.0
608 837 1.0
608 839 1.0
608 834 1.0
608 914 1.0
608 787 1.0
608 688 1.0
609 769 1.0
609 633 1.0
610 704 1.0
610 959 1.0
610 703 1.0
610 738 1.0
610 671 1.0
611 818 1.0
611 733 1.0
612 966 1.0
612 993 1.0
613 755 1.0
613 762 1.0
613 998 1.0
614 982 1.0
614 874 1.0
614 715 1.0
614 924 1.0
614 622 1.0
616 947 1.0
616 774 1.0
617 898 1.0
618 843 1.0
618 902 1.0
618 619 1.0
618 885 1.0
619 742 1.0
619 846 1.0
620 984 1.0
620 740 1.0
620 959 1.0
620 637 1.0
621 756 1.0
621 790 1.0
621 681 1.0
621 771 1.0
621 784 1.0
622 829 1.0
622 856 1.0
622 685 1.0
623 743 1.0
623 745 1.0
623 715 1.0
624 791 1.0
624 849 1.0
624 748 1.0
624 735 1.0
625 905 1.0
625 873 1.0
625 780 1.0
625 894 1.0
626 849 1.0
626 886 1.0
626 952 1.0
627 888 1.0
627 929 1.0
627 680 1.0
628 870 1.0
628 806 1.0
628 754 1.0
628 819 1.0
628 821 1.0
628 725 1.0
629 754 1.0
629 966 1.0
629 927 1.0
630 873 1.0
630 818 1.0
631 962 1.0
631 875 1.0
631 998 1.0
632 878 1.0
632 722 1.0
632 926 1.0
632 979 1.0
632 893 1.0
632 766 1.0
632 805 1.0
634 704 1.0
634 735 1.0
634 915 1.0
635 690 1.0
635 724 1.0
635 974 1.0
635 683 1.0
635 978 1.0
635 949 1.0
635 837 1.0
636 912 1.0
636 834 1.0
636 773 1.0
636 998 1.0
636 997 1.0
637 886 1.0
637 797 1.0
637 927 1.0
638 931 1.0
638 894 1.0
639 676 1.0
639 651 1.0
639 679 1.0
639 881 1.0
639 821 1.0
639 698 1.0
639 737 1.0
639 670 1.0
640 692 1.0
640 972 1.0
640 797 1.0
641 833 1.0
641 771 1.0
641 930 1.0
641 898 1.0
641 719 1.0
642 738 1.0
642 900 1.0
642 662 1.0
643 967 1.0
644 657 1.0
644 887 1.0
646 994 1.0
646 658 1.0
646 774 1.0
647 936 1.0
647 915 1.0
647 683 1.0
647 854 1.0
647 785 1.0
647 747 1.0
648 816 1.0
648 981 1.0
648 727 1.0
648 746 1.0
648 716 1.0
648 793 1.0
650 863 1.0
650 975 1.0
650 651 1.0
650 955 1.0
651 814 1.0
651 727 1.0
652 720 1.0
652 754 1.0
652 835 1.0
652 743 1.0
653 701 1.0
653 943 1.0
654 913 1.0
655 846 1.0
655 981 1.0
656 921 1.0
656 727 1.0
656 876 1.0
657 832 1.0
657 825 1.0
657 943 1.0
657 964 1.0
657 845 1.0
658 716 1.0
658 710 1.0
659 811 1.0
659 999 1.0
659 921 1.0
660 677 1.0
661 720 1.0
661 863 1.0
661 900 1.0
661 876 1.0
661 717 1.0
661 944 1.0
661 948 1.0
661 852 1.0
661 735 1.0
662 876 1.0
662 979 1.0
662 883 1.0
663 989 1.0
663 849 1.0
664 737 1.0
664 780 1.0
665 898 1.0
666 797 1.0
667 877 1.0
667 932 1.0
667 745 1.0
668 771 1.0
668 919 1.0
668 812 1.0
668 927 1.0
669 759 1.0
670 856 1.0
670 875 1.0
671 897 1.0
671 944 1.0
671 687 1.0
672 823 1.0
672 807 1.0
673 780 1.0
673 957 1.0
674 946 1.0
674 902 1.0
674 877 1.0
674 813 1.0
675 807 1.0
675 773 1.0
675 968 1.0
675 779 1.0
676 907 1.0
676 783 1.0
676 990 1.0
677 712 1.0
678 704 1.0
678 771 1.0
678 954 1.0
678 679 1.0
679 816 1.0
679 832 1.0
679 697 1.0
679 751 1.0
680 964 1.0
680 695 1.0
681 966 1.0
682 690 1.0
682 692 1.0
682 999 1.0
683 976 1.0
683 753 1.0
683 965 1.0
683 936 1.0
684 900 1.0
684 732 1.0
684 760 1.0
685 853 1.0
685 823 1.0
685 824 1.0
687 824 1.0
687 878 1.0
688 770 1.0
688 732 1.0
688 829 1.0
689 912 1.0
689 816 1.0
689 857 1.0
689 829 1.0
690 891 1.0
690 702 1.0
691 768 1.0
691 929 1.0
691 814 1.0
691 884 1.0
692 928 1.0
692 877 1.0
692 777 1.0
692 759 1.0
693 991 1.0
695 864 1.0
695 936 1.0
696 739 1.0
696 820 1.0
697 949 1.0
698 704 1.0
698 947 1.0
698 915 1.0
698 983 1.0
699 791 1.0
699 990 1.0
700 794 1.0
700 958 1.0
700 941 1.0
701 786 1.0
702 913 1.0
702 851 1.0
702 869 1.0
702 794 1.0
702 983 1.0
702 757 1.0
703 807 1.0
703 727 1.0
703 820 1.0
703 950 1.0
705 976 1.0
705 930 1.0
705 739 1.0
706 976 1.0
706 902 1.0
708 897 1.0
708 878 1.0
709 818 1.0
709 874 1.0
709 781 1.0
710 870 1.0
710 861 1.0
711 874 1.0
711 998 1.0
712 779 1.0
712 747 1.0
712 784 1.0
712 915 1.0
713 754 1.0
714 814 1.0
715 961 1.0
715 898 1.0
715 871 1.0
715 810 1.0
716 921 1.0
716 863 1.0
717 868 1.0
717 926 1.0
717 828 1.0
717 894 1.0
717 725 1.0
719 880 1.0
719 979 1.0
720 979 1.0
720 834 1.0
720 955 1.0
720 970 1.0
721 956 1.0
722 793 1.0
722 940 1.0
722 783 1.0
723 815 1.0
723 821 1.0
723 839 1.0
724 977 1.0
724 790 1.0
724 750 1.0
725 865 1.0
725 822 1.0
726 795 1.0
726 883 1.0
727 780 1.0
727 785 1.0
727 740 1.0
727 828 1.0
727 926 1.0
728 909 1.0
730 847 1.0
731 945 1.0
731 785 1.0
731 990 1.0
731 767 1.0
732 960 1.0
732 825 1.0
733 1000 1.0
733 916 1.0
733 796 1.0
734 736 1.0
734 819 1.0
734 887 1.0
736 801 1.0
736 955 1.0
736 939 1.0
736 869 1.0
737 787 1.0
737 755 1.0
737 847 1.0
738 771 1.0
738 828 1.0
739 786 1.0
739 853 1.0
739 791 1.0
739 974 1.0
740 920 1.0
740 872 1.0
740 799 1.0
740 783 1.0
741 773 1.0
741 838 1.0
741 804 1.0
741 922 1.0
742 944 1.0
742 830 1.0
744 772 1.0
745 760 1.0
745 866 1.0
746 928 1.0
746 820 1.0
747 803 1.0
747 982 1.0
748 969 1.0
749 841 1.0
749 846 1.0
749 863 1.0
750 877 1.0
751 909 1.0
752 819 1.0
752 804 1.0
752 909 1.0
754 848 1.0
754 780 1.0
754 855 1.0
754 977 1.0
754 793 1.0
754 764 1.0
755 942 1.0
755 761 1.0
755 820 1.0
756 768 1.0
756 804 1.0
756 974 1.0
757 847 1.0
758 860 1.0
759 839 1.0
759 811 1.0
759 979 1.0
759 853 1.0
759 881 1.0
760 867 1.0
761 787 1.0
762 783 1.0
762 789 1.0
762 895 1.0
763 991 1.0
763 983 1.0
763 911 1.0
764 870 1.0
764 791 1.0
764 957 1.0
765 820 1.0
765 801 1.0
766 886 1.0
766 769 1.0
767 954 1.0
768 781 1.0
768 911 1.0
768 883 1.0
770 883 1.0
770 783 1.0
772 854 1.0
772 785 1.0
772 974 1.0
772 805 1.0
773 822 1.0
773 906 1.0
774 969 1.0
774 812 1.0
774 919 1.0
777 930 1.0
777 944 1.0
778 966 1.0
778 875 1.0
778 870 1.0
779 1000 1.0
779 837 1.0
780 963 1.0
780 821 1.0
780 842 1.0
781 786 1.0
781 976 1.0
783 832 1.0
783 953 1.0
783 927 1.0
784 960 1.0
784 888 1.0
784 991 1.0
784 989 1.0
785 872 1.0
785 860 1.0
785 794 1.0
786 833 1.0
786 837 1.0
786 869 1.0
787 999 1.0
787 891 1.0
787 861 1.0
788 864 1.0
788 794 1.0
788 849 1.0
789 874 1.0
789 794 1.0
789 844 1.0
789 909 1.0
789 797 1.0
790 823 1.0
790 957 1.0
790 852 1.0
791 834 1.0
791 999 1.0
791 844 1.0
791 995 1.0
792 992 1.0
793 866 1.0
794 871 1.0
794 822 1.0
795 971 1.0
795 921 1.0
795 923 1.0
795 983 1.0
795 975 1.0
796 816 1.0
796 971 1.0
799 885 1.0
799 924 1.0
801 821 1.0
801 814 1.0
801 837 1.0
802 806 1.0
802 807 1.0
802 883 1.0
802 859 1.0
803 897 1.0
803 927 1.0
805 814 1.0
806 912 1.0
806 868 1.0
806 899 1.0
807 949 1.0
807 858 1.0
808 910 1.0
810 890 1.0
811 852 1.0
811 847 1.0
814 916 1.0
814 857 1.0
815 820 1.0
816 851 1.0
816 903 1.0
817 907 1.0
818 934 1.0
818 877 1.0
819 830 1.0
820 918 1.0
821 992 1.0
821 945 1.0
822 995 1.0
823 988 1.0
824 933 1.0
825 910 1.0
825 837 1.0
826 866 1.0
827 961 1.0
828 964 1.0
829 910 1.0
829 852 1.0
829 890 1.0
829 925 1.0
832 939 1.0
833 978 1.0
834 950 1.0
834 857 1.0
835 958 1.0
837 993 1.0
837 872 1.0
837 854 1.0
837 952 1.0
838 912 1.0
838 913 1.0
838 951 1.0
839 849 1.0
839 861 1.0
839 852 1.0
840 948 1.0
841 865 1.0
841 972 1.0
844 868 1.0
844 888 1.0
844 858 1.0
845 847 1.0
847 928 1.0
848 909 1.0
849 910 1.0
849 898 1.0
851 945 1.0
852 933 1.0
852 927 1.0
853 965 1.0
855 996 1.0
855 873 1.0
856 919 1.0
859 962 1.0
860 965 1.0
861 937 1.0
864 909 1.0
865 994 1.0
865 940 1.0
866 935 1.0
866 878 1.0
867 992 1.0
867 982 1.0
868 926 1.0
870 883 1.0
870 885 1.0
872 970 1.0
872 958 1.0
872 979 1.0
874 968 1.0
874 982 1.0
874 975 1.0
876 965 1.0
877 910 1.0
877 942 1.0
877 947 1.0
879 911 1.0
880 934 1.0
881 888 1.0
881 892 1.0
882 911 1.0
883 946 1.0
883 948 1.0
884 908 1.0
887 983 1.0
889 931 1.0
890 970 1.0
891 900 1.0
891 947 1.0
891 930 1.0
892 924 1.0
894 952 1.0
896 978 1.0
896 995 1.0
896 992 1.0
900 1000 1.0
900 962 1.0
902 928 1.0
903 968 1.0
905 947 1.0
908 943 1.0
912 955 1.0
915 983 1.0
917 982 1.0
917 985 1.0
919 971 1.0
921 945 1.0
925 930 1.0
926 952 1.0
926 935 1.0
929 976 1.0
930 961 1.0
935 947 1.0
940 952 1.0
945 946 1.0
953 957 1.0
956 968 1.0
961 971 1.0
964 979 1.0
964 990 1.0
967 982 1.0
969 1000 1.0
980 982 1.0
980 985 1.0
985 987 1.0
989 996 1.0
996 1000 1.0
999 1000 1.0
