*vertices 1000
1 0 0.0 0.0 ellipse
2 1 0.0 0.0 ellipse
3 2 0.0 0.0 ellipse
4 3 0.0 0.0 ellipse
5 4 0.0 0.0 ellipse
6 5 0.0 0.0 ellipse
7 6 0.0 0.0 ellipse
8 7 0.0 0.0 ellipse
9 8 0.0 0.0 ellipse
10 9 0.0 0.0 ellipse
11 10 0.0 0.0 ellipse
12 11 0.0 0.0 ellipse
13 12 0.0 0.0 ellipse
14 13 0.0 0.0 ellipse
15 14 0.0 0.0 ellipse
16 15 0.0 0.0 ellipse
17 16 0.0 0.0 ellipse
18 17 0.0 0.0 ellipse
19 18 0.0 0.0 ellipse
20 19 0.0 0.0 ellipse
21 20 0.0 0.0 ellipse
22 21 0.0 0.0 ellipse
23 22 0.0 0.0 ellipse
24 23 0.0 0.0 ellipse
25 24 0.0 0.0 ellipse
26 25 0.0 0.0 ellipse
27 26 0.0 0.0 ellipse
28 27 0.0 0.0 ellipse
29 28 0.0 0.0 ellipse
30 29 0.0 0.0 ellipse
31 30 0.0 0.0 ellipse
32 31 0.0 0.0 ellipse
33 32 0.0 0.0 ellipse
34 33 0.0 0.0 ellipse
35 34 0.0 0.0 ellipse
36 35 0.0 0.0 ellipse
37 36 0.0 0.0 ellipse
38 37 0.0 0.0 ellipse
39 38 0.0 0.0 ellipse
40 39 0.0 0.0 ellipse
41 40 0.0 0.0 ellipse
42 41 0.0 0.0 ellipse
43 42 0.0 0.0 ellipse
44 43 0.0 0.0 ellipse
45 44 0.0 0.0 ellipse
46 45 0.0 0.0 ellipse
47 46 0.0 0.0 ellipse
48 47 0.0 0.0 ellipse
49 48 0.0 0.0 ellipse
50 49 0.0 0.0 ellipse
51 50 0.0 0.0 ellipse
52 51 0.0 0.0 ellipse
53 52 0.0 0.0 ellipse
54 53 0.0 0.0 ellipse
55 54 0.0 0.0 ellipse
56 55 0.0 0.0 ellipse
57 56 0.0 0.0 ellipse
58 57 0.0 0.0 ellipse
59 58 0.0 0.0 ellipse
60 59 0.0 0.0 ellipse
61 60 0.0 0.0 ellipse
62 61 0.0 0.0 ellipse
63 62 0.0 0.0 ellipse
64 63 0.0 0.0 ellipse
65 64 0.0 0.0 ellipse
66 65 0.0 0.0 ellipse
67 66 0.0 0.0 ellipse
68 67 0.0 0.0 ellipse
69 68 0.0 0.0 ellipse
70 69 0.0 0.0 ellipse
71 70 0.0 0.0 ellipse
72 71 0.0 0.0 ellipse
73 72 0.0 0.0 ellipse
74 73 0.0 0.0 ellipse
75 74 0.0 0.0 ellipse
76 75 0.0 0.0 ellipse
77 76 0.0 0.0 ellipse
78 77 0.0 0.0 ellipse
79 78 0.0 0.0 ellipse
80 79 0.0 0.0 ellipse
81 80 0.0 0.0 ellipse
82 81 0.0 0.0 ellipse
83 82 0.0 0.0 ellipse
84 83 0.0 0.0 ellipse
85 84 0.0 0.0 ellipse
86 85 0.0 0.0 ellipse
87 86 0.0 0.0 ellipse
88 87 0.0 0.0 ellipse
89 88 0.0 0.0 ellipse
90 89 0.0 0.0 ellipse
91 90 0.0 0.0 ellipse
92 91 0.0 0.0 ellipse
93 92 0.0 0.0 ellipse
94 93 0.0 0.0 ellipse
95 94 0.0 0.0 ellipse
96 95 0.0 0.0 ellipse
97 96 0.0 0.0 ellipse
98 97 0.0 0.0 ellipse
99 98 0.0 0.0 ellipse
100 99 0.0 0.0 ellipse
101 100 0.0 0.0 ellipse
102 101 0.0 0.0 ellipse
103 102 0.0 0.0 ellipse
104 103 0.0 0.0 ellipse
105 104 0.0 0.0 ellipse
106 105 0.0 0.0 ellipse
107 106 0.0 0.0 ellipse
108 107 0.0 0.0 ellipse
109 108 0.0 0.0 ellipse
110 109 0.0 0.0 ellipse
111 110 0.0 0.0 ellipse
112 111 0.0 0.0 ellipse
113 112 0.0 0.0 ellipse
114 113 0.0 0.0 ellipse
115 114 0.0 0.0 ellipse
116 115 0.0 0.0 ellipse
117 116 0.0 0.0 ellipse
118 117 0.0 0.0 ellipse
119 118 0.0 0.0 ellipse
120 119 0.0 0.0 ellipse
121 120 0.0 0.0 ellipse
122 121 0.0 0.0 ellipse
123 122 0.0 0.0 ellipse
124 123 0.0 0.0 ellipse
125 124 0.0 0.0 ellipse
126 125 0.0 0.0 ellipse
127 126 0.0 0.0 ellipse
128 127 0.0 0.0 ellipse
129 128 0.0 0.0 ellipse
130 129 0.0 0.0 ellipse
131 130 0.0 0.0 ellipse
132 131 0.0 0.0 ellipse
133 132 0.0 0.0 ellipse
134 133 0.0 0.0 ellipse
135 134 0.0 0.0 ellipse
136 135 0.0 0.0 ellipse
137 136 0.0 0.0 ellipse
138 137 0.0 0.0 ellipse
139 138 0.0 0.0 ellipse
140 139 0.0 0.0 ellipse
141 140 0.0 0.0 ellipse
142 141 0.0 0.0 ellipse
143 142 0.0 0.0 ellipse
144 143 0.0 0.0 ellipse
145 144 0.0 0.0 ellipse
146 145 0.0 0.0 ellipse
147 146 0.0 0.0 ellipse
148 147 0.0 0.0 ellipse
149 148 0.0 0.0 ellipse
150 149 0.0 0.0 ellipse
151 150 0.0 0.0 ellipse
152 151 0.0 0.0 ellipse
153 152 0.0 0.0 ellipse
154 153 0.0 0.0 ellipse
155 154 0.0 0.0 ellipse
156 155 0.0 0.0 ellipse
157 156 0.0 0.0 ellipse
158 157 0.0 0.0 ellipse
159 158 0.0 0.0 ellipse
160 159 0.0 0.0 ellipse
161 160 0.0 0.0 ellipse
162 161 0.0 0.0 ellipse
163 162 0.0 0.0 ellipse
164 163 0.0 0.0 ellipse
165 164 0.0 0.0 ellipse
166 165 0.0 0.0 ellipse
167 166 0.0 0.0 ellipse
168 167 0.0 0.0 ellipse
169 168 0.0 0.0 ellipse
170 169 0.0 0.0 ellipse
171 170 0.0 0.0 ellipse
172 171 0.0 0.0 ellipse
173 172 0.0 0.0 ellipse
174 173 0.0 0.0 ellipse
175 174 0.0 0.0 ellipse
176 175 0.0 0.0 ellipse
177 176 0.0 0.0 ellipse
178 177 0.0 0.0 ellipse
179 178 0.0 0.0 ellipse
180 179 0.0 0.0 ellipse
181 180 0.0 0.0 ellipse
182 181 0.0 0.0 ellipse
183 182 0.0 0.0 ellipse
184 183 0.0 0.0 ellipse
185 184 0.0 0.0 ellipse
186 185 0.0 0.0 ellipse
187 186 0.0 0.0 ellipse
188 187 0.0 0.0 ellipse
189 188 0.0 0.0 ellipse
190 189 0.0 0.0 ellipse
191 190 0.0 0.0 ellipse
192 191 0.0 0.0 ellipse
193 192 0.0 0.0 ellipse
194 193 0.0 0.0 ellipse
195 194 0.0 0.0 ellipse
196 195 0.0 0.0 ellipse
197 196 0.0 0.0 ellipse
198 197 0.0 0.0 ellipse
199 198 0.0 0.0 ellipse
200 199 0.0 0.0 ellipse
201 200 0.0 0.0 ellipse
202 201 0.0 0.0 ellipse
203 202 0.0 0.0 ellipse
204 203 0.0 0.0 ellipse
205 204 0.0 0.0 ellipse
206 205 0.0 0.0 ellipse
207 206 0.0 0.0 ellipse
208 207 0.0 0.0 ellipse
209 208 0.0 0.0 ellipse
210 209 0.0 0.0 ellipse
211 210 0.0 0.0 ellipse
212 211 0.0 0.0 ellipse
213 212 0.0 0.0 ellipse
214 213 0.0 0.0 ellipse
215 214 0.0 0.0 ellipse
216 215 0.0 0.0 ellipse
217 216 0.0 0.0 ellipse
218 217 0.0 0.0 ellipse
219 218 0.0 0.0 ellipse
220 219 0.0 0.0 ellipse
221 220 0.0 0.0 ellipse
222 221 0.0 0.0 ellipse
223 222 0.0 0.0 ellipse
224 223 0.0 0.0 ellipse
225 224 0.0 0.0 ellipse
226 225 0.0 0.0 ellipse
227 226 0.0 0.0 ellipse
228 227 0.0 0.0 ellipse
229 228 0.0 0.0 ellipse
230 229 0.0 0.0 ellipse
231 230 0.0 0.0 ellipse
232 231 0.0 0.0 ellipse
233 232 0.0 0.0 ellipse
234 233 0.0 0.0 ellipse
235 234 0.0 0.0 ellipse
236 235 0.0 0.0 ellipse
237 236 0.0 0.0 ellipse
238 237 0.0 0.0 ellipse
239 238 0.0 0.0 ellipse
240 239 0.0 0.0 ellipse
241 240 0.0 0.0 ellipse
242 241 0.0 0.0 ellipse
243 242 0.0 0.0 ellipse
244 243 0.0 0.0 ellipse
245 244 0.0 0.0 ellipse
246 245 0.0 0.0 ellipse
247 246 0.0 0.0 ellipse
248 247 0.0 0.0 ellipse
249 248 0.0 0.0 ellipse
250 249 0.0 0.0 ellipse
251 250 0.0 0.0 ellipse
252 251 0.0 0.0 ellipse
253 252 0.0 0.0 ellipse
254 253 0.0 0.0 ellipse
255 254 0.0 0.0 ellipse
256 255 0.0 0.0 ellipse
257 256 0.0 0.0 ellipse
258 257 0.0 0.0 ellipse
259 258 0.0 0.0 ellipse
260 259 0.0 0.0 ellipse
261 260 0.0 0.0 ellipse
262 261 0.0 0.0 ellipse
263 262 0.0 0.0 ellipse
264 263 0.0 0.0 ellipse
265 264 0.0 0.0 ellipse
266 265 0.0 0.0 ellipse
267 266 0.0 0.0 ellipse
268 267 0.0 0.0 ellipse
269 268 0.0 0.0 ellipse
270 269 0.0 0.0 ellipse
271 270 0.0 0.0 ellipse
272 271 0.0 0.0 ellipse
273 272 0.0 0.0 ellipse
274 273 0.0 0.0 ellipse
275 274 0.0 0.0 ellipse
276 275 0.0 0.0 ellipse
277 276 0.0 0.0 ellipse
278 277 0.0 0.0 ellipse
279 278 0.0 0.0 ellipse
280 279 0.0 0.0 ellipse
281 280 0.0 0.0 ellipse
282 281 0.0 0.0 ellipse
283 282 0.0 0.0 ellipse
284 283 0.0 0.0 ellipse
285 284 0.0 0.0 ellipse
286 285 0.0 0.0 ellipse
287 286 0.0 0.0 ellipse
288 287 0.0 0.0 ellipse
289 288 0.0 0.0 ellipse
290 289 0.0 0.0 ellipse
291 290 0.0 0.0 ellipse
292 291 0.0 0.0 ellipse
293 292 0.0 0.0 ellipse
294 293 0.0 0.0 ellipse
295 294 0.0 0.0 ellipse
296 295 0.0 0.0 ellipse
297 296 0.0 0.0 ellipse
298 297 0.0 0.0 ellipse
299 298 0.0 0.0 ellipse
300 299 0.0 0.0 ellipse
301 300 0.0 0.0 ellipse
302 301 0.0 0.0 ellipse
303 302 0.0 0.0 ellipse
304 303 0.0 0.0 ellipse
305 304 0.0 0.0 ellipse
306 305 0.0 0.0 ellipse
307 306 0.0 0.0 ellipse
308 307 0.0 0.0 ellipse
309 308 0.0 0.0 ellipse
310 309 0.0 0.0 ellipse
311 310 0.0 0.0 ellipse
312 311 0.0 0.0 ellipse
313 312 0.0 0.0 ellipse
314 313 0.0 0.0 ellipse
315 314 0.0 0.0 ellipse
316 315 0.0 0.0 ellipse
317 316 0.0 0.0 ellipse
318 317 0.0 0.0 ellipse
319 318 0.0 0.0 ellipse
320 319 0.0 0.0 ellipse
321 320 0.0 0.0 ellipse
322 321 0.0 0.0 ellipse
323 322 0.0 0.0 ellipse
324 323 0.0 0.0 ellipse
325 324 0.0 0.0 ellipse
326 325 0.0 0.0 ellipse
327 326 0.0 0.0 ellipse
328 327 0.0 0.0 ellipse
329 328 0.0 0.0 ellipse
330 329 0.0 0.0 ellipse
331 330 0.0 0.0 ellipse
332 331 0.0 0.0 ellipse
333 332 0.0 0.0 ellipse
334 333 0.0 0.0 ellipse
335 334 0.0 0.0 ellipse
336 335 0.0 0.0 ellipse
337 336 0.0 0.0 ellipse
338 337 0.0 0.0 ellipse
339 338 0.0 0.0 ellipse
340 339 0.0 0.0 ellipse
341 340 0.0 0.0 ellipse
342 341 0.0 0.0 ellipse
343 342 0.0 0.0 ellipse
344 343 0.0 0.0 ellipse
345 344 0.0 0.0 ellipse
346 345 0.0 0.0 ellipse
347 346 0.0 0.0 ellipse
348 347 0.0 0.0 ellipse
349 348 0.0 0.0 ellipse
350 349 0.0 0.0 ellipse
351 350 0.0 0.0 ellipse
352 351 0.0 0.0 ellipse
353 352 0.0 0.0 ellipse
354 353 0.0 0.0 ellipse
355 354 0.0 0.0 ellipse
356 355 0.0 0.0 ellipse
357 356 0.0 0.0 ellipse
358 357 0.0 0.0 ellipse
359 358 0.0 0.0 ellipse
360 359 0.0 0.0 ellipse
361 360 0.0 0.0 ellipse
362 361 0.0 0.0 ellipse
363 362 0.0 0.0 ellipse
364 363 0.0 0.0 ellipse
365 364 0.0 0.0 ellipse
366 365 0.0 0.0 ellipse
367 366 0.0 0.0 ellipse
368 367 0.0 0.0 ellipse
369 368 0.0 0.0 ellipse
370 369 0.0 0.0 ellipse
371 370 0.0 0.0 ellipse
372 371 0.0 0.0 ellipse
373 372 0.0 0.0 ellipse
374 373 0.0 0.0 ellipse
375 374 0.0 0.0 ellipse
376 375 0.0 0.0 ellipse
377 376 0.0 0.0 ellipse
378 377 0.0 0.0 ellipse
379 378 0.0 0.0 ellipse
380 379 0.0 0.0 ellipse
381 380 0.0 0.0 ellipse
382 381 0.0 0.0 ellipse
383 382 0.0 0.0 ellipse
384 383 0.0 0.0 ellipse
385 384 0.0 0.0 ellipse
386 385 0.0 0.0 ellipse
387 386 0.0 0.0 ellipse
388 387 0.0 0.0 ellipse
389 388 0.0 0.0 ellipse
390 389 0.0 0.0 ellipse
391 390 0.0 0.0 ellipse
392 391 0.0 0.0 ellipse
393 392 0.0 0.0 ellipse
394 393 0.0 0.0 ellipse
395 394 0.0 0.0 ellipse
396 395 0.0 0.0 ellipse
397 396 0.0 0.0 ellipse
398 397 0.0 0.0 ellipse
399 398 0.0 0.0 ellipse
400 399 0.0 0.0 ellipse
401 400 0.0 0.0 ellipse
402 401 0.0 0.0 ellipse
403 402 0.0 0.0 ellipse
404 403 0.0 0.0 ellipse
405 404 0.0 0.0 ellipse
406 405 0.0 0.0 ellipse
407 406 0.0 0.0 ellipse
408 407 0.0 0.0 ellipse
409 408 0.0 0.0 ellipse
410 409 0.0 0.0 ellipse
411 410 0.0 0.0 ellipse
412 411 0.0 0.0 ellipse
413 412 0.0 0.0 ellipse
414 413 0.0 0.0 ellipse
415 414 0.0 0.0 ellipse
416 415 0.0 0.0 ellipse
417 416 0.0 0.0 ellipse
418 417 0.0 0.0 ellipse
419 418 0.0 0.0 ellipse
420 419 0.0 0.0 ellipse
421 420 0.0 0.0 ellipse
422 421 0.0 0.0 ellipse
423 422 0.0 0.0 ellipse
424 423 0.0 0.0 ellipse
425 424 0.0 0.0 ellipse
426 425 0.0 0.0 ellipse
427 426 0.0 0.0 ellipse
428 427 0.0 0.0 ellipse
429 428 0.0 0.0 ellipse
430 429 0.0 0.0 ellipse
431 430 0.0 0.0 ellipse
432 431 0.0 0.0 ellipse
433 432 0.0 0.0 ellipse
434 433 0.0 0.0 ellipse
435 434 0.0 0.0 ellipse
436 435 0.0 0.0 ellipse
437 436 0.0 0.0 ellipse
438 437 0.0 0.0 ellipse
439 438 0.0 0.0 ellipse
440 439 0.0 0.0 ellipse
441 440 0.0 0.0 ellipse
442 441 0.0 0.0 ellipse
443 442 0.0 0.0 ellipse
444 443 0.0 0.0 ellipse
445 444 0.0 0.0 ellipse
446 445 0.0 0.0 ellipse
447 446 0.0 0.0 ellipse
448 447 0.0 0.0 ellipse
449 448 0.0 0.0 ellipse
450 449 0.0 0.0 ellipse
451 450 0.0 0.0 ellipse
452 451 0.0 0.0 ellipse
453 452 0.0 0.0 ellipse
454 453 0.0 0.0 ellipse
455 454 0.0 0.0 ellipse
456 455 0.0 0.0 ellipse
457 456 0.0 0.0 ellipse
458 457 0.0 0.0 ellipse
459 458 0.0 0.0 ellipse
460 459 0.0 0.0 ellipse
461 460 0.0 0.0 ellipse
462 461 0.0 0.0 ellipse
463 462 0.0 0.0 ellipse
464 463 0.0 0.0 ellipse
465 464 0.0 0.0 ellipse
466 465 0.0 0.0 ellipse
467 466 0.0 0.0 ellipse
468 467 0.0 0.0 ellipse
469 468 0.0 0.0 ellipse
470 469 0.0 0.0 ellipse
471 470 0.0 0.0 ellipse
472 471 0.0 0.0 ellipse
473 472 0.0 0.0 ellipse
474 473 0.0 0.0 ellipse
475 474 0.0 0.0 ellipse
476 475 0.0 0.0 ellipse
477 476 0.0 0.0 ellipse
478 477 0.0 0.0 ellipse
479 478 0.0 0.0 ellipse
480 479 0.0 0.0 ellipse
481 480 0.0 0.0 ellipse
482 481 0.0 0.0 ellipse
483 482 0.0 0.0 ellipse
484 483 0.0 0.0 ellipse
485 484 0.0 0.0 ellipse
486 485 0.0 0.0 ellipse
487 486 0.0 0.0 ellipse
488 487 0.0 0.0 ellipse
489 488 0.0 0.0 ellipse
490 489 0.0 0.0 ellipse
491 490 0.0 0.0 ellipse
492 491 0.0 0.0 ellipse
493 492 0.0 0.0 ellipse
494 493 0.0 0.0 ellipse
495 494 0.0 0.0 ellipse
496 495 0.0 0.0 ellipse
497 496 0.0 0.0 ellipse
498 497 0.0 0.0 ellipse
499 498 0.0 0.0 ellipse
500 499 0.0 0.0 ellipse
501 500 0.0 0.0 ellipse
502 501 0.0 0.0 ellipse
503 502 0.0 0.0 ellipse
504 503 0.0 0.0 ellipse
505 504 0.0 0.0 ellipse
506 505 0.0 0.0 ellipse
507 506 0.0 0.0 ellipse
508 507 0.0 0.0 ellipse
509 508 0.0 0.0 ellipse
510 509 0.0 0.0 ellipse
511 510 0.0 0.0 ellipse
512 511 0.0 0.0 ellipse
513 512 0.0 0.0 ellipse
514 513 0.0 0.0 ellipse
515 514 0.0 0.0 ellipse
516 515 0.0 0.0 ellipse
517 516 0.0 0.0 ellipse
518 517 0.0 0.0 ellipse
519 518 0.0 0.0 ellipse
520 519 0.0 0.0 ellipse
521 520 0.0 0.0 ellipse
522 521 0.0 0.0 ellipse
523 522 0.0 0.0 ellipse
524 523 0.0 0.0 ellipse
525 524 0.0 0.0 ellipse
526 525 0.0 0.0 ellipse
527 526 0.0 0.0 ellipse
528 527 0.0 0.0 ellipse
529 528 0.0 0.0 ellipse
530 529 0.0 0.0 ellipse
531 530 0.0 0.0 ellipse
532 531 0.0 0.0 ellipse
533 532 0.0 0.0 ellipse
534 533 0.0 0.0 ellipse
535 534 0.0 0.0 ellipse
536 535 0.0 0.0 ellipse
537 536 0.0 0.0 ellipse
538 537 0.0 0.0 ellipse
539 538 0.0 0.0 ellipse
540 539 0.0 0.0 ellipse
541 540 0.0 0.0 ellipse
542 541 0.0 0.0 ellipse
543 542 0.0 0.0 ellipse
544 543 0.0 0.0 ellipse
545 544 0.0 0.0 ellipse
546 545 0.0 0.0 ellipse
547 546 0.0 0.0 ellipse
548 547 0.0 0.0 ellipse
549 548 0.0 0.0 ellipse
550 549 0.0 0.0 ellipse
551 550 0.0 0.0 ellipse
552 551 0.0 0.0 ellipse
553 552 0.0 0.0 ellipse
554 553 0.0 0.0 ellipse
555 554 0.0 0.0 ellipse
556 555 0.0 0.0 ellipse
557 556 0.0 0.0 ellipse
558 557 0.0 0.0 ellipse
559 558 0.0 0.0 ellipse
560 559 0.0 0.0 ellipse
561 560 0.0 0.0 ellipse
562 561 0.0 0.0 ellipse
563 562 0.0 0.0 ellipse
564 563 0.0 0.0 ellipse
565 564 0.0 0.0 ellipse
566 565 0.0 0.0 ellipse
567 566 0.0 0.0 ellipse
568 567 0.0 0.0 ellipse
569 568 0.0 0.0 ellipse
570 569 0.0 0.0 ellipse
571 570 0.0 0.0 ellipse
572 571 0.0 0.0 ellipse
573 572 0.0 0.0 ellipse
574 573 0.0 0.0 ellipse
575 574 0.0 0.0 ellipse
576 575 0.0 0.0 ellipse
577 576 0.0 0.0 ellipse
578 577 0.0 0.0 ellipse
579 578 0.0 0.0 ellipse
580 579 0.0 0.0 ellipse
581 580 0.0 0.0 ellipse
582 581 0.0 0.0 ellipse
583 582 0.0 0.0 ellipse
584 583 0.0 0.0 ellipse
585 584 0.0 0.0 ellipse
586 585 0.0 0.0 ellipse
587 586 0.0 0.0 ellipse
588 587 0.0 0.0 ellipse
589 588 0.0 0.0 ellipse
590 589 0.0 0.0 ellipse
591 590 0.0 0.0 ellipse
592 591 0.0 0.0 ellipse
593 592 0.0 0.0 ellipse
594 593 0.0 0.0 ellipse
595 594 0.0 0.0 ellipse
596 595 0.0 0.0 ellipse
597 596 0.0 0.0 ellipse
598 597 0.0 0.0 ellipse
599 598 0.0 0.0 ellipse
600 599 0.0 0.0 ellipse
601 600 0.0 0.0 ellipse
602 601 0.0 0.0 ellipse
603 602 0.0 0.0 ellipse
604 603 0.0 0.0 ellipse
605 604 0.0 0.0 ellipse
606 605 0.0 0.0 ellipse
607 606 0.0 0.0 ellipse
608 607 0.0 0.0 ellipse
609 608 0.0 0.0 ellipse
610 609 0.0 0.0 ellipse
611 610 0.0 0.0 ellipse
612 611 0.0 0.0 ellipse
613 612 0.0 0.0 ellipse
614 613 0.0 0.0 ellipse
615 614 0.0 0.0 ellipse
616 615 0.0 0.0 ellipse
617 616 0.0 0.0 ellipse
618 617 0.0 0.0 ellipse
619 618 0.0 0.0 ellipse
620 619 0.0 0.0 ellipse
621 620 0.0 0.0 ellipse
622 621 0.0 0.0 ellipse
623 622 0.0 0.0 ellipse
624 623 0.0 0.0 ellipse
625 624 0.0 0.0 ellipse
626 625 0.0 0.0 ellipse
627 626 0.0 0.0 ellipse
628 627 0.0 0.0 ellipse
629 628 0.0 0.0 ellipse
630 629 0.0 0.0 ellipse
631 630 0.0 0.0 ellipse
632 631 0.0 0.0 ellipse
633 632 0.0 0.0 ellipse
634 633 0.0 0.0 ellipse
635 634 0.0 0.0 ellipse
636 635 0.0 0.0 ellipse
637 636 0.0 0.0 ellipse
638 637 0.0 0.0 ellipse
639 638 0.0 0.0 ellipse
640 639 0.0 0.0 ellipse
641 640 0.0 0.0 ellipse
642 641 0.0 0.0 ellipse
643 642 0.0 0.0 ellipse
644 643 0.0 0.0 ellipse
645 644 0.0 0.0 ellipse
646 645 0.0 0.0 ellipse
647 646 0.0 0.0 ellipse
648 647 0.0 0.0 ellipse
649 648 0.0 0.0 ellipse
650 649 0.0 0.0 ellipse
651 650 0.0 0.0 ellipse
652 651 0.0 0.0 ellipse
653 652 0.0 0.0 ellipse
654 653 0.0 0.0 ellipse
655 654 0.0 0.0 ellipse
656 655 0.0 0.0 ellipse
657 656 0.0 0.0 ellipse
658 657 0.0 0.0 ellipse
659 658 0.0 0.0 ellipse
660 659 0.0 0.0 ellipse
661 660 0.0 0.0 ellipse
662 661 0.0 0.0 ellipse
663 662 0.0 0.0 ellipse
664 663 0.0 0.0 ellipse
665 664 0.0 0.0 ellipse
666 665 0.0 0.0 ellipse
667 666 0.0 0.0 ellipse
668 667 0.0 0.0 ellipse
669 668 0.0 0.0 ellipse
670 669 0.0 0.0 ellipse
671 670 0.0 0.0 ellipse
672 671 0.0 0.0 ellipse
673 672 0.0 0.0 ellipse
674 673 0.0 0.0 ellipse
675 674 0.0 0.0 ellipse
676 675 0.0 0.0 ellipse
677 676 0.0 0.0 ellipse
678 677 0.0 0.0 ellipse
679 678 0.0 0.0 ellipse
680 679 0.0 0.0 ellipse
681 680 0.0 0.0 ellipse
682 681 0.0 0.0 ellipse
683 682 0.0 0.0 ellipse
684 683 0.0 0.0 ellipse
685 684 0.0 0.0 ellipse
686 685 0.0 0.0 ellipse
687 686 0.0 0.0 ellipse
688 687 0.0 0.0 ellipse
689 688 0.0 0.0 ellipse
690 689 0.0 0.0 ellipse
691 690 0.0 0.0 ellipse
692 691 0.0 0.0 ellipse
693 692 0.0 0.0 ellipse
694 693 0.0 0.0 ellipse
695 694 0.0 0.0 ellipse
696 695 0.0 0.0 ellipse
697 696 0.0 0.0 ellipse
698 697 0.0 0.0 ellipse
699 698 0.0 0.0 ellipse
700 699 0.0 0.0 ellipse
701 700 0.0 0.0 ellipse
702 701 0.0 0.0 ellipse
703 702 0.0 0.0 ellipse
704 703 0.0 0.0 ellipse
705 704 0.0 0.0 ellipse
706 705 0.0 0.0 ellipse
707 706 0.0 0.0 ellipse
708 707 0.0 0.0 ellipse
709 708 0.0 0.0 ellipse
710 709 0.0 0.0 ellipse
711 710 0.0 0.0 ellipse
712 711 0.0 0.0 ellipse
713 712 0.0 0.0 ellipse
714 713 0.0 0.0 ellipse
715 714 0.0 0.0 ellipse
716 715 0.0 0.0 ellipse
717 716 0.0 0.0 ellipse
718 717 0.0 0.0 ellipse
719 718 0.0 0.0 ellipse
720 719 0.0 0.0 ellipse
721 720 0.0 0.0 ellipse
722 721 0.0 0.0 ellipse
723 722 0.0 0.0 ellipse
724 723 0.0 0.0 ellipse
725 724 0.0 0.0 ellipse
726 725 0.0 0.0 ellipse
727 726 0.0 0.0 ellipse
728 727 0.0 0.0 ellipse
729 728 0.0 0.0 ellipse
730 729 0.0 0.0 ellipse
731 730 0.0 0.0 ellipse
732 731 0.0 0.0 ellipse
733 732 0.0 0.0 ellipse
734 733 0.0 0.0 ellipse
735 734 0.0 0.0 ellipse
736 735 0.0 0.0 ellipse
737 736 0.0 0.0 ellipse
738 737 0.0 0.0 ellipse
739 738 0.0 0.0 ellipse
740 739 0.0 0.0 ellipse
741 740 0.0 0.0 ellipse
742 741 0.0 0.0 ellipse
743 742 0.0 0.0 ellipse
744 743 0.0 0.0 ellipse
745 744 0.0 0.0 ellipse
746 745 0.0 0.0 ellipse
747 746 0.0 0.0 ellipse
748 747 0.0 0.0 ellipse
749 748 0.0 0.0 ellipse
750 749 0.0 0.0 ellipse
751 750 0.0 0.0 ellipse
752 751 0.0 0.0 ellipse
753 752 0.0 0.0 ellipse
754 753 0.0 0.0 ellipse
755 754 0.0 0.0 ellipse
756 755 0.0 0.0 ellipse
757 756 0.0 0.0 ellipse
758 757 0.0 0.0 ellipse
759 758 0.0 0.0 ellipse
760 759 0.0 0.0 ellipse
761 760 0.0 0.0 ellipse
762 761 0.0 0.0 ellipse
763 762 0.0 0.0 ellipse
764 763 0.0 0.0 ellipse
765 764 0.0 0.0 ellipse
766 765 0.0 0.0 ellipse
767 766 0.0 0.0 ellipse
768 767 0.0 0.0 ellipse
769 768 0.0 0.0 ellipse
770 769 0.0 0.0 ellipse
771 770 0.0 0.0 ellipse
772 771 0.0 0.0 ellipse
773 772 0.0 0.0 ellipse
774 773 0.0 0.0 ellipse
775 774 0.0 0.0 ellipse
776 775 0.0 0.0 ellipse
777 776 0.0 0.0 ellipse
778 777 0.0 0.0 ellipse
779 778 0.0 0.0 ellipse
780 779 0.0 0.0 ellipse
781 780 0.0 0.0 ellipse
782 781 0.0 0.0 ellipse
783 782 0.0 0.0 ellipse
784 783 0.0 0.0 ellipse
785 784 0.0 0.0 ellipse
786 785 0.0 0.0 ellipse
787 786 0.0 0.0 ellipse
788 787 0.0 0.0 ellipse
789 788 0.0 0.0 ellipse
790 789 0.0 0.0 ellipse
791 790 0.0 0.0 ellipse
792 791 0.0 0.0 ellipse
793 792 0.0 0.0 ellipse
794 793 0.0 0.0 ellipse
795 794 0.0 0.0 ellipse
796 795 0.0 0.0 ellipse
797 796 0.0 0.0 ellipse
798 797 0.0 0.0 ellipse
799 798 0.0 0.0 ellipse
800 799 0.0 0.0 ellipse
801 800 0.0 0.0 ellipse
802 801 0.0 0.0 ellipse
803 802 0.0 0.0 ellipse
804 803 0.0 0.0 ellipse
805 804 0.0 0.0 ellipse
806 805 0.0 0.0 ellipse
807 806 0.0 0.0 ellipse
808 807 0.0 0.0 ellipse
809 808 0.0 0.0 ellipse
810 809 0.0 0.0 ellipse
811 810 0.0 0.0 ellipse
812 811 0.0 0.0 ellipse
813 812 0.0 0.0 ellipse
814 813 0.0 0.0 ellipse
815 814 0.0 0.0 ellipse
816 815 0.0 0.0 ellipse
817 816 0.0 0.0 ellipse
818 817 0.0 0.0 ellipse
819 818 0.0 0.0 ellipse
820 819 0.0 0.0 ellipse
821 820 0.0 0.0 ellipse
822 821 0.0 0.0 ellipse
823 822 0.0 0.0 ellipse
824 823 0.0 0.0 ellipse
825 824 0.0 0.0 ellipse
826 825 0.0 0.0 ellipse
827 826 0.0 0.0 ellipse
828 827 0.0 0.0 ellipse
829 828 0.0 0.0 ellipse
830 829 0.0 0.0 ellipse
831 830 0.0 0.0 ellipse
832 831 0.0 0.0 ellipse
833 832 0.0 0.0 ellipse
834 833 0.0 0.0 ellipse
835 834 0.0 0.0 ellipse
836 835 0.0 0.0 ellipse
837 836 0.0 0.0 ellipse
838 837 0.0 0.0 ellipse
839 838 0.0 0.0 ellipse
840 839 0.0 0.0 ellipse
841 840 0.0 0.0 ellipse
842 841 0.0 0.0 ellipse
843 842 0.0 0.0 ellipse
844 843 0.0 0.0 ellipse
845 844 0.0 0.0 ellipse
846 845 0.0 0.0 ellipse
847 846 0.0 0.0 ellipse
848 847 0.0 0.0 ellipse
849 848 0.0 0.0 ellipse
850 849 0.0 0.0 ellipse
851 850 0.0 0.0 ellipse
852 851 0.0 0.0 ellipse
853 852 0.0 0.0 ellipse
854 853 0.0 0.0 ellipse
855 854 0.0 0.0 ellipse
856 855 0.0 0.0 ellipse
857 856 0.0 0.0 ellipse
858 857 0.0 0.0 ellipse
859 858 0.0 0.0 ellipse
860 859 0.0 0.0 ellipse
861 860 0.0 0.0 ellipse
862 861 0.0 0.0 ellipse
863 862 0.0 0.0 ellipse
864 863 0.0 0.0 ellipse
865 864 0.0 0.0 ellipse
866 865 0.0 0.0 ellipse
867 866 0.0 0.0 ellipse
868 867 0.0 0.0 ellipse
869 868 0.0 0.0 ellipse
870 869 0.0 0.0 ellipse
871 870 0.0 0.0 ellipse
872 871 0.0 0.0 ellipse
873 872 0.0 0.0 ellipse
874 873 0.0 0.0 ellipse
875 874 0.0 0.0 ellipse
876 875 0.0 0.0 ellipse
877 876 0.0 0.0 ellipse
878 877 0.0 0.0 ellipse
879 878 0.0 0.0 ellipse
880 879 0.0 0.0 ellipse
881 880 0.0 0.0 ellipse
882 881 0.0 0.0 ellipse
883 882 0.0 0.0 ellipse
884 883 0.0 0.0 ellipse
885 884 0.0 0.0 ellipse
886 885 0.0 0.0 ellipse
887 886 0.0 0.0 ellipse
888 887 0.0 0.0 ellipse
889 888 0.0 0.0 ellipse
890 889 0.0 0.0 ellipse
891 890 0.0 0.0 ellipse
892 891 0.0 0.0 ellipse
893 892 0.0 0.0 ellipse
894 893 0.0 0.0 ellipse
895 894 0.0 0.0 ellipse
896 895 0.0 0.0 ellipse
897 896 0.0 0.0 ellipse
898 897 0.0 0.0 ellipse
899 898 0.0 0.0 ellipse
900 899 0.0 0.0 ellipse
901 900 0.0 0.0 ellipse
902 901 0.0 0.0 ellipse
903 902 0.0 0.0 ellipse
904 903 0.0 0.0 ellipse
905 904 0.0 0.0 ellipse
906 905 0.0 0.0 ellipse
907 906 0.0 0.0 ellipse
908 907 0.0 0.0 ellipse
909 908 0.0 0.0 ellipse
910 909 0.0 0.0 ellipse
911 910 0.0 0.0 ellipse
912 911 0.0 0.0 ellipse
913 912 0.0 0.0 ellipse
914 913 0.0 0.0 ellipse
915 914 0.0 0.0 ellipse
916 915 0.0 0.0 ellipse
917 916 0.0 0.0 ellipse
918 917 0.0 0.0 ellipse
919 918 0.0 0.0 ellipse
920 919 0.0 0.0 ellipse
921 920 0.0 0.0 ellipse
922 921 0.0 0.0 ellipse
923 922 0.0 0.0 ellipse
924 923 0.0 0.0 ellipse
925 924 0.0 0.0 ellipse
926 925 0.0 0.0 ellipse
927 926 0.0 0.0 ellipse
928 927 0.0 0.0 ellipse
929 928 0.0 0.0 ellipse
930 929 0.0 0.0 ellipse
931 930 0.0 0.0 ellipse
932 931 0.0 0.0 ellipse
933 932 0.0 0.0 ellipse
934 933 0.0 0.0 ellipse
935 934 0.0 0.0 ellipse
936 935 0.0 0.0 ellipse
937 936 0.0 0.0 ellipse
938 937 0.0 0.0 ellipse
939 938 0.0 0.0 ellipse
940 939 0.0 0.0 ellipse
941 940 0.0 0.0 ellipse
942 941 0.0 0.0 ellipse
943 942 0.0 0.0 ellipse
944 943 0.0 0.0 ellipse
945 944 0.0 0.0 ellipse
946 945 0.0 0.0 ellipse
947 946 0.0 0.0 ellipse
948 947 0.0 0.0 ellipse
949 948 0.0 0.0 ellipse
950 949 0.0 0.0 ellipse
951 950 0.0 0.0 ellipse
952 951 0.0 0.0 ellipse
953 952 0.0 0.0 ellipse
954 953 0.0 0.0 ellipse
955 954 0.0 0.0 ellipse
956 955 0.0 0.0 ellipse
957 956 0.0 0.0 ellipse
958 957 0.0 0.0 ellipse
959 958 0.0 0.0 ellipse
960 959 0.0 0.0 ellipse
961 960 0.0 0.0 ellipse
962 961 0.0 0.0 ellipse
963 962 0.0 0.0 ellipse
964 963 0.0 0.0 ellipse
965 964 0.0 0.0 ellipse
966 965 0.0 0.0 ellipse
967 966 0.0 0.0 ellipse
968 967 0.0 0.0 ellipse
969 968 0.0 0.0 ellipse
970 969 0.0 0.0 ellipse
971 970 0.0 0.0 ellipse
972 971 0.0 0.0 ellipse
973 972 0.0 0.0 ellipse
974 973 0.0 0.0 ellipse
975 974 0.0 0.0 ellipse
976 975 0.0 0.0 ellipse
977 976 0.0 0.0 ellipse
978 977 0.0 0.0 ellipse
979 978 0.0 0.0 ellipse
980 979 0.0 0.0 ellipse
981 980 0.0 0.0 ellipse
982 981 0.0 0.0 ellipse
983 982 0.0 0.0 ellipse
984 983 0.0 0.0 ellipse
985 984 0.0 0.0 ellipse
986 985 0.0 0.0 ellipse
987 986 0.0 0.0 ellipse
988 987 0.0 0.0 ellipse
989 988 0.0 0.0 ellipse
990 989 0.0 0.0 ellipse
991 990 0.0 0.0 ellipse
992 991 0.0 0.0 ellipse
993 992 0.0 0.0 ellipse
994 993 0.0 0.0 ellipse
995 994 0.0 0.0 ellipse
996 995 0.0 0.0 ellipse
997 996 0.0 0.0 ellipse
998 997 0.0 0.0 ellipse
999 998 0.0 0.0 ellipse
1000 999 0.0 0.0 ellipse
*edges
1 494 1.0
2 298 1.0
2 533 1.0
2 936 1.0
3 749 1.0
3 254 1.0
3 672 1.0
4 562 1.0
5 85 1.0
5 741 1.0
6 995 1.0
7 582 1.0
8 921 1.0
8 712 1.0
9 562 1.0
10 161 1.0
10 417 1.0
10 661 1.0
10 614 1.0
10 65 1.0
10 458 1.0
10 63 1.0
11 540 1.0
12 58 1.0
12 936 1.0
13 417 1.0
14 164 1.0
15 626 1.0
16 113 1.0
16 338 1.0
16 81 1.0
16 93 1.0
16 958 1.0
16 367 1.0
16 848 1.0
17 642 1.0
17 123 1.0
17 580 1.0
17 803 1.0
17 894 1.0
18 288 1.0
19 601 1.0
20 217 1.0
21 241 1.0
21 538 1.0
21 819 1.0
21 540 1.0
22 874 1.0
23 849 1.0
23 110 1.0
24 784 1.0
24 936 1.0
25 361 1.0
26 611 1.0
27 921 1.0
27 32 1.0
28 633 1.0
29 713 1.0
29 341 1.0
30 540 1.0
31 359 1.0
32 289 1.0
32 452 1.0
32 803 1.0
32 295 1.0
33 716 1.0
33 166 1.0
33 638 1.0
34 202 1.0
35 563 1.0
35 540 1.0
35 223 1.0
35 508 1.0
36 219 1.0
36 270 1.0
36 566 1.0
37 930 1.0
37 591 1.0
38 318 1.0
38 776 1.0
39 372 1.0
39 389 1.0
40 711 1.0
41 359 1.0
42 173 1.0
43 986 1.0
43 525 1.0
43 543 1.0
44 306 1.0
44 267 1.0
45 66 1.0
46 912 1.0
47 115 1.0
47 979 1.0
47 839 1.0
48 979 1.0
48 275 1.0
48 582 1.0
49 601 1.0
49 247 1.0
50 520 1.0
51 213 1.0
52 748 1.0
53 298 1.0
54 164 1.0
54 582 1.0
55 601 1.0
55 96 1.0
55 93 1.0
55 952 1.0
56 773 1.0
57 909 1.0
58 995 1.0
59 75 1.0
59 68 1.0
60 540 1.0
61 576 1.0
62 520 1.0
64 831 1.0
64 832 1.0
65 291 1.0
67 896 1.0
69 569 1.0
70 787 1.0
70 151 1.0
71 145 1.0
71 921 1.0
71 204 1.0
71 601 1.0
71 540 1.0
71 990 1.0
71 270 1.0
72 580 1.0
72 520 1.0
73 540 1.0
73 1000 1.0
74 463 1.0
75 773 1.0
75 582 1.0
75 208 1.0
75 969 1.0
75 77 1.0
75 846 1.0
75 399 1.0
75 718 1.0
75 81 1.0
75 214 1.0
75 665 1.0
75 347 1.0
75 540 1.0
75 290 1.0
75 548 1.0
75 113 1.0
75 178 1.0
75 436 1.0
75 311 1.0
75 625 1.0
75 124 1.0
75 317 1.0
75 704 1.0
76 903 1.0
76 792 1.0
78 349 1.0
79 403 1.0
80 732 1.0
82 372 1.0
82 581 1.0
83 714 1.0
84 373 1.0
85 244 1.0
86 953 1.0
86 602 1.0
86 488 1.0
87 151 1.0
88 105 1.0
88 175 1.0
89 881 1.0
89 946 1.0
90 275 1.0
90 292 1.0
91 641 1.0
92 418 1.0
92 364 1.0
92 832 1.0
93 164 1.0
93 520 1.0
93 169 1.0
93 106 1.0
93 496 1.0
93 132 1.0
93 890 1.0
93 540 1.0
93 317 1.0
93 734 1.0
94 116 1.0
94 519 1.0
95 545 1.0
96 234 1.0
96 118 1.0
96 258 1.0
97 931 1.0
97 944 1.0
98 609 1.0
99 499 1.0
100 164 1.0
101 803 1.0
102 343 1.0
103 540 1.0
103 276 1.0
103 701 1.0
103 942 1.0
104 464 1.0
104 752 1.0
105 944 1.0
107 520 1.0
108 665 1.0
108 842 1.0
108 619 1.0
109 553 1.0
110 266 1.0
110 563 1.0
110 451 1.0
110 976 1.0
111 659 1.0
111 367 1.0
112 773 1.0
113 190 1.0
113 803 1.0
113 471 1.0
113 983 1.0
113 970 1.0
113 125 1.0
113 987 1.0
114 365 1.0
115 898 1.0
115 139 1.0
116 674 1.0
117 562 1.0
118 266 1.0
118 584 1.0
118 924 1.0
119 540 1.0
119 839 1.0
120 457 1.0
120 232 1.0
121 569 1.0
122 802 1.0
125 361 1.0
126 659 1.0
127 921 1.0
127 162 1.0
127 463 1.0
127 680 1.0
128 379 1.0
129 507 1.0
129 270 1.0
129 327 1.0
130 522 1.0
130 614 1.0
130 376 1.0
131 203 1.0
133 540 1.0
134 641 1.0
134 506 1.0
135 194 1.0
136 247 1.0
137 974 1.0
138 215 1.0
139 322 1.0
139 837 1.0
139 151 1.0
139 872 1.0
139 489 1.0
139 819 1.0
139 773 1.0
139 921 1.0
139 863 1.0
139 247 1.0
139 537 1.0
139 634 1.0
139 703 1.0
139 406 1.0
140 803 1.0
140 277 1.0
141 865 1.0
141 859 1.0
141 839 1.0
142 364 1.0
143 490 1.0
143 540 1.0
143 164 1.0
143 591 1.0
144 484 1.0
144 709 1.0
145 913 1.0
145 723 1.0
145 444 1.0
145 523 1.0
146 847 1.0
147 819 1.0
147 277 1.0
148 417 1.0
148 731 1.0
149 540 1.0
150 487 1.0
151 211 1.0
151 645 1.0
151 281 1.0
151 325 1.0
151 398 1.0
151 352 1.0
152 803 1.0
153 610 1.0
153 899 1.0
154 619 1.0
155 897 1.0
156 168 1.0
157 390 1.0
157 807 1.0
158 773 1.0
158 518 1.0
159 599 1.0
160 918 1.0
162 888 1.0
163 686 1.0
164 898 1.0
164 580 1.0
164 325 1.0
164 967 1.0
164 206 1.0
164 977 1.0
164 472 1.0
164 549 1.0
164 667 1.0
164 731 1.0
164 930 1.0
164 547 1.0
164 677 1.0
164 614 1.0
164 689 1.0
164 593 1.0
164 960 1.0
165 264 1.0
166 540 1.0
167 269 1.0
167 773 1.0
167 824 1.0
168 243 1.0
168 297 1.0
168 844 1.0
168 686 1.0
168 895 1.0
168 996 1.0
169 921 1.0
170 505 1.0
170 406 1.0
171 942 1.0
172 416 1.0
174 516 1.0
175 729 1.0
176 673 1.0
176 595 1.0
177 784 1.0
177 643 1.0
177 892 1.0
177 691 1.0
177 480 1.0
179 796 1.0
179 357 1.0
180 387 1.0
181 244 1.0
182 247 1.0
183 400 1.0
184 674 1.0
185 838 1.0
186 540 1.0
186 252 1.0
187 552 1.0
188 224 1.0
189 427 1.0
189 757 1.0
190 906 1.0
190 507 1.0
190 268 1.0
190 512 1.0
191 547 1.0
192 779 1.0
192 372 1.0
193 297 1.0
194 786 1.0
194 916 1.0
194 582 1.0
194 841 1.0
194 698 1.0
194 428 1.0
194 797 1.0
194 438 1.0
195 300 1.0
196 795 1.0
197 936 1.0
198 261 1.0
198 655 1.0
198 984 1.0
199 737 1.0
200 445 1.0
201 665 1.0
201 836 1.0
201 741 1.0
201 376 1.0
203 869 1.0
203 615 1.0
204 631 1.0
205 468 1.0
207 228 1.0
207 471 1.0
209 706 1.0
210 253 1.0
212 639 1.0
214 540 1.0
214 659 1.0
214 847 1.0
216 562 1.0
217 601 1.0
217 891 1.0
218 878 1.0
219 380 1.0
219 606 1.0
220 629 1.0
221 866 1.0
221 876 1.0
222 995 1.0
222 540 1.0
222 239 1.0
223 693 1.0
224 260 1.0
224 287 1.0
225 576 1.0
226 540 1.0
227 842 1.0
228 323 1.0
228 936 1.0
229 286 1.0
230 788 1.0
231 540 1.0
232 546 1.0
232 580 1.0
232 677 1.0
232 854 1.0
233 936 1.0
235 743 1.0
236 665 1.0
237 921 1.0
237 626 1.0
238 297 1.0
238 932 1.0
240 699 1.0
240 411 1.0
242 923 1.0
242 869 1.0
243 936 1.0
244 839 1.0
245 495 1.0
246 828 1.0
247 546 1.0
247 324 1.0
247 646 1.0
247 970 1.0
247 492 1.0
247 781 1.0
247 812 1.0
247 786 1.0
247 437 1.0
247 626 1.0
247 985 1.0
247 378 1.0
248 753 1.0
249 692 1.0
250 803 1.0
250 723 1.0
250 984 1.0
251 540 1.0
253 902 1.0
254 274 1.0
255 636 1.0
255 540 1.0
256 411 1.0
257 948 1.0
257 519 1.0
259 488 1.0
262 921 1.0
262 748 1.0
262 428 1.0
262 568 1.0
263 828 1.0
263 364 1.0
264 653 1.0
265 961 1.0
265 429 1.0
265 773 1.0
265 607 1.0
266 625 1.0
266 288 1.0
267 579 1.0
268 936 1.0
269 748 1.0
270 964 1.0
270 392 1.0
270 399 1.0
271 803 1.0
272 479 1.0
272 951 1.0
273 339 1.0
276 786 1.0
278 356 1.0
279 769 1.0
279 874 1.0
280 675 1.0
281 697 1.0
281 688 1.0
282 680 1.0
283 570 1.0
283 730 1.0
284 637 1.0
284 936 1.0
285 509 1.0
289 324 1.0
291 955 1.0
292 376 1.0
292 540 1.0
292 501 1.0
292 792 1.0
293 489 1.0
294 367 1.0
295 817 1.0
295 423 1.0
296 489 1.0
297 356 1.0
297 346 1.0
297 815 1.0
299 810 1.0
300 613 1.0
301 653 1.0
302 882 1.0
302 507 1.0
302 942 1.0
302 600 1.0
303 674 1.0
304 606 1.0
304 775 1.0
305 540 1.0
307 408 1.0
308 421 1.0
308 373 1.0
308 430 1.0
308 586 1.0
309 948 1.0
310 801 1.0
310 912 1.0
312 540 1.0
312 904 1.0
313 933 1.0
314 871 1.0
315 565 1.0
316 616 1.0
317 942 1.0
318 685 1.0
319 825 1.0
319 773 1.0
320 601 1.0
320 803 1.0
321 751 1.0
322 773 1.0
325 713 1.0
326 665 1.0
328 499 1.0
329 838 1.0
330 866 1.0
331 665 1.0
332 674 1.0
332 936 1.0
333 430 1.0
334 853 1.0
334 384 1.0
335 675 1.0
336 828 1.0
337 851 1.0
338 356 1.0
340 381 1.0
342 806 1.0
344 819 1.0
345 773 1.0
346 995 1.0
347 597 1.0
347 622 1.0
348 990 1.0
348 671 1.0
349 936 1.0
350 803 1.0
350 847 1.0
351 447 1.0
351 455 1.0
353 645 1.0
353 904 1.0
354 588 1.0
355 594 1.0
355 374 1.0
356 981 1.0
356 594 1.0
356 477 1.0
356 575 1.0
356 528 1.0
358 712 1.0
359 706 1.0
359 449 1.0
359 680 1.0
360 899 1.0
360 944 1.0
362 815 1.0
363 698 1.0
364 417 1.0
364 501 1.0
364 471 1.0
365 728 1.0
365 374 1.0
365 991 1.0
365 936 1.0
366 763 1.0
367 767 1.0
367 628 1.0
368 394 1.0
369 628 1.0
370 561 1.0
370 562 1.0
370 875 1.0
370 536 1.0
371 507 1.0
371 911 1.0
372 675 1.0
372 725 1.0
372 626 1.0
372 601 1.0
372 698 1.0
372 571 1.0
372 540 1.0
372 527 1.0
373 452 1.0
374 936 1.0
374 454 1.0
374 486 1.0
375 505 1.0
376 492 1.0
377 519 1.0
378 601 1.0
382 651 1.0
383 462 1.0
385 870 1.0
386 686 1.0
387 680 1.0
388 579 1.0
388 839 1.0
389 773 1.0
391 503 1.0
393 498 1.0
394 540 1.0
395 414 1.0
396 496 1.0
397 775 1.0
398 746 1.0
401 501 1.0
402 943 1.0
404 941 1.0
405 425 1.0
405 970 1.0
405 540 1.0
407 681 1.0
407 835 1.0
407 614 1.0
408 803 1.0
408 680 1.0
409 591 1.0
410 706 1.0
412 491 1.0
413 625 1.0
413 980 1.0
415 439 1.0
417 690 1.0
417 723 1.0
417 790 1.0
417 603 1.0
417 779 1.0
417 991 1.0
417 942 1.0
419 597 1.0
420 755 1.0
421 762 1.0
422 596 1.0
423 518 1.0
423 679 1.0
424 555 1.0
425 645 1.0
426 428 1.0
427 577 1.0
427 475 1.0
428 803 1.0
428 618 1.0
428 523 1.0
428 659 1.0
428 896 1.0
430 505 1.0
430 995 1.0
430 678 1.0
430 487 1.0
430 649 1.0
430 957 1.0
431 841 1.0
432 479 1.0
433 848 1.0
433 808 1.0
434 919 1.0
435 853 1.0
437 813 1.0
438 879 1.0
440 540 1.0
441 645 1.0
441 798 1.0
442 775 1.0
443 619 1.0
444 901 1.0
445 461 1.0
446 973 1.0
447 628 1.0
448 499 1.0
448 869 1.0
448 767 1.0
449 520 1.0
450 869 1.0
452 738 1.0
452 780 1.0
453 958 1.0
456 501 1.0
458 977 1.0
458 511 1.0
459 515 1.0
460 696 1.0
465 907 1.0
465 476 1.0
466 590 1.0
467 894 1.0
468 683 1.0
468 852 1.0
469 936 1.0
470 803 1.0
470 621 1.0
471 645 1.0
472 738 1.0
473 839 1.0
473 936 1.0
474 543 1.0
475 965 1.0
476 748 1.0
477 665 1.0
477 614 1.0
478 779 1.0
480 684 1.0
481 505 1.0
482 748 1.0
482 527 1.0
483 706 1.0
483 783 1.0
485 513 1.0
485 557 1.0
487 540 1.0
488 818 1.0
489 948 1.0
489 710 1.0
489 505 1.0
489 749 1.0
489 494 1.0
490 614 1.0
490 896 1.0
493 989 1.0
495 739 1.0
497 759 1.0
497 520 1.0
499 770 1.0
500 540 1.0
501 978 1.0
501 764 1.0
501 551 1.0
501 890 1.0
502 889 1.0
504 936 1.0
505 513 1.0
505 934 1.0
505 906 1.0
505 632 1.0
505 816 1.0
505 881 1.0
505 601 1.0
505 574 1.0
506 542 1.0
507 929 1.0
507 868 1.0
507 579 1.0
507 598 1.0
507 675 1.0
507 941 1.0
508 619 1.0
510 668 1.0
512 665 1.0
512 702 1.0
514 744 1.0
517 756 1.0
518 775 1.0
519 886 1.0
519 839 1.0
519 604 1.0
520 786 1.0
520 589 1.0
520 606 1.0
520 788 1.0
520 922 1.0
521 650 1.0
524 585 1.0
526 936 1.0
529 540 1.0
529 916 1.0
529 700 1.0
530 794 1.0
531 834 1.0
531 936 1.0
532 900 1.0
532 614 1.0
533 976 1.0
533 926 1.0
533 911 1.0
533 754 1.0
534 828 1.0
535 580 1.0
536 540 1.0
537 899 1.0
539 997 1.0
539 936 1.0
540 992 1.0
540 902 1.0
540 780 1.0
540 909 1.0
540 707 1.0
540 686 1.0
540 918 1.0
540 669 1.0
540 928 1.0
540 931 1.0
540 677 1.0
540 967 1.0
540 679 1.0
540 936 1.0
540 554 1.0
540 942 1.0
540 947 1.0
540 950 1.0
540 830 1.0
540 706 1.0
540 963 1.0
540 968 1.0
540 583 1.0
540 803 1.0
540 975 1.0
540 846 1.0
540 593 1.0
540 579 1.0
540 601 1.0
540 741 1.0
540 744 1.0
540 745 1.0
540 618 1.0
540 750 1.0
540 614 1.0
540 935 1.0
540 806 1.0
540 854 1.0
541 905 1.0
542 860 1.0
544 761 1.0
545 899 1.0
545 608 1.0
550 975 1.0
551 851 1.0
556 773 1.0
558 782 1.0
559 834 1.0
560 803 1.0
560 838 1.0
561 899 1.0
561 883 1.0
562 861 1.0
563 998 1.0
564 900 1.0
567 880 1.0
568 689 1.0
568 803 1.0
568 819 1.0
570 929 1.0
572 755 1.0
573 620 1.0
573 728 1.0
575 655 1.0
577 650 1.0
577 773 1.0
578 936 1.0
582 654 1.0
582 694 1.0
582 731 1.0
582 877 1.0
582 827 1.0
582 943 1.0
583 645 1.0
584 749 1.0
586 680 1.0
587 657 1.0
590 833 1.0
591 855 1.0
592 995 1.0
592 839 1.0
596 626 1.0
596 675 1.0
601 931 1.0
601 970 1.0
601 799 1.0
601 760 1.0
601 735 1.0
602 936 1.0
603 803 1.0
603 678 1.0
604 822 1.0
605 665 1.0
605 767 1.0
605 936 1.0
607 680 1.0
612 910 1.0
612 663 1.0
614 808 1.0
614 683 1.0
614 622 1.0
614 816 1.0
614 754 1.0
615 918 1.0
615 839 1.0
615 936 1.0
615 939 1.0
615 896 1.0
616 803 1.0
617 805 1.0
618 970 1.0
619 708 1.0
619 761 1.0
620 656 1.0
623 936 1.0
624 945 1.0
624 829 1.0
626 803 1.0
626 982 1.0
627 665 1.0
628 898 1.0
628 911 1.0
630 665 1.0
635 829 1.0
636 897 1.0
636 779 1.0
636 988 1.0
636 831 1.0
640 855 1.0
642 659 1.0
644 722 1.0
645 979 1.0
645 959 1.0
645 998 1.0
646 706 1.0
646 916 1.0
646 886 1.0
646 920 1.0
647 767 1.0
648 669 1.0
652 953 1.0
652 789 1.0
654 801 1.0
658 711 1.0
659 821 1.0
659 840 1.0
659 843 1.0
660 751 1.0
661 768 1.0
662 834 1.0
664 847 1.0
665 937 1.0
665 887 1.0
665 823 1.0
665 714 1.0
665 884 1.0
666 676 1.0
667 763 1.0
667 727 1.0
668 893 1.0
670 766 1.0
673 942 1.0
674 899 1.0
676 805 1.0
677 716 1.0
679 798 1.0
680 773 1.0
680 839 1.0
682 995 1.0
683 995 1.0
683 773 1.0
683 936 1.0
687 921 1.0
695 896 1.0
705 717 1.0
705 1000 1.0
707 736 1.0
713 931 1.0
714 939 1.0
715 955 1.0
717 807 1.0
719 918 1.0
720 921 1.0
720 914 1.0
721 807 1.0
723 955 1.0
724 973 1.0
724 949 1.0
725 936 1.0
726 773 1.0
726 957 1.0
727 875 1.0
728 841 1.0
730 942 1.0
730 991 1.0
731 917 1.0
733 959 1.0
740 772 1.0
742 994 1.0
745 936 1.0
746 773 1.0
747 942 1.0
749 873 1.0
749 786 1.0
750 897 1.0
757 758 1.0
765 921 1.0
771 852 1.0
773 803 1.0
773 841 1.0
773 936 1.0
773 954 1.0
774 938 1.0
775 809 1.0
775 899 1.0
775 936 1.0
775 777 1.0
775 978 1.0
778 965 1.0
783 859 1.0
785 851 1.0
786 870 1.0
791 908 1.0
792 921 1.0
793 865 1.0
800 969 1.0
801 936 1.0
802 921 1.0
802 943 1.0
803 970 1.0
803 936 1.0
803 928 1.0
804 995 1.0
806 925 1.0
808 925 1.0
811 857 1.0
814 869 1.0
819 966 1.0
819 976 1.0
820 970 1.0
823 838 1.0
826 972 1.0
828 913 1.0
832 892 1.0
834 889 1.0
838 993 1.0
838 899 1.0
838 839 1.0
838 902 1.0
839 917 1.0
839 856 1.0
840 858 1.0
840 989 1.0
845 885 1.0
847 911 1.0
850 949 1.0
851 995 1.0
854 916 1.0
857 936 1.0
862 971 1.0
864 955 1.0
867 921 1.0
874 933 1.0
877 951 1.0
886 921 1.0
887 940 1.0
888 936 1.0
891 927 1.0
898 999 1.0
899 904 1.0
899 937 1.0
899 915 1.0
899 1000 1.0
910 983 1.0
919 961 1.0
921 995 1.0
936 997 1.0
936 979 1.0
937 956 1.0
939 962 1.0
941 995 1.0
980 995 1.0
